0.53568 41 -0.62
0.535486 41 -0.43
0.535293 41 -0.23
0.5351 41 0.04
0.534906 41 0.1
0.534713 41 0.37
0.534713 40 0.4
0.534519 40 0.42
0.534326 40 0.43
0.534133 40 0.52
0.533939 40 0.54
0.533746 40 0.55
0.533746 39 0.58
0.533359 39 0.64
0.532972 39 0.72
0.532779 39 0.74
0.532586 39 0.8
0.532392 39 0.81
0.532199 39 0.84
0.532005 39 0.85
0.531812 39 0.86
0.531619 39 0.87
0.531425 39 0.88
0.531232 39 0.9
0.531038 39 0.91
0.530845 39 0.93
0.530458 39 0.94
0.530072 39 0.95
0.530072 38 0.96
0.529491 38 0.97
0.529298 37 0.98
0.529298 36 0.99
0.529105 36 1
0.529105 35 1.01
0.528911 35 1.02
0.528331 34 1.03
0.527751 34 1.06
0.527558 34 1.08
0.527364 34 1.11
0.526977 34 1.13
0.526784 34 1.14
0.526204 34 1.15
0.52601 34 1.16
0.525817 34 1.17
0.52543 34 1.19
0.525044 34 1.2
0.52485 34 1.21
0.524077 34 1.22
0.523496 34 1.23
0.52311 34 1.24
0.522723 34 1.25
0.522529 34 1.26
0.522336 34 1.27
0.522143 34 1.28
0.521949 34 1.29
0.521756 34 1.3
0.521563 34 1.31
0.521176 34 1.33
0.520209 34 1.34
0.520015 34 1.35
0.519629 34 1.36
0.519435 34 1.38
0.519242 34 1.39
0.518662 33 1.4
0.518468 32 1.41
0.518082 31 1.42
0.517695 31 1.43
0.516535 30 1.44
0.516148 30 1.45
0.515568 30 1.46
0.515374 30 1.47
0.514987 30 1.48
0.514794 30 1.49
0.514601 30 1.51
0.514214 30 1.52
0.51402 30 1.54
0.513827 30 1.55
0.513634 30 1.57
0.51286 30 1.58
0.511893 30 1.59
0.511506 29 1.6
0.51112 29 1.61
0.510733 29 1.62
0.510346 28 1.64
0.509766 28 1.65
0.508799 28 1.66
0.508412 28 1.67
0.508026 28 1.68
0.507832 28 1.69
0.507252 28 1.7
0.506865 26 1.71
0.506478 26 1.72
0.506285 26 1.74
0.505705 26 1.75
0.505318 26 1.76
0.504738 26 1.77
0.504351 26 1.78
0.503771 25 1.8
0.503384 24 1.81
0.502611 24 1.82
0.502611 23 1.83
0.501257 23 1.84
0.50087 23 1.85
0.500483 23 1.86
0.499903 22 1.87
0.49913 22 1.88
0.498936 22 1.89
0.498743 22 1.9
0.497969 22 1.91
0.497583 22 1.92
0.496616 21 1.93
0.495842 21 1.94
0.495262 21 1.95
0.494682 21 1.96
0.493908 21 1.97
0.493715 21 1.98
0.493135 21 1.99
0.492361 21 2
0.491974 21 2.01
0.491008 20 2.02
0.490427 20 2.03
0.490041 20 2.04
0.489654 20 2.05
0.489074 20 2.06
0.488687 20 2.07
0.487527 20 2.08
0.486753 20 2.09
0.486366 20 2.1
0.486173 20 2.11
0.484819 20 2.12
0.484626 20 2.13
0.483659 20 2.14
0.483272 20 2.15
0.482499 20 2.16
0.481532 20 2.17
0.481145 20 2.18
0.480758 20 2.19
0.479598 20 2.2
0.478631 20 2.21
0.478244 20 2.22
0.477277 20 2.23
0.476697 19 2.24
0.476504 19 2.25
0.475923 19 2.26
0.47457 19 2.27
0.474376 19 2.28
0.47399 19 2.29
0.473603 18 2.3
0.473023 18 2.31
0.471862 18 2.32
0.471282 18 2.33
0.470509 16 2.34
0.470122 16 2.35
0.469542 16 2.36
0.467995 16 2.37
0.467221 16 2.38
0.466641 15 2.39
0.4649 15 2.4
0.464707 15 2.41
0.463547 15 2.42
0.463353 15 2.43
0.462193 15 2.44
0.460066 15 2.45
0.458325 15 2.46
0.457552 15 2.47
0.456005 15 2.48
0.454651 15 2.49
0.453104 15 2.5
0.45233 15 2.51
0.451363 15 2.52
0.450396 15 2.53
0.448849 14 2.54
0.447882 14 2.55
0.447302 14 2.56
0.446335 14 2.57
0.445368 14 2.58
0.444788 14 2.59
0.442661 14 2.6
0.441694 14 2.61
0.440727 14 2.62
0.43976 14 2.63
0.4386 14 2.64
0.43802 14 2.65
0.436859 14 2.66
0.436086 14 2.67
0.434732 14 2.68
0.434152 14 2.69
0.432798 14 2.7
0.431831 13 2.71
0.430284 13 2.72
0.428931 13 2.73
0.42777 12 2.74
0.42661 12 2.75
0.425836 12 2.76
0.423516 12 2.77
0.422742 12 2.78
0.421775 12 2.79
0.420808 12 2.8
0.419841 12 2.81
0.417908 12 2.82
0.416941 12 2.83
0.41578 12 2.84
0.414427 12 2.85
0.41346 12 2.86
0.411719 12 2.87
0.410559 12 2.88
0.409399 11 2.89
0.407851 11 2.9
0.406885 11 2.91
0.406498 11 2.92
0.404951 10 2.93
0.403017 10 2.94
0.40089 10 2.95
0.399729 10 2.96
0.398569 10 2.97
0.397989 10 2.98
0.397215 10 2.99
0.396248 10 3
0.394701 10 3.01
0.392961 10 3.02
0.391994 10 3.03
0.39064 9 3.04
0.387933 8 3.05
0.386192 8 3.06
0.385225 8 3.07
0.384839 8 3.08
0.383678 8 3.09
0.381551 7 3.1
0.380391 7 3.11
0.378844 7 3.12
0.377296 7 3.13
0.375363 7 3.14
0.374396 7 3.15
0.372268 7 3.16
0.370528 7 3.17
0.369368 7 3.18
0.367821 7 3.19
0.365887 7 3.2
0.36434 7 3.21
0.363373 7 3.22
0.360859 7 3.23
0.359698 7 3.24
0.357958 7 3.25
0.356217 7 3.26
0.353897 6 3.27
0.352156 6 3.28
0.350996 6 3.29
0.350609 6 3.3
0.349255 6 3.31
0.348482 6 3.32
0.347515 6 3.33
0.346355 6 3.34
0.345001 6 3.35
0.342874 5 3.36
0.341713 5 3.37
0.339586 5 3.38
0.338619 5 3.39
0.336879 5 3.4
0.335718 5 3.41
0.334558 5 3.42
0.332431 5 3.43
0.331464 5 3.44
0.33011 5 3.45
0.328757 5 3.46
0.327596 5 3.47
0.327016 5 3.48
0.326049 5 3.49
0.324502 5 3.5
0.323148 5 3.51
0.321601 5 3.52
0.319861 5 3.53
0.3187 5 3.54
0.317153 5 3.55
0.314639 5 3.56
0.312899 5 3.57
0.312319 4 3.58
0.309418 4 3.59
0.307484 4 3.6
0.30555 4 3.61
0.30497 4 3.62
0.304196 4 3.63
0.302843 4 3.64
0.301876 4 3.65
0.300329 4 3.66
0.298782 4 3.67
0.297621 4 3.68
0.296074 4 3.69
0.294334 4 3.7
0.292787 4 3.71
0.29182 4 3.72
0.289693 4 3.73
0.288339 4 3.74
0.287372 4 3.75
0.285438 4 3.76
0.283698 4 3.77
0.28215 4 3.78
0.28041 4 3.79
0.278476 4 3.8
0.277122 4 3.81
0.275189 4 3.82
0.274028 4 3.83
0.272675 4 3.84
0.270161 4 3.85
0.269 4 3.86
0.26726 4 3.87
0.265713 4 3.88
0.264166 3 3.89
0.261845 3 3.9
0.260685 2 3.91
0.258944 2 3.92
0.25759 2 3.93
0.25643 2 3.94
0.254303 2 3.95
0.252176 2 3.96
0.249468 2 3.97
0.247728 2 3.98
0.2456 2 3.99
0.24328 2 4
0.24212 2 4.01
0.240379 2 4.02
0.237672 2 4.03
0.236511 2 4.04
0.234964 2 4.05
0.23303 2 4.06
0.23013 2 4.07
0.227422 2 4.08
0.225488 2 4.09
0.223748 2 4.1
0.222588 2 4.11
0.220654 2 4.12
0.219107 2 4.13
0.217366 2 4.14
0.215626 2 4.15
0.214079 2 4.16
0.212145 2 4.17
0.210791 2 4.18
0.209437 2 4.19
0.20789 1 4.2
0.206536 1 4.21
0.205376 1 4.22
0.203829 1 4.23
0.201895 1 4.24
0.198994 1 4.25
0.197061 1 4.26
0.1959 1 4.27
0.194933 1 4.28
0.193773 1 4.29
0.192999 1 4.3
0.191839 1 4.31
0.189905 1 4.32
0.188552 1 4.33
0.186424 1 4.34
0.184297 1 4.35
0.183717 1 4.36
0.18333 1 4.37
0.18159 1 4.38
0.178689 1 4.39
0.177142 1 4.4
0.175208 1 4.41
0.174048 1 4.42
0.172307 0 4.43
0.171147 0 4.44
0.168633 0 4.45
0.166892 0 4.46
0.164958 0 4.47
0.163605 0 4.48
0.162251 0 4.49
0.160897 0 4.5
0.160317 0 4.51
0.15761 0 4.52
0.156836 0 4.53
0.154902 0 4.54
0.152582 0 4.55
0.151615 0 4.56
0.149874 0 4.57
0.148521 0 4.58
0.14678 0 4.59
0.144846 0 4.6
0.142912 0 4.61
0.142332 0 4.62
0.141172 0 4.63
0.140012 0 4.64
0.138078 0 4.65
0.135757 0 4.66
0.133243 0 4.67
0.132663 0 4.68
0.131309 0 4.69
0.130149 0 4.7
0.128602 0 4.71
0.127248 0 4.72
0.125508 0 4.73
0.12338 0 4.74
0.1228 0 4.75
0.121447 0 4.76
0.120673 0 4.77
0.118933 0 4.78
0.116999 0 4.79
0.115258 0 4.8
0.114291 0 4.81
0.113324 0 4.82
0.111584 0 4.83
0.11023 0 4.84
0.109263 0 4.85
0.107329 0 4.86
0.105976 0 4.87
0.105009 0 4.88
0.103462 0 4.89
0.101334 0 4.9
0.0997873 0 4.91
0.0984336 0 4.92
0.0982402 0 4.93
0.0966931 0 4.94
0.0957262 0 4.95
0.0953394 0 4.96
0.0949526 0 4.97
0.0935989 0 4.98
0.0920518 0 4.99
0.0912783 0 5
0.0906981 0 5.01
0.0893444 0 5.02
0.0883775 0 5.03
0.0879907 0 5.04
0.0872172 0 5.05
0.0864436 0 5.06
0.0845098 0 5.07
0.0835428 0 5.08
0.0825759 0 5.09
0.0818024 0 5.1
0.0798685 0 5.11
0.0787082 0 5.12
0.078128 0 5.13
0.0765809 0 5.14
0.0758074 0 5.15
0.0746471 0 5.16
0.0736801 0 5.17
0.0723264 0 5.18
0.0713595 0 5.19
0.070586 0 5.2
0.0688455 0 5.21
0.0674918 0 5.22
0.0667182 0 5.23
0.0653645 0 5.24
0.0642042 0 5.25
0.0636241 0 5.26
0.0630439 0 5.27
0.062077 0 5.28
0.0607233 0 5.29
0.0595629 0 5.3
0.0584026 0 5.31
0.0562754 0 5.32
0.0555018 0 5.33
0.0547283 0 5.34
0.0543415 0 5.35
0.0541481 0 5.36
0.0527944 0 5.37
0.0520209 0 5.38
0.0514407 0 5.39
0.0506672 0 5.4
0.0495069 0 5.41
0.0493135 0 5.42
0.0481532 0 5.43
0.0471862 0 5.44
0.0469928 0 5.45
0.0446722 0 5.46
0.0444788 0 5.47
0.0440921 0 5.48
0.0427383 0 5.49
0.041578 0 5.5
0.0409979 0 5.51
0.0406111 0 5.52
0.0396442 0 5.53
0.0392574 0 5.54
0.0379037 0 5.55
0.0375169 0 5.56
0.0371301 0 5.57
0.0367434 0 5.58
0.0361632 0 5.59
0.0351963 0 5.61
0.0350029 0 5.62
0.0342294 0 5.63
0.0338426 0 5.64
0.0334558 0 5.65
0.0332624 0 5.66
0.0328757 0 5.67
0.0326823 0 5.68
0.0324889 0 5.69
0.0319087 0 5.7
0.0313286 0 5.71
0.0303616 0 5.72
0.0299749 0 5.73
0.0295881 0 5.75
0.0292013 0 5.76
0.0288145 0 5.77
0.028041 0 5.78
0.0278476 0 5.79
0.0274608 0 5.8
0.0266873 0 5.81
0.0264939 0 5.82
0.0257204 0 5.83
0.025527 0 5.84
0.0247534 0 5.85
0.0239799 0 5.86
0.0233997 0 5.88
0.022046 0 5.89
0.0216593 0 5.9
0.0214659 0 5.91
0.0204989 0 5.92
0.0201122 0 5.93
0.0197254 0 5.94
0.0191452 0 5.95
0.0189518 0 5.96
0.0185651 0 5.98
0.0183717 0 6
0.0181783 0 6.01
0.0179849 0 6.02
0.0175981 0 6.03
0.0174048 0 6.04
0.0172114 0 6.06
0.0164378 0 6.07
0.0156643 0 6.08
0.0154709 0 6.09
0.0148907 0 6.1
0.0143106 0 6.11
0.013537 0 6.12
0.0131503 0 6.13
0.0123767 0 6.14
0.0121833 0 6.15
0.0116032 0 6.16
0.0114098 0 6.17
0.0112164 0 6.18
0.011023 0 6.19
0.0108296 0 6.2
0.0102495 0 6.23
0.00966931 0 6.25
0.00947592 0 6.26
0.00928254 0 6.27
0.00908915 0 6.28
0.00850899 0 6.3
0.00831561 0 6.32
0.00792883 0 6.33
0.00754206 0 6.34
0.00734868 0 6.35
0.00715529 0 6.37
0.00657513 0 6.39
0.00638174 0 6.4
0.00618836 0 6.41
0.00599497 0 6.43
0.00580159 0 6.48
0.0056082 0 6.49
0.00541481 0 6.56
0.00502804 0 6.61
0.00464127 0 6.63
0.00444788 0 6.64
0.0042545 0 6.66
0.00386772 0 6.7
0.00348095 0 6.71
0.00328757 0 6.75
0.00309418 0 6.76
0.00270741 0 6.8
0.00251402 0 6.85
0.00232063 0 6.87
0.00212725 0 6.93
0.00193386 0 6.96
0.00174048 0 7.21
0.00154709 0 7.22
0.0013537 0 7.28
0.00116032 0 7.43
0.000966931 0 7.46
0.000773545 0 7.48
0.000580159 0 7.54
0.000386772 0 7.67
0.000193386 0 7.8
0 0 1.79769e+308
