0.354782 41
0.35468 41
0.354545 41
0.354433 41
0.354304 41
0.354168 41
0.354168 40
0.354066 40
0.353963 40
0.35386 40
0.353744 40
0.353611 40
0.353611 39
0.353339 39
0.353085 39
0.352962 39
0.352844 39
0.352726 39
0.352611 39
0.352497 39
0.352363 39
0.352225 39
0.35209 39
0.35197 39
0.351838 39
0.351715 39
0.351441 39
0.351171 39
0.351171 38
0.350799 38
0.350595 37
0.350595 36
0.350469 36
0.350458 35
0.350332 35
0.349974 34
0.349579 34
0.349457 34
0.349348 34
0.349085 34
0.348963 34
0.348602 34
0.348462 34
0.348345 34
0.348107 34
0.347879 34
0.347739 34
0.347211 34
0.346819 34
0.346561 34
0.3463 34
0.346192 34
0.346052 34
0.345912 34
0.34578 34
0.345668 34
0.34554 34
0.345288 34
0.344672 34
0.344563 34
0.344325 34
0.344187 34
0.344074 34
0.343607 33
0.343395 32
0.343053 31
0.342811 31
0.342046 30
0.341779 30
0.341411 30
0.341292 30
0.341037 30
0.340907 30
0.340779 30
0.340537 30
0.340411 30
0.340279 30
0.340149 30
0.339629 30
0.339015 30
0.338701 29
0.338443 29
0.338157 29
0.33792 28
0.337557 28
0.33693 28
0.336708 28
0.336445 28
0.336339 28
0.335962 28
0.335618 26
0.335376 26
0.335257 26
0.334885 26
0.334649 26
0.334275 26
0.334 26
0.333526 25
0.333255 24
0.33276 24
0.33276 23
0.331868 23
0.331605 23
0.331374 23
0.330917 22
0.330451 22
0.330321 22
0.330197 22
0.329675 22
0.329427 22
0.32869 21
0.328194 21
0.327832 21
0.327452 21
0.326913 21
0.326787 21
0.32641 21
0.325913 21
0.325667 21
0.324955 20
0.324572 20
0.324327 20
0.324093 20
0.323716 20
0.323475 20
0.322727 20
0.322246 20
0.322012 20
0.321885 20
0.320985 20
0.320873 20
0.320212 20
0.319967 20
0.319462 20
0.318873 20
0.318613 20
0.318374 20
0.317622 20
0.317038 20
0.316815 20
0.316148 20
0.315678 19
0.315554 19
0.315184 19
0.314235 19
0.314114 19
0.313853 19
0.31352 18
0.313135 18
0.312381 18
0.311999 18
0.311286 16
0.311018 16
0.310645 16
0.309601 16
0.309086 16
0.308611 15
0.307481 15
0.307359 15
0.306587 15
0.306467 15
0.305697 15
0.304264 15
0.303134 15
0.302642 15
0.301617 15
0.300712 15
0.299722 15
0.299229 15
0.298648 15
0.298016 15
0.296881 14
0.296245 14
0.295871 14
0.295223 14
0.294578 14
0.294208 14
0.292834 14
0.292184 14
0.29156 14
0.290907 14
0.290134 14
0.289744 14
0.288982 14
0.288489 14
0.287583 14
0.287201 14
0.286302 14
0.285628 13
0.284634 13
0.283784 13
0.282927 12
0.28214 12
0.281659 12
0.280097 12
0.279578 12
0.278969 12
0.278356 12
0.277727 12
0.276486 12
0.275838 12
0.275067 12
0.274189 12
0.273593 12
0.272458 12
0.271684 12
0.270874 11
0.269861 11
0.269223 11
0.268971 11
0.267832 10
0.266553 10
0.265103 10
0.264357 10
0.263593 10
0.263239 10
0.262726 10
0.262148 10
0.261142 10
0.259984 10
0.259336 10
0.258344 9
0.256577 8
0.255428 8
0.254802 8
0.254567 8
0.25379 8
0.252425 7
0.251657 7
0.250657 7
0.249683 7
0.248422 7
0.247786 7
0.246374 7
0.245227 7
0.244468 7
0.243465 7
0.242219 7
0.241213 7
0.240574 7
0.238949 7
0.23819 7
0.237021 7
0.235857 7
0.234271 6
0.233109 6
0.23234 6
0.232094 6
0.231218 6
0.230707 6
0.230076 6
0.229312 6
0.228411 6
0.22697 5
0.226234 5
0.224862 5
0.224226 5
0.223093 5
0.222297 5
0.221547 5
0.220132 5
0.219488 5
0.2186 5
0.217691 5
0.21695 5
0.216584 5
0.215948 5
0.21496 5
0.214071 5
0.213016 5
0.211851 5
0.21107 5
0.210063 5
0.208401 5
0.207257 5
0.206788 4
0.204865 4
0.203566 4
0.202249 4
0.201862 4
0.201342 4
0.200462 4
0.199861 4
0.198856 4
0.197819 4
0.197027 4
0.195983 4
0.19487 4
0.193859 4
0.19328 4
0.191879 4
0.19101 4
0.190387 4
0.189137 4
0.188002 4
0.186987 4
0.185826 4
0.184538 4
0.183645 4
0.182418 4
0.181653 4
0.180749 4
0.179073 4
0.178284 4
0.177122 4
0.17609 4
0.175085 3
0.173492 3
0.172741 2
0.171585 2
0.170696 2
0.169977 2
0.168523 2
0.167103 2
0.165321 2
0.164196 2
0.162782 2
0.161234 2
0.160505 2
0.159369 2
0.157567 2
0.156826 2
0.155819 2
0.154537 2
0.152622 2
0.1508 2
0.149536 2
0.148369 2
0.147597 2
0.146284 2
0.145228 2
0.144113 2
0.142969 2
0.141913 2
0.140626 2
0.139733 2
0.138831 2
0.137696 1
0.136816 1
0.13608 1
0.135066 1
0.133826 1
0.131947 1
0.130671 1
0.129885 1
0.129245 1
0.128477 1
0.127951 1
0.127177 1
0.125893 1
0.124978 1
0.123535 1
0.122115 1
0.121733 1
0.121474 1
0.120351 1
0.118407 1
0.117379 1
0.116092 1
0.115318 1
0.114116 0
0.113355 0
0.111664 0
0.110487 0
0.109217 0
0.108348 0
0.107478 0
0.106592 0
0.106211 0
0.104435 0
0.1039 0
0.102663 0
0.101133 0
0.100485 0
0.0993349 0
0.0984483 0
0.09731 0
0.0960335 0
0.094754 0
0.0943783 0
0.0935871 0
0.0928034 0
0.0915509 0
0.0900328 0
0.0883315 0
0.0879379 0
0.0870614 0
0.0862803 0
0.0852695 0
0.0843961 0
0.083228 0
0.0818154 0
0.0814228 0
0.0805422 0
0.0800315 0
0.0788941 0
0.0776575 0
0.0764763 0
0.0758378 0
0.0752068 0
0.0740765 0
0.0731568 0
0.0725298 0
0.0712717 0
0.0703625 0
0.0697177 0
0.0686873 0
0.0672389 0
0.0662322 0
0.0653055 0
0.0651595 0
0.0641657 0
0.0635308 0
0.0632672 0
0.0630223 0
0.0621026 0
0.061117 0
0.0606061 0
0.0602467 0
0.0593563 0
0.0587002 0
0.058435 0
0.0579187 0
0.057409 0
0.0561215 0
0.0555002 0
0.0548575 0
0.0543443 0
0.0530581 0
0.0522501 0
0.0518506 0
0.0508521 0
0.0503438 0
0.0495954 0
0.0489715 0
0.0481088 0
0.04748 0
0.046972 0
0.0458837 0
0.0449889 0
0.0444744 0
0.0435715 0
0.0428001 0
0.0424146 0
0.0420471 0
0.0413904 0
0.0404978 0
0.0397504 0
0.038977 0
0.0375513 0
0.0370325 0
0.0365113 0
0.0362854 0
0.0361552 0
0.0352415 0
0.0347203 0
0.0343254 0
0.0337954 0
0.033018 0
0.0328906 0
0.0321442 0
0.0315244 0
0.0314064 0
0.0298691 0
0.029732 0
0.0294747 0
0.0285229 0
0.0277473 0
0.0273452 0
0.027076 0
0.0264303 0
0.0261664 0
0.0252574 0
0.0250004 0
0.02476 0
0.0245104 0
0.0241242 0
0.02353 0
0.0234011 0
0.0228804 0
0.0226229 0
0.0223706 0
0.0222446 0
0.0219931 0
0.0218582 0
0.0217452 0
0.0213498 0
0.0209747 0
0.0203208 0
0.0200546 0
0.019804 0
0.0195364 0
0.0192753 0
0.0187419 0
0.0186054 0
0.0183521 0
0.017854 0
0.0177113 0
0.0172185 0
0.0170875 0
0.0165704 0
0.016065 0
0.0156778 0
0.0147776 0
0.0145183 0
0.0143937 0
0.013751 0
0.0134911 0
0.0132348 0
0.0128338 0
0.0127114 0
0.0124531 0
0.0123244 0
0.0121929 0
0.0120612 0
0.0117922 0
0.0116624 0
0.0115282 0
0.011023 0
0.0105189 0
0.0103968 0
0.0100117 0
0.00964287 0
0.00912438 0
0.00886851 0
0.00835635 0
0.00822099 0
0.00783996 0
0.00770789 0
0.00756935 0
0.00744906 0
0.00731827 0
0.0069226 0
0.00654702 0
0.0064176 0
0.00628436 0
0.00614982 0
0.00576144 0
0.00562514 0
0.00536504 0
0.00511995 0
0.00497788 0
0.00483751 0
0.00444069 0
0.00432047 0
0.0041944 0
0.00406566 0
0.00393459 0
0.00381028 0
0.00368277 0
0.00342768 0
0.00316097 0
0.0030311 0
0.00290119 0
0.00263772 0
0.00237352 0
0.00223944 0
0.00210597 0
0.00184311 0
0.00171611 0
0.00159213 0
0.00146632 0
0.0013378 0
0.00119499 0
0.00107358 0
0.000949997 0
0.000817983 0
0.000680826 0
0.000546677 0
0.000406596 0
0.000273212 0
0.000130944 0
0 0
