0.731 735 -1.41
0.731 734 -1.33
0.731 733 -1.04
0.731 732 -0.92
0.731 731 -0.86
0.730806 731 -0.59
0.730806 730 -0.58
0.730806 729 -0.53
0.730806 728 -0.48
0.730806 727 -0.46
0.730806 726 -0.38
0.730806 725 -0.32
0.730806 724 -0.28
0.730613 722 -0.25
0.730613 721 -0.24
0.730613 720 -0.21
0.730613 719 -0.17
0.730613 717 -0.13
0.730613 716 0.01
0.730613 715 0.02
0.73042 715 0.06
0.73042 713 0.08
0.73042 711 0.09
0.73042 710 0.16
0.73042 709 0.23
0.73042 708 0.25
0.73042 707 0.27
0.73042 705 0.31
0.73042 704 0.32
0.73042 703 0.34
0.73042 702 0.35
0.730226 702 0.37
0.730226 701 0.39
0.730226 699 0.4
0.730226 698 0.41
0.730226 697 0.42
0.730226 696 0.43
0.730033 696 0.44
0.730033 695 0.46
0.729839 694 0.47
0.729839 692 0.48
0.729839 691 0.55
0.729839 690 0.56
0.729839 689 0.57
0.729646 688 0.59
0.729646 687 0.6
0.729646 686 0.61
0.729646 684 0.64
0.729646 683 0.65
0.729646 682 0.66
0.729453 682 0.71
0.729453 681 0.73
0.729453 680 0.74
0.729453 679 0.76
0.729453 677 0.77
0.729453 675 0.8
0.729453 673 0.81
0.729453 671 0.82
0.729259 671 0.83
0.729066 671 0.84
0.729066 670 0.87
0.729066 669 0.88
0.728873 668 0.9
0.728679 668 0.91
0.728679 665 0.92
0.728679 663 0.93
0.728679 662 0.94
0.728679 660 0.95
0.728679 658 0.97
0.728679 657 0.98
0.728679 654 1.01
0.728486 651 1.02
0.728486 650 1.03
0.728292 650 1.04
0.728292 649 1.05
0.728292 648 1.06
0.728292 647 1.07
0.728292 645 1.08
0.728292 643 1.09
0.728292 642 1.1
0.728099 641 1.11
0.727906 640 1.13
0.727906 639 1.16
0.727906 638 1.19
0.727906 636 1.2
0.727906 635 1.21
0.727712 635 1.22
0.727519 634 1.23
0.727519 633 1.24
0.727519 631 1.25
0.727519 629 1.26
0.727519 627 1.27
0.727519 625 1.28
0.727519 624 1.29
0.727132 623 1.3
0.726939 618 1.32
0.726745 616 1.34
0.726745 612 1.35
0.726552 610 1.36
0.726552 609 1.37
0.726552 608 1.38
0.726359 607 1.39
0.726165 607 1.4
0.726165 605 1.41
0.726165 604 1.42
0.725972 604 1.43
0.725972 601 1.44
0.725778 601 1.45
0.725585 599 1.46
0.725585 594 1.47
0.725585 592 1.48
0.725392 591 1.49
0.725392 590 1.5
0.725005 590 1.52
0.725005 588 1.54
0.725005 587 1.55
0.725005 585 1.56
0.724811 584 1.57
0.724811 583 1.58
0.724425 581 1.59
0.724425 580 1.6
0.724425 579 1.62
0.724231 579 1.64
0.724038 577 1.65
0.723845 576 1.69
0.723651 575 1.7
0.723264 573 1.71
0.723264 572 1.72
0.723264 571 1.73
0.723264 570 1.74
0.723071 568 1.75
0.723071 564 1.77
0.723071 563 1.78
0.723071 562 1.79
0.723071 561 1.81
0.722878 557 1.82
0.722878 556 1.84
0.722878 554 1.85
0.722878 552 1.86
0.722878 551 1.87
0.722684 548 1.88
0.722491 547 1.91
0.722491 544 1.93
0.722297 541 1.94
0.722297 540 1.95
0.722104 538 1.96
0.722104 536 1.97
0.721911 535 1.99
0.72133 534 2
0.72133 533 2.01
0.72133 531 2.02
0.72133 530 2.03
0.721137 530 2.04
0.721137 528 2.05
0.720944 526 2.06
0.720944 523 2.07
0.720944 522 2.08
0.720944 521 2.09
0.720557 521 2.1
0.720557 518 2.11
0.720557 517 2.12
0.720557 515 2.13
0.720557 514 2.14
0.720557 512 2.15
0.720364 510 2.16
0.720364 508 2.17
0.72017 507 2.18
0.719977 505 2.19
0.719783 504 2.2
0.719783 502 2.21
0.719397 499 2.22
0.719203 498 2.23
0.71901 496 2.24
0.718816 494 2.25
0.718816 492 2.26
0.718816 489 2.27
0.718623 487 2.28
0.71843 487 2.29
0.71843 486 2.31
0.71843 484 2.32
0.718236 483 2.33
0.71785 482 2.34
0.717269 480 2.35
0.717076 479 2.36
0.717076 477 2.37
0.716883 474 2.38
0.716883 473 2.39
0.716883 472 2.4
0.716883 469 2.42
0.716689 469 2.43
0.716302 469 2.45
0.716109 467 2.46
0.716109 466 2.47
0.715916 463 2.48
0.715529 459 2.49
0.715142 458 2.5
0.715142 456 2.51
0.715142 453 2.52
0.714949 452 2.53
0.714949 451 2.54
0.714755 446 2.55
0.714755 444 2.56
0.714755 442 2.57
0.714562 442 2.58
0.714369 441 2.59
0.714369 439 2.6
0.714175 436 2.61
0.714175 434 2.62
0.713595 433 2.65
0.713595 430 2.66
0.713402 428 2.67
0.713208 427 2.68
0.713015 426 2.69
0.712435 424 2.7
0.711855 422 2.71
0.711468 422 2.72
0.711468 420 2.73
0.711274 419 2.74
0.711274 416 2.75
0.711274 414 2.76
0.711274 411 2.78
0.710888 407 2.79
0.710307 404 2.81
0.710114 401 2.82
0.710114 399 2.83
0.709921 398 2.84
0.709534 398 2.86
0.709534 394 2.87
0.709534 392 2.88
0.709147 392 2.89
0.708954 390 2.9
0.708954 387 2.92
0.708567 385 2.93
0.708374 383 2.94
0.70818 383 2.96
0.70818 382 2.97
0.70818 381 2.98
0.707793 380 2.99
0.7076 376 3
0.7076 374 3.01
0.707407 372 3.03
0.707213 371 3.04
0.707213 369 3.05
0.707213 367 3.06
0.707213 366 3.07
0.706827 365 3.08
0.70644 360 3.09
0.706246 359 3.1
0.706246 358 3.11
0.706246 356 3.12
0.70586 354 3.13
0.70586 353 3.14
0.70586 352 3.15
0.70586 350 3.17
0.705473 349 3.18
0.705086 349 3.19
0.704699 345 3.2
0.704313 345 3.21
0.704313 344 3.22
0.704119 343 3.23
0.703926 343 3.24
0.703732 342 3.25
0.703346 342 3.26
0.702959 342 3.27
0.702765 342 3.28
0.702765 341 3.29
0.702379 341 3.3
0.702185 341 3.31
0.701798 339 3.32
0.701605 339 3.33
0.701218 336 3.34
0.701025 335 3.35
0.701025 333 3.36
0.700832 333 3.37
0.700445 328 3.38
0.700058 328 3.39
0.700058 327 3.4
0.699671 325 3.41
0.699284 324 3.42
0.698704 322 3.43
0.698511 319 3.44
0.698318 315 3.45
0.697931 314 3.47
0.697351 310 3.48
0.697351 309 3.49
0.697157 308 3.5
0.69677 307 3.51
0.69677 304 3.52
0.69677 303 3.53
0.696577 303 3.54
0.696577 300 3.55
0.696384 299 3.56
0.69619 295 3.57
0.69619 294 3.58
0.69619 293 3.59
0.69561 292 3.6
0.695417 289 3.61
0.69503 288 3.62
0.69503 286 3.63
0.694837 282 3.64
0.69445 279 3.65
0.69387 278 3.66
0.69387 276 3.67
0.693289 274 3.68
0.693096 273 3.69
0.692903 272 3.7
0.691549 270 3.71
0.690775 268 3.72
0.689809 264 3.73
0.689615 263 3.74
0.689228 260 3.76
0.688842 259 3.77
0.688648 258 3.78
0.688455 258 3.79
0.688261 256 3.8
0.687875 256 3.81
0.687681 255 3.82
0.687101 255 3.83
0.686908 254 3.84
0.686714 254 3.85
0.686134 253 3.86
0.685747 249 3.88
0.685554 248 3.89
0.685554 246 3.9
0.685167 246 3.91
0.684587 243 3.92
0.6842 243 3.93
0.6842 242 3.94
0.683814 241 3.95
0.68362 239 3.96
0.683427 238 3.97
0.68304 235 3.98
0.682653 233 3.99
0.682073 232 4
0.681686 228 4.01
0.681493 226 4.02
0.680913 224 4.03
0.680719 222 4.04
0.680139 219 4.05
0.679752 219 4.06
0.679366 218 4.07
0.678786 216 4.08
0.678399 214 4.09
0.678205 212 4.1
0.677819 211 4.11
0.677432 209 4.12
0.677238 207 4.13
0.677045 207 4.14
0.676852 202 4.15
0.675691 202 4.16
0.675498 201 4.17
0.675111 200 4.18
0.674724 198 4.19
0.674531 198 4.2
0.673951 197 4.21
0.673371 196 4.22
0.672597 196 4.23
0.67221 194 4.24
0.67163 193 4.25
0.67105 189 4.28
0.670663 188 4.29
0.670083 188 4.3
0.669696 188 4.31
0.668923 187 4.32
0.668343 187 4.33
0.667763 186 4.34
0.667376 184 4.35
0.667182 184 4.36
0.667182 183 4.37
0.666796 182 4.38
0.665829 181 4.39
0.665055 180 4.4
0.664475 180 4.41
0.664088 178 4.42
0.663701 178 4.43
0.663121 177 4.44
0.662734 177 4.45
0.662348 176 4.46
0.661574 174 4.47
0.661187 174 4.48
0.661187 173 4.49
0.660801 172 4.5
0.660414 170 4.51
0.660414 168 4.52
0.660027 166 4.53
0.65906 166 4.54
0.658673 166 4.55
0.658093 164 4.56
0.657126 164 4.57
0.656933 164 4.58
0.656546 163 4.59
0.656159 162 4.6
0.655966 159 4.61
0.654999 158 4.62
0.654225 156 4.63
0.653452 156 4.64
0.652872 156 4.65
0.651905 155 4.66
0.651518 154 4.67
0.651325 154 4.68
0.650938 153 4.69
0.650551 151 4.7
0.649971 147 4.71
0.649004 146 4.72
0.648617 145 4.73
0.648231 145 4.74
0.64765 145 4.75
0.64707 145 4.76
0.646877 145 4.77
0.646297 143 4.78
0.646103 142 4.79
0.645716 141 4.8
0.64533 139 4.81
0.64475 137 4.82
0.644169 136 4.83
0.643783 136 4.84
0.643396 136 4.85
0.642816 134 4.86
0.642236 133 4.87
0.641849 133 4.88
0.641269 132 4.89
0.641269 131 4.91
0.641075 129 4.92
0.640882 129 4.93
0.640495 128 4.94
0.640108 126 4.95
0.639528 124 4.96
0.639335 123 4.97
0.638948 122 4.98
0.638561 121 4.99
0.638174 120 5
0.637014 120 5.01
0.636627 119 5.02
0.636047 119 5.03
0.635467 118 5.04
0.635274 114 5.05
0.634887 114 5.06
0.634887 113 5.07
0.634113 113 5.08
0.633533 113 5.09
0.633146 112 5.1
0.63276 112 5.11
0.631793 112 5.12
0.630826 112 5.13
0.630052 112 5.14
0.629472 112 5.15
0.628892 112 5.16
0.627732 110 5.17
0.625798 110 5.18
0.625604 110 5.19
0.624637 110 5.2
0.624057 107 5.21
0.623477 106 5.22
0.622897 106 5.23
0.622704 104 5.24
0.621737 103 5.25
0.62135 101 5.26
0.62077 101 5.27
0.620383 99 5.28
0.619609 98 5.29
0.619223 98 5.3
0.618449 94 5.31
0.618062 94 5.32
0.617289 93 5.33
0.616515 93 5.34
0.615935 93 5.35
0.615161 93 5.36
0.615161 92 5.37
0.614968 91 5.38
0.613614 91 5.39
0.613034 90 5.4
0.612261 90 5.41
0.6111 88 5.42
0.610327 88 5.43
0.609167 87 5.44
0.608973 87 5.45
0.6082 87 5.46
0.607619 85 5.47
0.606652 84 5.48
0.605492 84 5.49
0.604719 84 5.5
0.604332 83 5.51
0.603945 83 5.52
0.602011 82 5.53
0.601238 81 5.54
0.600658 79 5.55
0.599304 79 5.56
0.59911 79 5.57
0.598337 78 5.58
0.597757 77 5.59
0.59679 77 5.6
0.595243 77 5.61
0.594082 77 5.62
0.593696 76 5.63
0.592729 75 5.64
0.592342 74 5.65
0.591375 73 5.66
0.590988 72 5.67
0.590408 72 5.68
0.590021 72 5.69
0.588281 71 5.7
0.587701 70 5.71
0.587314 68 5.72
0.58712 68 5.73
0.586347 68 5.74
0.585573 66 5.75
0.584993 66 5.76
0.583833 65 5.77
0.582866 63 5.79
0.580545 62 5.8
0.580159 61 5.81
0.579385 60 5.82
0.578998 60 5.83
0.578225 60 5.84
0.577258 60 5.85
0.576097 58 5.86
0.575904 58 5.87
0.575131 58 5.88
0.574744 58 5.89
0.573197 57 5.9
0.57281 57 5.91
0.571843 56 5.92
0.571263 56 5.93
0.570296 56 5.94
0.569716 56 5.95
0.568942 56 5.96
0.568749 55 5.97
0.567975 54 5.98
0.567395 54 5.99
0.566235 54 6
0.565655 54 6.01
0.565268 54 6.02
0.564688 52 6.03
0.563334 51 6.04
0.561207 51 6.05
0.560433 49 6.06
0.55966 49 6.07
0.559079 48 6.08
0.558306 48 6.09
0.557532 48 6.1
0.555792 48 6.11
0.554632 47 6.12
0.553665 47 6.13
0.552698 46 6.14
0.550957 46 6.15
0.55057 46 6.16
0.549023 46 6.17
0.548637 46 6.18
0.548056 45 6.19
0.547283 44 6.2
0.546316 44 6.21
0.545736 44 6.22
0.545349 44 6.23
0.544382 43 6.24
0.544189 43 6.25
0.543415 43 6.26
0.542448 43 6.27
0.541095 42 6.28
0.539741 42 6.29
0.538774 41 6.3
0.538387 41 6.31
0.53684 40 6.32
0.535486 40 6.33
0.534326 39 6.34
0.533553 39 6.35
0.533359 39 6.36
0.532972 37 6.37
0.532005 37 6.38
0.531038 37 6.39
0.529878 37 6.4
0.527558 37 6.41
0.526397 37 6.42
0.52485 37 6.43
0.524077 37 6.44
0.522723 37 6.45
0.522143 37 6.46
0.521563 37 6.47
0.520015 37 6.48
0.517695 37 6.49
0.516728 37 6.5
0.515568 35 6.51
0.514601 35 6.52
0.51344 35 6.53
0.512473 35 6.54
0.5117 34 6.55
0.509766 33 6.56
0.508992 33 6.57
0.508219 33 6.58
0.507059 33 6.59
0.506672 31 6.6
0.505898 30 6.61
0.504931 30 6.62
0.503578 30 6.63
0.502997 30 6.64
0.501644 29 6.65
0.500677 29 6.66
0.499903 29 6.67
0.498743 29 6.68
0.498356 28 6.69
0.497776 28 6.7
0.496422 28 6.71
0.495069 28 6.72
0.494295 28 6.73
0.492361 28 6.74
0.491781 28 6.75
0.491201 28 6.76
0.490427 28 6.77
0.48946 28 6.78
0.489074 28 6.79
0.487913 28 6.8
0.487333 28 6.81
0.48656 28 6.82
0.48598 28 6.83
0.484432 28 6.84
0.483465 27 6.85
0.483079 27 6.86
0.482305 27 6.87
0.480758 27 6.88
0.480371 27 6.89
0.479985 27 6.9
0.478631 27 6.91
0.477857 27 6.92
0.476117 26 6.93
0.475537 25 6.94
0.47399 25 6.95
0.473023 25 6.96
0.472249 25 6.97
0.471282 25 6.98
0.470122 25 6.99
0.469348 25 7
0.467995 25 7.01
0.466834 25 7.02
0.465867 24 7.03
0.465094 23 7.04
0.463353 23 7.05
0.46316 23 7.06
0.462 22 7.07
0.461033 21 7.08
0.460259 20 7.09
0.459486 19 7.1
0.457939 19 7.11
0.456585 19 7.12
0.455038 19 7.13
0.454071 19 7.14
0.45291 19 7.15
0.450977 18 7.16
0.450396 17 7.17
0.449043 17 7.18
0.447689 15 7.19
0.447496 15 7.2
0.446529 15 7.21
0.445175 15 7.22
0.443821 15 7.23
0.442661 15 7.24
0.440921 15 7.25
0.43918 15 7.26
0.438213 15 7.27
0.436859 15 7.28
0.435892 15 7.29
0.434732 15 7.3
0.434345 14 7.31
0.432605 14 7.32
0.430671 13 7.33
0.429317 12 7.34
0.428157 12 7.35
0.427577 12 7.36
0.426417 12 7.37
0.425063 12 7.38
0.423709 12 7.39
0.422936 11 7.4
0.421582 11 7.41
0.420615 11 7.42
0.419841 11 7.43
0.419068 11 7.44
0.418488 11 7.45
0.416747 11 7.46
0.414813 11 7.47
0.413266 11 7.48
0.412106 11 7.49
0.410946 11 7.5
0.409785 11 7.51
0.408625 11 7.52
0.407851 11 7.53
0.407078 11 7.54
0.404951 11 7.55
0.403984 11 7.56
0.402437 11 7.57
0.401276 11 7.58
0.401083 11 7.59
0.399923 11 7.6
0.399149 11 7.61
0.397989 11 7.62
0.397795 11 7.63
0.396055 11 7.64
0.393541 11 7.65
0.392381 11 7.66
0.39064 10 7.67
0.389867 10 7.68
0.388706 10 7.69
0.386579 10 7.7
0.385419 9 7.71
0.383485 9 7.72
0.382711 9 7.73
0.381358 8 7.74
0.380584 8 7.75
0.379037 8 7.76
0.37807 8 7.77
0.37633 8 7.78
0.374202 8 7.79
0.373622 8 7.8
0.373429 7 7.81
0.371688 7 7.82
0.370141 6 7.83
0.368787 6 7.84
0.367821 6 7.85
0.36666 6 7.86
0.365887 6 7.87
0.365307 6 7.88
0.363759 6 7.89
0.361632 6 7.9
0.359118 6 7.91
0.358345 6 7.92
0.357184 6 7.93
0.355637 6 7.94
0.354864 6 7.95
0.353317 6 7.96
0.352543 6 7.97
0.351769 6 7.98
0.350803 6 7.99
0.350222 6 8
0.348869 6 8.01
0.348289 6 8.02
0.346741 6 8.03
0.345581 6 8.04
0.343841 5 8.05
0.342294 5 8.06
0.341327 5 8.07
0.340553 5 8.08
0.339006 5 8.09
0.337846 5 8.1
0.336685 5 8.11
0.335718 5 8.12
0.334365 5 8.13
0.332624 5 8.14
0.331657 5 8.15
0.330884 5 8.16
0.33011 5 8.17
0.32895 5 8.18
0.328176 5 8.19
0.326436 5 8.2
0.323535 5 8.21
0.322181 5 8.22
0.320828 5 8.23
0.319861 5 8.24
0.317734 5 8.25
0.31638 5 8.26
0.315606 5 8.27
0.314446 5 8.28
0.312512 5 8.29
0.311932 5 8.3
0.311545 5 8.31
0.309611 5 8.32
0.308838 5 8.33
0.307677 5 8.34
0.30613 5 8.35
0.305744 5 8.36
0.30381 5 8.37
0.302263 5 8.38
0.300716 5 8.39
0.300135 5 8.4
0.298588 5 8.41
0.296461 5 8.42
0.295494 5 8.43
0.294914 5 8.44
0.294334 5 8.45
0.293367 5 8.46
0.292207 5 8.47
0.290659 5 8.48
0.289886 5 8.49
0.288532 5 8.5
0.286018 5 8.51
0.284858 5 8.52
0.283504 5 8.53
0.281957 4 8.54
0.28099 4 8.55
0.28041 4 8.56
0.279636 4 8.57
0.277896 4 8.58
0.276736 4 8.59
0.275575 4 8.6
0.273061 3 8.61
0.271708 3 8.62
0.270354 3 8.63
0.269 3 8.64
0.267646 3 8.65
0.266293 3 8.66
0.265132 3 8.67
0.264746 3 8.68
0.263392 3 8.69
0.262232 3 8.7
0.261652 3 8.71
0.260104 3 8.72
0.259137 3 8.73
0.25759 3 8.74
0.256237 2 8.75
0.254496 2 8.76
0.253143 2 8.77
0.252562 2 8.78
0.251789 2 8.79
0.250048 2 8.8
0.249275 2 8.81
0.248308 2 8.82
0.247534 2 8.83
0.246567 2 8.84
0.245794 2 8.85
0.244827 2 8.86
0.243667 2 8.87
0.242506 2 8.88
0.241346 2 8.89
0.240766 2 8.9
0.239219 2 8.91
0.238252 2 8.92
0.236705 2 8.93
0.235738 2 8.94
0.234771 2 8.95
0.233224 2 8.96
0.23129 2 8.97
0.229356 2 8.98
0.228389 2 8.99
0.227035 2 9
0.226262 2 9.01
0.225102 2 9.02
0.223941 2 9.03
0.222974 2 9.04
0.222201 2 9.05
0.221621 2 9.06
0.220654 2 9.07
0.219687 2 9.08
0.218526 2 9.09
0.217946 2 9.1
0.216399 2 9.11
0.215239 2 9.12
0.213885 2 9.13
0.212725 2 9.14
0.211758 2 9.15
0.210017 2 9.16
0.20905 2 9.17
0.208277 2 9.18
0.207117 2 9.19
0.20615 2 9.2
0.20557 2 9.21
0.204796 2 9.22
0.204022 2 9.23
0.202669 2 9.24
0.200735 2 9.25
0.199961 2 9.26
0.198801 2 9.27
0.198027 1 9.28
0.197254 1 9.29
0.195513 1 9.3
0.194547 1 9.31
0.193386 1 9.32
0.192613 1 9.33
0.190872 1 9.34
0.189905 1 9.35
0.189132 1 9.36
0.188165 1 9.37
0.187004 1 9.38
0.186424 1 9.39
0.185071 1 9.4
0.183717 1 9.41
0.18333 1 9.42
0.182557 1 9.43
0.181783 1 9.44
0.181009 1 9.45
0.180623 1 9.46
0.180043 1 9.47
0.179462 1 9.48
0.178302 1 9.49
0.177529 1 9.5
0.176755 1 9.51
0.175981 1 9.52
0.175401 1 9.53
0.174241 1 9.54
0.173274 1 9.55
0.172307 1 9.56
0.171147 1 9.57
0.1696 1 9.58
0.16902 1 9.59
0.168053 1 9.6
0.166892 1 9.61
0.165539 1 9.62
0.163798 1 9.63
0.162638 1 9.64
0.162251 1 9.65
0.161477 1 9.66
0.15993 1 9.67
0.158963 1 9.68
0.158383 1 9.69
0.157416 1 9.7
0.156643 1 9.71
0.155676 1 9.72
0.155289 1 9.73
0.153935 1 9.74
0.152582 1 9.75
0.152002 1 9.76
0.150841 1 9.77
0.150261 1 9.78
0.149294 1 9.79
0.14794 1 9.8
0.146974 1 9.81
0.146393 1 9.82
0.146007 1 9.83
0.144266 1 9.84
0.143686 1 9.85
0.142526 1 9.86
0.141752 1 9.87
0.140785 1 9.88
0.139625 1 9.89
0.138078 1 9.9
0.136917 1 9.91
0.136724 1 9.92
0.136144 1 9.93
0.135177 1 9.94
0.13479 1 9.95
0.13421 1 9.96
0.133436 1 9.97
0.13247 1 9.98
0.131696 1 9.99
0.131116 1 10
0.129956 1 10.01
0.129569 1 10.02
0.128602 1 10.03
0.128022 1 10.04
0.127248 1 10.05
0.126861 1 10.06
0.125701 1 10.07
0.124927 1 10.08
0.123767 1 10.09
0.12338 1 10.1
0.1228 1 10.11
0.12164 1 10.12
0.120673 1 10.13
0.120286 1 10.14
0.119319 1 10.15
0.119126 1 10.16
0.117966 1 10.17
0.116805 1 10.18
0.115838 1 10.19
0.115452 1 10.2
0.115065 1 10.21
0.114485 1 10.22
0.113711 1 10.23
0.112551 1 10.24
0.111777 1 10.25
0.11139 1 10.26
0.11023 1 10.27
0.109457 1 10.28
0.10849 1 10.29
0.107909 1 10.3
0.106943 1 10.31
0.106362 1 10.32
0.105976 1 10.33
0.105395 1 10.35
0.105009 1 10.37
0.104622 1 10.38
0.103848 1 10.39
0.103075 1 10.4
0.102688 1 10.41
0.102301 1 10.42
0.101721 1 10.43
0.100948 1 10.44
0.0997873 1 10.45
0.0990137 1 10.46
0.0984336 1 10.47
0.0972733 1 10.48
0.0968865 1 10.49
0.0955328 1 10.5
0.0947592 1 10.51
0.0939857 1 10.52
0.0930188 1 10.53
0.0918584 1 10.54
0.0914717 1 10.55
0.0903114 1 10.56
0.0897312 1 10.58
0.0887643 1 10.59
0.0881841 1 10.6
0.0872172 1 10.61
0.0862502 1 10.62
0.0852833 1 10.63
0.084123 1 10.64
0.0835428 1 10.65
0.0827693 1 10.66
0.0825759 1 10.67
0.0819957 1 10.68
0.0812222 1 10.69
0.080642 1 10.7
0.0796751 1 10.71
0.0789016 1 10.72
0.0787082 1 10.73
0.0773545 1 10.74
0.0763875 1 10.75
0.0758074 1 10.77
0.0748405 1 10.78
0.0744537 1 10.79
0.0738735 1 10.8
0.0736801 1 10.81
0.0731 1 10.82
0.0717463 1 10.83
0.0715529 1 10.84
0.0709727 1 10.85
0.0701992 1 10.86
0.0694256 1 10.87
0.0682653 1 10.88
0.0672984 1 10.89
0.0667182 1 10.9
0.0665249 1 10.91
0.0657513 1 10.92
0.0647844 1 10.93
0.0640108 1 10.94
0.0638174 1 10.95
0.0636241 1 10.96
0.0634307 1 10.97
0.0622704 1 10.98
0.062077 1 10.99
0.0616902 1 11
0.0614968 1 11.01
0.0607233 1 11.02
0.0603365 1 11.03
0.0601431 1 11.04
0.0595629 1 11.05
0.058596 1 11.07
0.0584026 1 11.08
0.0578225 1 11.09
0.0576291 1 11.1
0.0572423 1 11.11
0.056082 1 11.12
0.0556952 1 11.13
0.0545349 1 11.14
0.0543415 1 11.15
0.053568 1 11.16
0.0531812 1 11.17
0.0524077 1 11.18
0.0520209 1 11.19
0.051054 1 11.2
0.0504738 1 11.21
0.0502804 1 11.22
0.050087 1 11.23
0.0497003 1 11.24
0.0495069 1 11.25
0.0485399 1 11.26
0.0481532 1 11.27
0.0479598 1 11.28
0.047573 1 11.29
0.0473796 1 11.3
0.0471862 1 11.32
0.0469928 1 11.33
0.0464127 1 11.34
0.0460259 1 11.35
0.0456391 1 11.36
0.0452524 1 11.37
0.0444788 1 11.38
0.0438987 1 11.39
0.0435119 1 11.41
0.0429317 1 11.42
0.042545 0 11.43
0.0423516 0 11.44
0.0419648 0 11.45
0.0411913 0 11.47
0.0408045 0 11.48
0.0402243 0 11.49
0.0400309 0 11.5
0.0396442 0 11.51
0.0392574 0 11.52
0.039064 0 11.53
0.0388706 0 11.54
0.0384839 0 11.55
0.0379037 0 11.56
0.0375169 0 11.57
0.0369368 0 11.58
0.0367434 0 11.59
0.0361632 0 11.6
0.0359698 0 11.61
0.0351963 0 11.62
0.0346161 0 11.63
0.0344227 0 11.64
0.0342294 0 11.66
0.0338426 0 11.67
0.033069 0 11.68
0.0322955 0 11.69
0.0321021 0 11.7
0.0319087 0 11.72
0.0311352 0 11.73
0.0307484 0 11.74
0.030555 0 11.75
0.0303616 0 11.76
0.0299749 0 11.77
0.0297815 0 11.78
0.0295881 0 11.8
0.0293947 0 11.81
0.0290079 0 11.82
0.0288145 0 11.83
0.0286212 0 11.84
0.0284278 0 11.85
0.0282344 0 11.87
0.0274608 0 11.88
0.0268807 0 11.89
0.0266873 0 11.9
0.0263005 0 11.91
0.0259137 0 11.92
0.0257204 0 11.93
0.025527 0 11.95
0.0249468 0 11.96
0.0247534 0 11.97
0.0241733 0 11.98
0.0239799 0 12
0.0235931 0 12.02
0.0233997 0 12.03
0.0232063 0 12.05
0.0228196 0 12.06
0.0226262 0 12.07
0.022046 0 12.08
0.0218526 0 12.09
0.0214659 0 12.11
0.0212725 0 12.12
0.0210791 0 12.13
0.0206923 0 12.16
0.0204989 0 12.17
0.0203056 0 12.18
0.0201122 0 12.2
0.0197254 0 12.21
0.0193386 0 12.22
0.0191452 0 12.23
0.0189518 0 12.27
0.0187585 0 12.28
0.0183717 0 12.29
0.0181783 0 12.3
0.0179849 0 12.31
0.0175981 0 12.32
0.0172114 0 12.34
0.0168246 0 12.35
0.0164378 0 12.36
0.0162444 0 12.38
0.0160511 0 12.39
0.0158577 0 12.41
0.0156643 0 12.42
0.0154709 0 12.43
0.0152775 0 12.44
0.0150841 0 12.45
0.0146974 0 12.5
0.014504 0 12.51
0.0143106 0 12.54
0.0137304 0 12.56
0.013537 0 12.59
0.0131503 0 12.61
0.0129569 0 12.63
0.0127635 0 12.65
0.0125701 0 12.67
0.0123767 0 12.68
0.0121833 0 12.69
0.0119899 0 12.71
0.0117966 0 12.74
0.0116032 0 12.75
0.0112164 0 12.77
0.011023 0 12.78
0.0108296 0 12.79
0.0106362 0 12.82
0.0104429 0 12.83
0.0102495 0 12.85
0.0100561 0 12.87
0.0098627 0 12.89
0.00966931 0 12.91
0.00947592 0 12.92
0.00928254 0 12.93
0.00908915 0 12.95
0.00889576 0 12.99
0.00850899 0 13
0.00831561 0 13.04
0.00812222 0 13.05
0.00792883 0 13.07
0.00773545 0 13.08
0.00754206 0 13.09
0.00734868 0 13.1
0.00676852 0 13.12
0.00657513 0 13.14
0.00638174 0 13.15
0.00599497 0 13.18
0.00580159 0 13.21
0.0056082 0 13.22
0.00541481 0 13.24
0.00522143 0 13.28
0.00483465 0 13.29
0.00464127 0 13.31
0.00444788 0 13.33
0.0042545 0 13.34
0.00386772 0 13.37
0.00367434 0 13.38
0.00348095 0 13.41
0.00328757 0 13.43
0.00309418 0 13.47
0.00290079 0 13.56
0.00251402 0 13.58
0.00232063 0 13.66
0.00193386 0 13.71
0.00174048 0 13.72
0.00154709 0 13.73
0.0013537 0 13.86
0.00116032 0 13.94
0.000966931 0 14.06
0.000773545 0 14.17
0.000580159 0 14.18
0.000386772 0 15.06
0.000193386 0 16.05
0 0 1.79769e+308
