0.470676 107
0.470676 106
0.470676 105
0.470676 104
0.470676 103
0.470676 102
0.470552 102
0.470421 102
0.470319 102
0.470319 101
0.470206 101
0.470077 100
0.469974 100
0.469822 100
0.469686 100
0.469412 100
0.469289 100
0.469168 100
0.469049 99
0.469049 98
0.469049 97
0.468934 96
0.468793 96
0.468662 96
0.468553 96
0.468411 96
0.46815 96
0.46789 93
0.467644 93
0.467399 93
0.467174 92
0.467082 90
0.466814 89
0.466684 86
0.466594 85
0.466119 85
0.466015 85
0.465882 85
0.465759 85
0.465509 85
0.465131 84
0.464883 84
0.464764 83
0.464625 82
0.464378 80
0.46426 80
0.463915 79
0.463435 78
0.463042 76
0.462639 76
0.462267 76
0.46195 75
0.461712 74
0.461149 73
0.461013 73
0.460484 72
0.459939 71
0.459568 69
0.459178 68
0.459056 67
0.458816 67
0.458409 66
0.457904 65
0.45758 64
0.45701 64
0.456876 64
0.456515 63
0.456393 63
0.456156 62
0.45592 61
0.455725 60
0.455094 60
0.454522 59
0.454028 59
0.453624 57
0.453153 54
0.45261 53
0.451933 53
0.451564 53
0.451184 53
0.450688 53
0.450181 52
0.449809 51
0.449307 50
0.448551 50
0.447822 50
0.447017 48
0.446422 48
0.445787 48
0.445049 48
0.444584 46
0.44415 46
0.443528 45
0.442522 45
0.441885 45
0.441538 45
0.440322 45
0.439064 45
0.437831 45
0.437013 43
0.435707 42
0.434877 41
0.433952 41
0.431805 41
0.431073 41
0.430071 41
0.429446 41
0.428606 41
0.427545 39
0.426017 39
0.425379 38
0.424635 37
0.423654 35
0.421985 35
0.421009 35
0.419056 34
0.417995 32
0.416983 32
0.415916 32
0.414526 31
0.413298 29
0.411919 29
0.409317 27
0.408806 27
0.407071 26
0.405228 26
0.403771 24
0.402619 22
0.400863 22
0.399973 21
0.398647 19
0.397655 18
0.394875 18
0.393777 18
0.393309 18
0.392062 18
0.390582 17
0.388741 16
0.387434 16
0.385335 15
0.382905 15
0.381684 15
0.379984 13
0.378023 13
0.375934 13
0.373626 13
0.372171 13
0.370788 12
0.368323 12
0.365788 12
0.363997 12
0.361367 12
0.359263 11
0.357535 10
0.355926 10
0.353524 10
0.351594 10
0.349559 10
0.347379 10
0.345091 9
0.343527 9
0.340615 9
0.338423 9
0.336383 9
0.334179 9
0.332024 8
0.330237 8
0.327573 8
0.325787 8
0.323872 8
0.321597 8
0.319466 8
0.317088 8
0.313593 7
0.311335 7
0.309205 6
0.307052 6
0.30478 6
0.302233 5
0.300354 5
0.296887 5
0.294067 5
0.291497 4
0.288023 4
0.286064 4
0.282922 3
0.281457 3
0.279765 3
0.276231 3
0.274254 3
0.271214 3
0.268738 2
0.26492 2
0.261213 2
0.258727 1
0.256213 1
0.254439 1
0.252634 1
0.249544 1
0.247908 1
0.245055 1
0.242232 1
0.239551 1
0.235259 1
0.232261 1
0.229182 1
0.226469 1
0.223149 1
0.219651 1
0.216218 1
0.21314 1
0.210831 1
0.207883 1
0.20478 1
0.202119 1
0.199357 1
0.19672 1
0.194461 0
0.19204 0
0.188833 0
0.185907 0
0.182605 0
0.179477 0
0.176377 0
0.173106 0
0.170901 0
0.16845 0
0.165876 0
0.163323 0
0.161774 0
0.158858 0
0.156714 0
0.152916 0
0.149586 0
0.147531 0
0.144678 0
0.142379 0
0.140204 0
0.138163 0
0.135965 0
0.133911 0
0.131702 0
0.128149 0
0.125309 0
0.123779 0
0.122888 0
0.121122 0
0.118671 0
0.116342 0
0.114297 0
0.112765 0
0.111019 0
0.109566 0
0.107093 0
0.105956 0
0.102812 0
0.0997007 0
0.0979211 0
0.0954989 0
0.0941971 0
0.0918544 0
0.0907126 0
0.0888806 0
0.0866101 0
0.0854575 0
0.0838088 0
0.0814993 0
0.0799891 0
0.0784556 0
0.0760908 0
0.0751553 0
0.0727683 0
0.0716137 0
0.0705997 0
0.0681286 0
0.0663558 0
0.0653527 0
0.0632778 0
0.0615756 0
0.0595377 0
0.0577471 0
0.0560799 0
0.0543668 0
0.0533308 0
0.0522935 0
0.0516449 0
0.0506235 0
0.0497497 0
0.0492332 0
0.0475686 0
0.0463544 0
0.0454491 0
0.04425 0
0.0432264 0
0.042322 0
0.0411695 0
0.0396129 0
0.0381722 0
0.037177 0
0.0362549 0
0.0351107 0
0.0341704 0
0.0333742 0
0.0322098 0
0.0310465 0
0.030155 0
0.029386 0
0.0283363 0
0.0275639 0
0.0267838 0
0.0265253 0
0.0256134 0
0.024347 0
0.023719 0
0.0233432 0
0.0230838 0
0.0227314 0
0.0220939 0
0.0214509 0
0.0202693 0
0.019896 0
0.0193643 0
0.018305 0
0.0177968 0
0.0175399 0
0.0163743 0
0.0159704 0
0.0154577 0
0.0141587 0
0.0132304 0
0.012977 0
0.0123473 0
0.0120986 0
0.0118333 0
0.0114305 0
0.0111555 0
0.0106372 0
0.0103667 0
0.0095775 0
0.00944499 0
0.00906225 0
0.00879639 0
0.00854729 0
0.00842694 0
0.00817555 0
0.00791835 0
0.0075191 0
0.00713076 0
0.00686789 0
0.00659481 0
0.00632788 0
0.00606695 0
0.00593604 0
0.00568046 0
0.0054221 0
0.00528518 0
0.00491298 0
0.00477765 0
0.00464995 0
0.00441254 0
0.00428438 0
0.00414695 0
0.00375402 0
0.0033752 0
0.00324179 0
0.00298886 0
0.00259152 0
0.00245679 0
0.00232837 0
0.00220268 0
0.00206569 0
0.00180693 0
0.00155131 0
0.00130698 0
0.00117658 0
0.000910322 0
0.000779292 0
0.000651496 0
0.000521402 0
0.000396658 0
0.000266277 0
0.00012734 0
0 0
