0.47356 842
0.47356 841
0.473551 840
0.473507 839
0.473507 838
0.473507 837
0.4734 837
0.4734 836
0.4734 835
0.4734 834
0.4734 833
0.4734 832
0.4734 831
0.4734 830
0.4734 829
0.4734 828
0.473282 826
0.473282 825
0.473282 824
0.473282 822
0.47328 820
0.473277 819
0.473277 818
0.473152 818
0.473152 816
0.473152 814
0.473152 813
0.473152 812
0.473152 811
0.473023 811
0.473023 810
0.473023 808
0.473023 807
0.473023 806
0.473023 805
0.472891 805
0.472891 804
0.472796 802
0.472796 801
0.472796 800
0.472796 799
0.472662 799
0.472662 798
0.472533 797
0.472444 795
0.472444 794
0.472444 793
0.47239 792
0.47239 791
0.472264 790
0.472264 789
0.472264 788
0.472264 787
0.472264 785
0.472264 784
0.472264 782
0.472144 782
0.472144 781
0.472144 780
0.472144 779
0.472111 776
0.472111 774
0.472111 772
0.47208 769
0.471963 769
0.471941 769
0.471941 768
0.471941 767
0.47184 766
0.471721 766
0.471721 762
0.471721 760
0.471591 759
0.471591 757
0.47152 754
0.47152 753
0.47152 749
0.471401 746
0.4714 744
0.4714 743
0.4714 741
0.4714 740
0.471307 738
0.471307 736
0.471307 735
0.471168 734
0.471006 733
0.471006 732
0.471006 730
0.471006 728
0.471006 727
0.470877 727
0.470657 725
0.470657 724
0.470657 722
0.470643 718
0.470643 716
0.470643 714
0.470643 712
0.470393 711
0.470189 706
0.470189 705
0.470057 703
0.47005 698
0.47005 696
0.47005 695
0.47005 694
0.469871 693
0.469737 693
0.469737 691
0.469737 690
0.469612 690
0.469612 687
0.469495 687
0.469371 685
0.469141 681
0.469141 679
0.46914 678
0.46914 677
0.468901 677
0.468868 674
0.468778 672
0.468778 670
0.468662 669
0.468662 665
0.468409 663
0.468409 662
0.468409 661
0.468265 661
0.468167 659
0.46804 658
0.46804 657
0.467917 656
0.467667 654
0.467667 653
0.467667 652
0.467667 651
0.467551 649
0.467551 645
0.467551 644
0.467551 643
0.467551 642
0.467433 638
0.467433 637
0.467433 635
0.467425 631
0.467425 629
0.467294 626
0.467294 625
0.467294 622
0.467158 619
0.467158 618
0.467058 616
0.467058 614
0.466927 613
0.46665 612
0.46665 611
0.466639 609
0.466622 608
0.466519 608
0.466519 605
0.466414 603
0.466412 598
0.466412 596
0.466383 595
0.466147 595
0.466147 591
0.466147 590
0.466118 588
0.466118 587
0.466033 585
0.465903 582
0.465903 580
0.465774 579
0.465627 577
0.465519 576
0.465519 574
0.465204 571
0.465084 570
0.464957 568
0.464836 566
0.464729 564
0.464729 561
0.464612 557
0.464493 557
0.464411 555
0.464411 553
0.464141 552
0.463895 551
0.463513 549
0.463511 548
0.463511 546
0.463482 543
0.463482 542
0.463476 540
0.463393 536
0.463267 536
0.462941 535
0.462718 533
0.462718 531
0.462633 528
0.462386 524
0.462124 523
0.462109 521
0.462034 518
0.461913 516
0.461913 515
0.461777 510
0.461777 508
0.461777 506
0.461651 506
0.461593 505
0.461593 503
0.461593 500
0.461593 498
0.461231 497
0.461226 494
0.461041 491
0.460911 490
0.460803 489
0.460436 487
0.46006 485
0.459785 485
0.459785 481
0.459644 481
0.459453 477
0.459448 475
0.459321 472
0.4591 468
0.458542 465
0.458542 464
0.458403 462
0.458403 461
0.458221 459
0.45797 459
0.457892 455
0.457892 453
0.457617 453
0.457374 451
0.457374 448
0.457108 446
0.456916 444
0.456798 444
0.456798 443
0.456798 442
0.456437 441
0.456305 437
0.456195 435
0.456195 433
0.456095 432
0.455965 430
0.455965 428
0.455965 427
0.455701 426
0.455553 422
0.455373 418
0.455373 417
0.455373 415
0.455099 413
0.454982 411
0.454928 410
0.454796 408
0.454662 408
0.454395 406
0.454187 406
0.453925 402
0.453667 402
0.453667 401
0.453551 400
0.453328 399
0.453105 398
0.452878 398
0.452748 398
0.452748 397
0.452493 397
0.452362 397
0.452108 395
0.451972 395
0.451573 393
0.451413 392
0.451413 391
0.451297 391
0.45088 386
0.450497 386
0.450497 385
0.450247 383
0.449982 382
0.449626 379
0.449512 376
0.449383 372
0.448973 371
0.448973 370
0.448705 364
0.448705 363
0.448573 363
0.448332 362
0.448332 359
0.44832 357
0.448193 357
0.448193 354
0.448065 353
0.447812 349
0.447812 348
0.447759 345
0.447458 344
0.447252 341
0.447005 340
0.446956 337
0.446812 333
0.446558 330
0.446169 329
0.446169 327
0.445694 325
0.445577 324
0.445463 322
0.444814 320
0.444297 318
0.443799 314
0.443571 312
0.443199 308
0.442961 307
0.442824 306
0.442698 306
0.442332 303
0.441978 303
0.441854 302
0.441485 302
0.441381 301
0.441276 301
0.4408 299
0.440659 295
0.440552 294
0.44043 291
0.440297 291
0.439941 288
0.439694 288
0.439694 287
0.439437 286
0.439313 284
0.439076 283
0.438822 279
0.438462 278
0.437857 277
0.437631 272
0.437614 269
0.43723 267
0.437122 265
0.436733 262
0.436486 262
0.436371 261
0.435993 259
0.435736 257
0.435615 254
0.435144 253
0.43498 251
0.434646 247
0.434535 247
0.434314 242
0.433554 242
0.433256 240
0.433256 239
0.433001 237
0.433001 236
0.432617 235
0.432373 234
0.43172 234
0.43149 233
0.430996 231
0.430488 226
0.429949 224
0.429487 224
0.42925 224
0.428712 223
0.428374 223
0.428109 222
0.427756 220
0.427709 219
0.427447 218
0.426868 217
0.426387 216
0.426147 216
0.425911 214
0.425658 213
0.425059 212
0.424829 212
0.424557 211
0.423949 209
0.423682 209
0.423599 208
0.423355 207
0.423136 205
0.422992 203
0.422653 201
0.421928 201
0.421687 201
0.421205 199
0.42084 199
0.42071 199
0.420319 198
0.419814 197
0.419675 194
0.418972 193
0.418383 191
0.417774 190
0.417378 190
0.416642 189
0.416187 187
0.416081 187
0.415756 186
0.415383 184
0.415072 180
0.414444 179
0.414312 178
0.413957 178
0.413588 178
0.412949 178
0.412817 178
0.412332 176
0.412227 175
0.411993 174
0.411783 172
0.41115 169
0.410726 168
0.410608 168
0.410356 168
0.409874 165
0.409509 164
0.409146 164
0.408763 163
0.408702 162
0.408464 162
0.408333 160
0.408053 159
0.407801 156
0.407445 154
0.407087 153
0.406857 152
0.406536 151
0.406275 150
0.405677 150
0.405273 149
0.404866 149
0.4045 148
0.404363 144
0.40374 144
0.403666 143
0.403193 143
0.402819 143
0.40257 142
0.402229 141
0.401492 141
0.40087 141
0.40026 140
0.399909 140
0.399557 140
0.3987 138
0.397593 138
0.397461 137
0.396846 137
0.396322 133
0.395959 132
0.395436 132
0.39522 130
0.394597 129
0.394278 127
0.393901 127
0.393567 125
0.393073 124
0.392829 124
0.392238 119
0.391893 119
0.391319 118
0.390798 118
0.390283 118
0.389529 118
0.389529 117
0.389213 116
0.388218 116
0.387734 115
0.387223 115
0.386372 113
0.385631 113
0.385005 112
0.384872 112
0.384401 112
0.383649 110
0.383136 109
0.382282 108
0.381812 108
0.381551 107
0.381451 107
0.380197 106
0.379711 105
0.379326 103
0.378451 103
0.378309 103
0.377802 102
0.377436 101
0.376838 100
0.375439 99
0.374835 99
0.374675 98
0.374045 97
0.37392 96
0.373231 95
0.372924 94
0.372686 94
0.372431 94
0.371267 93
0.370772 92
0.370671 90
0.37055 90
0.370037 90
0.369417 89
0.369051 88
0.368426 87
0.367616 85
0.367616 84
0.366305 81
0.365962 80
0.365389 80
0.365117 80
0.364622 80
0.364141 79
0.363391 77
0.363156 77
0.362651 77
0.362271 77
0.360818 76
0.360433 76
0.359758 75
0.359224 75
0.358577 75
0.358186 75
0.357535 75
0.357304 74
0.356836 73
0.356458 73
0.355689 72
0.355346 72
0.354967 72
0.354645 70
0.353655 69
0.352262 69
0.351437 67
0.35081 67
0.350117 66
0.349524 65
0.349043 65
0.348041 65
0.347258 64
0.346652 64
0.346025 63
0.344916 63
0.344667 63
0.343637 63
0.343265 63
0.342803 61
0.342175 59
0.341558 58
0.34095 58
0.340821 58
0.340166 57
0.340035 57
0.339496 57
0.338867 55
0.337765 54
0.336739 54
0.336076 53
0.335836 53
0.334822 52
0.333786 52
0.332985 51
0.332598 51
0.332455 51
0.332197 49
0.331536 49
0.331032 49
0.330303 49
0.328683 49
0.327896 49
0.326874 49
0.326363 49
0.325635 49
0.325114 49
0.32474 49
0.32364 49
0.32231 49
0.321798 49
0.320585 46
0.319976 46
0.318991 46
0.318615 46
0.318243 46
0.317185 45
0.316805 45
0.316419 44
0.315793 44
0.31557 42
0.314995 40
0.314215 40
0.313311 40
0.312811 40
0.311898 39
0.311261 39
0.310778 39
0.31 39
0.309735 38
0.309241 38
0.308316 38
0.307557 38
0.307061 38
0.305929 38
0.305532 38
0.305425 38
0.304785 38
0.304137 38
0.303894 38
0.303057 37
0.302677 37
0.302197 36
0.302065 36
0.301189 36
0.300577 35
0.300318 35
0.299666 35
0.298794 35
0.298535 34
0.298151 34
0.297285 34
0.296726 34
0.295744 32
0.295206 31
0.294082 31
0.29345 31
0.292936 31
0.292424 31
0.291678 31
0.291174 31
0.290128 31
0.289503 31
0.288882 31
0.288329 30
0.287323 30
0.287198 30
0.286471 29
0.285972 28
0.285493 26
0.285227 25
0.284196 25
0.283568 25
0.282517 25
0.281893 25
0.281114 25
0.279895 24
0.279521 23
0.278788 23
0.278053 21
0.277422 21
0.276313 21
0.275528 21
0.274906 21
0.273893 20
0.273013 20
0.272478 20
0.271584 20
0.270987 20
0.270211 20
0.269933 19
0.268987 18
0.267645 17
0.266724 16
0.265842 16
0.265216 16
0.264325 16
0.263456 16
0.262708 16
0.262066 15
0.261298 15
0.260571 15
0.260319 15
0.259923 15
0.25941 15
0.258413 15
0.257408 15
0.256393 15
0.255576 15
0.254913 15
0.254125 15
0.253321 15
0.252589 15
0.252084 15
0.250847 14
0.250354 14
0.249452 14
0.248714 14
0.24859 14
0.24796 14
0.247579 14
0.24684 14
0.246717 14
0.245818 14
0.244269 14
0.243491 14
0.242366 13
0.241972 13
0.241193 13
0.240044 13
0.239119 12
0.238111 12
0.237619 12
0.236554 11
0.236039 11
0.23489 11
0.234269 11
0.232942 11
0.231546 11
0.231293 11
0.231033 10
0.230256 10
0.229225 9
0.228463 9
0.227738 9
0.227004 9
0.226481 9
0.226108 9
0.225076 9
0.223905 9
0.2222 9
0.221678 9
0.220857 9
0.219845 9
0.219318 9
0.218333 9
0.218067 9
0.217746 8
0.217225 8
0.216808 8
0.215927 8
0.215671 8
0.21465 8
0.213877 8
0.212667 7
0.211524 7
0.210753 7
0.21025 7
0.209244 7
0.208486 7
0.208107 7
0.207461 7
0.206541 7
0.20539 7
0.204767 7
0.204137 7
0.203875 7
0.203375 7
0.203117 7
0.201864 7
0.200137 7
0.199267 7
0.198411 6
0.197779 6
0.196478 6
0.195706 6
0.195193 6
0.19415 6
0.192896 6
0.192527 6
0.192275 6
0.191224 6
0.191105 6
0.190363 6
0.189213 6
0.18881 6
0.187803 6
0.186893 6
0.185843 6
0.18548 6
0.184439 6
0.183077 6
0.182496 6
0.18211 6
0.181716 6
0.181116 6
0.180342 6
0.179298 6
0.178911 6
0.178277 6
0.176877 6
0.176133 6
0.175337 6
0.174146 5
0.173403 5
0.173136 5
0.172642 5
0.171771 5
0.17105 5
0.170263 5
0.168628 4
0.167979 4
0.167232 4
0.16624 4
0.16522 4
0.16446 4
0.163852 4
0.163583 4
0.162654 4
0.162063 4
0.16181 4
0.160818 4
0.160187 4
0.159296 4
0.158262 4
0.157131 4
0.156195 4
0.155829 4
0.155181 4
0.154187 4
0.15368 4
0.153044 4
0.152565 4
0.151694 3
0.151212 3
0.150719 3
0.149988 3
0.149337 3
0.148678 3
0.148316 3
0.147321 3
0.146664 3
0.145771 3
0.14515 3
0.144393 3
0.143396 3
0.142148 3
0.140984 3
0.140462 3
0.139449 3
0.138939 3
0.138202 3
0.137424 3
0.136788 3
0.136294 3
0.135906 3
0.135252 3
0.134726 3
0.133963 3
0.133586 3
0.132684 3
0.131899 3
0.131001 3
0.130236 3
0.129616 3
0.128416 3
0.128031 3
0.127402 3
0.126641 3
0.126034 3
0.125555 3
0.125054 3
0.124672 3
0.123875 3
0.122623 3
0.121978 3
0.121204 3
0.120822 2
0.120341 2
0.119466 2
0.118962 2
0.118195 2
0.117656 2
0.116551 2
0.115785 2
0.115259 2
0.114603 2
0.113678 2
0.113293 2
0.112276 2
0.111522 2
0.11126 2
0.110761 2
0.110285 2
0.109752 2
0.10937 2
0.109236 2
0.108959 2
0.108333 2
0.107835 2
0.107331 2
0.10682 2
0.106462 2
0.105708 2
0.105051 2
0.104443 2
0.103661 2
0.102637 2
0.102499 2
0.101881 2
0.101107 2
0.10048 2
0.0994354 2
0.0986663 2
0.0984268 2
0.0980582 2
0.0971469 2
0.0964981 2
0.0961038 2
0.0953482 2
0.0949849 2
0.0943677 2
0.0941138 2
0.0932189 2
0.0923525 2
0.0919818 2
0.0912323 2
0.0908531 2
0.0903127 2
0.0894272 2
0.0888773 2
0.088512 2
0.0882726 2
0.0869845 2
0.0864946 2
0.0858473 2
0.0853243 2
0.084696 2
0.0840243 2
0.0832948 2
0.0825049 2
0.0823896 2
0.0822555 2
0.0816591 2
0.0814121 2
0.0812888 2
0.080786 2
0.0803046 2
0.0798481 1
0.0794473 1
0.0787931 1
0.0785436 1
0.0779075 1
0.0776491 1
0.0771408 1
0.0768616 1
0.0763609 1
0.0759557 1
0.0752103 1
0.0749481 1
0.0745835 1
0.0738149 1
0.0734173 1
0.0731576 1
0.0725373 1
0.0724005 1
0.0717654 1
0.0711469 1
0.0705061 1
0.0702581 1
0.0698697 1
0.0693651 1
0.068601 1
0.0680763 1
0.0678175 1
0.0673215 1
0.066819 1
0.0663253 1
0.0659626 1
0.065353 1
0.0649729 1
0.0648328 1
0.0644412 1
0.0641676 1
0.064048 1
0.0636749 1
0.0631848 1
0.0629211 1
0.06267 1
0.062177 1
0.0617938 1
0.0609577 1
0.0604631 1
0.060081 1
0.0595664 1
0.0593194 1
0.0584149 1
0.057905 1
0.0575467 1
0.0569031 1
0.056362 1
0.0558185 1
0.0550591 1
0.0546763 1
0.0541685 1
0.0537882 1
0.053122 1
0.0526056 1
0.051943 1
0.0510766 1
0.0506881 1
0.050156 1
0.0500206 1
0.0496187 1
0.0492367 1
0.0488316 1
0.0483373 1
0.0478076 1
0.0476686 1
0.0469028 1
0.0462641 1
0.0459985 1
0.0454963 1
0.045234 1
0.044965 1
0.0448306 1
0.0445898 1
0.0438009 1
0.0436782 1
0.0432843 1
0.042776 1
0.0423914 1
0.0417661 1
0.0411359 1
0.0407514 1
0.0406314 1
0.0402858 1
0.03965 1
0.0391628 1
0.0390275 1
0.0389039 1
0.0387725 1
0.0379776 1
0.0378551 1
0.0376108 1
0.0374896 1
0.0369632 1
0.0367142 1
0.0362035 1
0.035816 1
0.0356811 1
0.0354317 1
0.0353046 1
0.0350455 1
0.034306 1
0.0340454 1
0.0332556 1
0.0331306 1
0.0327525 1
0.0324952 1
0.0319729 1
0.0317136 1
0.0310774 1
0.0307086 1
0.0305804 1
0.0304588 1
0.0300848 1
0.029958 1
0.0294242 1
0.0290612 1
0.0287999 1
0.0286613 1
0.0285337 1
0.0284269 1
0.0282979 1
0.0280477 1
0.0277835 1
0.027542 1
0.0271767 1
0.0267805 1
0.0265285 1
0.0262662 1
0.0260407 0
0.0259172 0
0.0256525 0
0.0252786 0
0.0250243 0
0.0246471 0
0.0245179 0
0.0242422 0
0.0239909 0
0.0238567 0
0.023723 0
0.023588 0
0.0232032 0
0.0229447 0
0.0225818 0
0.0224513 0
0.0222047 0
0.0220789 0
0.0215662 0
0.0212972 0
0.0211677 0
0.021034 0
0.0207834 0
0.0202815 0
0.0197802 0
0.0196444 0
0.0192706 0
0.0190102 0
0.0188945 0
0.0186372 0
0.0185121 0
0.018374 0
0.018228 0
0.0179767 0
0.0178534 0
0.0177289 0
0.0176021 0
0.0174701 0
0.0169676 0
0.0166081 0
0.0164755 0
0.0161972 0
0.0160691 0
0.0159323 0
0.0155214 0
0.0153892 0
0.0150119 0
0.0148899 0
0.0146342 0
0.0144987 0
0.0143733 0
0.0142411 0
0.0141126 0
0.0137273 0
0.0136012 0
0.0133532 0
0.0132177 0
0.013094 0
0.0129649 0
0.0128304 0
0.0126992 0
0.012564 0
0.0123145 0
0.0120372 0
0.0119135 0
0.0117938 0
0.0115426 0
0.011281 0
0.011153 0
0.0110218 0
0.0107838 0
0.0105161 0
0.0102625 0
0.00999734 0
0.00986437 0
0.00973547 0
0.00960624 0
0.00948138 0
0.00935249 0
0.00922716 0
0.00909937 0
0.00897624 0
0.00883976 0
0.00870131 0
0.00832063 0
0.00820795 0
0.00799398 0
0.00786148 0
0.00772258 0
0.00758673 0
0.0074578 0
0.00732734 0
0.00719812 0
0.0070624 0
0.00679187 0
0.00665764 0
0.00652695 0
0.00638272 0
0.00625505 0
0.00612872 0
0.00600575 0
0.00588043 0
0.00575308 0
0.00561473 0
0.00549789 0
0.00537944 0
0.00523903 0
0.00499485 0
0.00486876 0
0.00474148 0
0.00461268 0
0.00449284 0
0.00436105 0
0.00397166 0
0.00383986 0
0.00371629 0
0.00345015 0
0.00331666 0
0.00318547 0
0.0030502 0
0.00292811 0
0.00265795 0
0.00252648 0
0.00239429 0
0.00214541 0
0.00201645 0
0.00188107 0
0.00176473 0
0.0016279 0
0.00150118 0
0.00124828 0
0.00112388 0
0.00099699 0
0.000889218 0
0.000756921 0
0.00062607 0
0.000502307 0
0.000374857 0
0.000245358 0
0.000121955 0
0 0
