0.693483 293 -0.9
0.693483 292 -0.67
0.693483 291 -0.38
0.693289 291 -0.36
0.693096 291 -0.25
0.693096 290 -0.24
0.692903 290 -0.18
0.692903 289 -0.16
0.692903 288 -0.07
0.692903 287 -0.06
0.692903 286 -0.01
0.692903 285 0.05
0.692903 284 0.08
0.692903 283 0.16
0.692903 282 0.24
0.692903 281 0.25
0.692903 280 0.28
0.692903 279 0.3
0.692709 279 0.35
0.692516 279 0.37
0.692323 279 0.4
0.692129 279 0.41
0.692129 278 0.44
0.692129 277 0.48
0.692129 276 0.51
0.692129 275 0.52
0.692129 274 0.53
0.692129 273 0.55
0.691936 273 0.56
0.691936 272 0.57
0.691742 271 0.66
0.691549 270 0.69
0.691356 269 0.73
0.691356 268 0.83
0.691162 268 0.85
0.690969 268 0.86
0.690969 267 0.87
0.690969 266 0.91
0.690775 266 0.95
0.690582 266 0.96
0.690582 265 0.97
0.690389 264 1
0.690195 263 1.02
0.690195 262 1.03
0.690002 262 1.04
0.689809 262 1.05
0.689809 261 1.06
0.689809 260 1.09
0.689615 260 1.1
0.689615 259 1.11
0.689422 258 1.14
0.689422 256 1.16
0.689422 255 1.17
0.689422 254 1.18
0.689035 254 1.19
0.688842 254 1.22
0.688842 253 1.23
0.688648 252 1.25
0.688648 251 1.27
0.688648 250 1.31
0.688648 249 1.32
0.688648 248 1.34
0.688648 247 1.37
0.688648 246 1.38
0.688648 245 1.4
0.688455 244 1.45
0.688261 244 1.48
0.688261 243 1.5
0.688261 241 1.54
0.688068 240 1.55
0.688068 239 1.57
0.687681 239 1.58
0.687488 239 1.6
0.687295 238 1.64
0.687101 237 1.71
0.687101 235 1.76
0.687101 234 1.77
0.687101 233 1.78
0.686908 231 1.81
0.686714 231 1.82
0.686714 229 1.83
0.686714 228 1.84
0.686521 226 1.85
0.686328 226 1.86
0.686134 226 1.88
0.685941 226 1.89
0.685941 225 1.91
0.685747 223 1.92
0.685747 222 1.93
0.685747 220 1.95
0.685747 219 1.96
0.685554 217 1.97
0.685361 217 1.99
0.685167 216 2
0.684974 214 2.03
0.684974 213 2.04
0.684781 212 2.08
0.684587 212 2.09
0.684394 212 2.1
0.684394 211 2.11
0.6842 211 2.12
0.684007 211 2.13
0.683427 209 2.14
0.683427 208 2.16
0.683427 206 2.18
0.68304 205 2.19
0.68304 204 2.22
0.68304 203 2.26
0.682847 202 2.28
0.682653 202 2.32
0.68246 201 2.33
0.682073 201 2.35
0.68188 201 2.36
0.681686 201 2.39
0.681686 200 2.4
0.6813 200 2.41
0.680913 198 2.42
0.680913 197 2.43
0.680719 196 2.47
0.680333 196 2.49
0.679559 196 2.51
0.679366 195 2.52
0.679366 194 2.53
0.679172 194 2.54
0.678979 193 2.55
0.678592 193 2.57
0.678205 193 2.58
0.678205 192 2.6
0.678012 190 2.61
0.678012 189 2.63
0.677819 189 2.64
0.677625 188 2.65
0.677432 188 2.66
0.677432 186 2.7
0.677238 185 2.71
0.677238 184 2.72
0.677238 183 2.73
0.676852 183 2.75
0.676658 183 2.76
0.676465 181 2.77
0.676272 181 2.78
0.676078 181 2.79
0.675885 181 2.8
0.675691 181 2.81
0.675305 179 2.83
0.674531 179 2.85
0.674144 179 2.87
0.673564 179 2.88
0.673371 179 2.9
0.673371 177 2.91
0.672984 176 2.92
0.672984 175 2.95
0.672597 175 2.96
0.672404 175 2.97
0.67221 175 2.99
0.672017 174 3
0.671824 174 3.01
0.671824 173 3.02
0.671437 173 3.03
0.67105 173 3.04
0.670857 173 3.06
0.670857 172 3.08
0.67047 170 3.09
0.670277 170 3.11
0.670277 168 3.12
0.670277 167 3.13
0.670083 167 3.15
0.669696 167 3.16
0.669696 166 3.17
0.669503 166 3.19
0.66931 166 3.2
0.668729 166 3.21
0.668343 165 3.22
0.667182 163 3.23
0.666796 163 3.24
0.666602 163 3.25
0.666215 162 3.27
0.665635 160 3.29
0.665635 159 3.3
0.665635 157 3.31
0.665249 157 3.32
0.665249 156 3.33
0.664862 155 3.34
0.664862 154 3.35
0.664475 153 3.36
0.664088 152 3.37
0.663508 152 3.38
0.663121 151 3.39
0.662734 150 3.4
0.662348 150 3.41
0.661768 149 3.42
0.661768 148 3.43
0.661187 146 3.44
0.661187 145 3.45
0.661187 144 3.46
0.661187 143 3.47
0.660994 143 3.48
0.660607 142 3.49
0.660414 142 3.5
0.659834 141 3.51
0.65964 140 3.52
0.65964 138 3.53
0.65906 136 3.55
0.658867 136 3.56
0.65848 135 3.57
0.65848 133 3.58
0.658287 132 3.59
0.658093 132 3.6
0.657706 132 3.61
0.657706 131 3.62
0.65732 131 3.63
0.657126 131 3.64
0.657126 128 3.65
0.656933 125 3.66
0.65674 124 3.67
0.656546 123 3.68
0.656159 123 3.69
0.655966 123 3.7
0.654999 123 3.71
0.654806 121 3.72
0.654032 120 3.73
0.653645 119 3.74
0.653452 119 3.75
0.653452 118 3.76
0.653065 118 3.77
0.652872 116 3.78
0.652292 116 3.79
0.652098 116 3.8
0.652098 115 3.81
0.651905 114 3.82
0.651711 114 3.83
0.651518 114 3.84
0.651325 114 3.85
0.651131 113 3.86
0.650938 113 3.87
0.650358 110 3.88
0.649971 109 3.89
0.649778 109 3.9
0.649004 109 3.91
0.648811 109 3.92
0.648037 108 3.93
0.64765 108 3.95
0.646877 105 3.96
0.646683 105 3.97
0.64649 103 3.98
0.64649 102 3.99
0.646103 102 4
0.645716 100 4.01
0.64533 100 4.02
0.64475 99 4.04
0.644363 99 4.05
0.643783 99 4.06
0.643589 98 4.07
0.643202 98 4.08
0.642622 98 4.09
0.642429 97 4.1
0.642042 97 4.11
0.641655 97 4.12
0.641269 97 4.13
0.641075 97 4.14
0.640688 97 4.15
0.640302 95 4.16
0.639915 95 4.17
0.639141 94 4.18
0.638948 93 4.19
0.638174 92 4.2
0.637788 90 4.21
0.636821 89 4.22
0.636241 88 4.23
0.636241 86 4.24
0.636047 86 4.25
0.635467 84 4.26
0.634887 83 4.27
0.63334 83 4.28
0.63276 83 4.29
0.632566 83 4.3
0.632373 83 4.31
0.631599 83 4.32
0.630826 83 4.33
0.630246 83 4.34
0.629665 83 4.35
0.629279 83 4.36
0.628699 83 4.37
0.628699 82 4.39
0.628505 80 4.4
0.627925 79 4.41
0.627345 79 4.42
0.626765 79 4.43
0.625991 79 4.44
0.625218 78 4.45
0.624831 78 4.46
0.624057 78 4.47
0.62367 76 4.48
0.623477 76 4.49
0.622123 76 4.5
0.621156 75 4.51
0.620383 74 4.52
0.619803 74 4.53
0.618642 73 4.54
0.618449 72 4.55
0.618062 69 4.56
0.616709 69 4.57
0.616128 69 4.58
0.615935 68 4.59
0.615161 68 4.6
0.614968 68 4.61
0.614775 68 4.62
0.613808 68 4.63
0.612647 68 4.64
0.611487 67 4.65
0.61052 67 4.66
0.610327 67 4.67
0.60936 67 4.68
0.608973 67 4.69
0.6082 67 4.7
0.608006 66 4.71
0.607233 66 4.72
0.607039 65 4.73
0.606072 65 4.74
0.604912 64 4.75
0.604138 62 4.76
0.603172 62 4.77
0.602785 62 4.78
0.602591 61 4.79
0.602011 61 4.8
0.600851 61 4.81
0.600271 60 4.82
0.59911 59 4.83
0.59853 59 4.84
0.598143 59 4.85
0.597757 59 4.86
0.596596 59 4.87
0.595629 59 4.88
0.595243 58 4.89
0.594469 58 4.9
0.593889 57 4.91
0.593309 57 4.92
0.591762 57 4.93
0.591375 57 4.94
0.590601 55 4.95
0.590215 55 4.96
0.589828 55 4.97
0.589054 55 4.98
0.588474 53 4.99
0.587507 52 5
0.58712 52 5.01
0.586347 52 5.02
0.585187 51 5.03
0.584606 51 5.04
0.584413 50 5.05
0.584026 50 5.06
0.583059 50 5.07
0.583059 48 5.08
0.581706 48 5.09
0.581319 48 5.1
0.580545 47 5.11
0.580352 47 5.12
0.580159 47 5.13
0.579385 47 5.14
0.578805 47 5.15
0.578031 47 5.16
0.575904 47 5.17
0.57455 47 5.18
0.57397 47 5.19
0.573003 46 5.2
0.572423 46 5.21
0.571843 46 5.22
0.571263 46 5.23
0.571069 46 5.24
0.570683 46 5.25
0.569716 46 5.26
0.568942 46 5.27
0.567588 46 5.28
0.566815 46 5.29
0.565268 46 5.3
0.564301 46 5.31
0.563721 46 5.32
0.563334 45 5.33
0.562947 44 5.34
0.562367 43 5.35
0.560627 43 5.36
0.56024 43 5.37
0.55966 42 5.38
0.558499 42 5.39
0.557726 42 5.4
0.556952 41 5.41
0.556179 41 5.42
0.555792 41 5.43
0.554632 40 5.44
0.554051 40 5.45
0.553085 40 5.46
0.551731 40 5.47
0.550764 40 5.48
0.549797 40 5.49
0.549217 40 5.5
0.547863 40 5.51
0.546316 40 5.52
0.545929 40 5.53
0.544769 40 5.54
0.544382 40 5.55
0.543802 39 5.56
0.543028 38 5.57
0.542255 38 5.58
0.540708 38 5.59
0.539547 38 5.6
0.538581 38 5.61
0.53742 38 5.62
0.536647 37 5.63
0.536067 36 5.64
0.534906 36 5.65
0.534519 35 5.66
0.534133 35 5.67
0.533553 35 5.68
0.532392 35 5.69
0.531812 35 5.7
0.530845 34 5.71
0.530072 34 5.72
0.529298 34 5.73
0.529105 34 5.74
0.528718 34 5.75
0.527944 33 5.76
0.527558 33 5.77
0.526204 33 5.78
0.52543 31 5.79
0.52485 31 5.8
0.524463 30 5.81
0.523883 29 5.82
0.52311 28 5.83
0.522529 28 5.84
0.521949 28 5.85
0.521176 28 5.86
0.520596 28 5.87
0.520015 28 5.88
0.518662 28 5.89
0.518082 28 5.9
0.517308 28 5.91
0.516535 28 5.92
0.515568 28 5.93
0.514794 28 5.94
0.514214 27 5.95
0.513247 27 5.96
0.512087 27 5.97
0.510153 27 5.98
0.509766 27 5.99
0.508799 27 6
0.508026 26 6.01
0.507059 25 6.02
0.505705 25 6.03
0.505125 25 6.04
0.504545 25 6.05
0.503578 24 6.06
0.502804 23 6.07
0.502417 22 6.08
0.501644 22 6.09
0.501064 22 6.1
0.50029 22 6.11
0.499517 22 6.12
0.498936 22 6.13
0.49855 22 6.14
0.497196 22 6.15
0.496036 22 6.16
0.494875 22 6.17
0.492941 22 6.18
0.492168 22 6.19
0.491008 21 6.2
0.490621 21 6.21
0.489847 21 6.22
0.489267 21 6.23
0.488107 21 6.24
0.487333 21 6.25
0.48714 21 6.26
0.486173 20 6.27
0.485593 19 6.28
0.484626 19 6.29
0.484239 19 6.3
0.482885 19 6.31
0.482112 19 6.32
0.481338 19 6.33
0.479985 19 6.34
0.478631 18 6.35
0.478051 18 6.36
0.477857 18 6.37
0.477664 18 6.38
0.47631 18 6.39
0.474763 18 6.4
0.474183 17 6.41
0.473603 17 6.42
0.472056 17 6.43
0.470702 17 6.44
0.469542 17 6.45
0.468575 17 6.46
0.467608 17 6.47
0.466834 16 6.48
0.465674 16 6.49
0.4649 16 6.5
0.463547 16 6.51
0.462386 16 6.52
0.461419 16 6.53
0.460259 16 6.54
0.459099 16 6.55
0.457745 16 6.56
0.456778 15 6.57
0.455811 15 6.58
0.454844 15 6.59
0.453684 15 6.6
0.45291 15 6.61
0.451557 15 6.62
0.449816 15 6.63
0.448463 15 6.64
0.447302 15 6.65
0.446722 15 6.66
0.445562 15 6.67
0.444208 15 6.68
0.444015 15 6.69
0.443048 15 6.7
0.440534 15 6.71
0.439954 15 6.72
0.43918 15 6.73
0.437826 15 6.74
0.437053 15 6.75
0.435699 15 6.76
0.434539 15 6.77
0.433378 15 6.78
0.432025 15 6.79
0.429704 15 6.8
0.428737 14 6.81
0.428157 13 6.82
0.42719 13 6.83
0.426417 13 6.84
0.424096 13 6.85
0.423709 13 6.86
0.422549 13 6.87
0.421389 13 6.88
0.420035 13 6.89
0.419261 13 6.9
0.417521 13 6.91
0.416554 13 6.92
0.415587 13 6.93
0.413653 13 6.94
0.413073 13 6.95
0.412106 13 6.96
0.410946 13 6.97
0.409592 13 6.98
0.407851 13 6.99
0.406885 13 7
0.405337 12 7.01
0.403984 12 7.02
0.402243 12 7.03
0.401276 12 7.04
0.401083 12 7.05
0.399342 12 7.06
0.398376 12 7.07
0.397409 12 7.08
0.396442 12 7.09
0.395668 12 7.1
0.394314 12 7.11
0.392767 12 7.12
0.392381 12 7.13
0.3918 12 7.14
0.390253 11 7.15
0.38948 11 7.16
0.389093 11 7.17
0.387933 11 7.18
0.386966 11 7.19
0.385225 11 7.2
0.384258 10 7.21
0.382325 10 7.22
0.381358 10 7.23
0.37981 10 7.24
0.377103 10 7.25
0.375169 9 7.26
0.374782 9 7.27
0.373816 9 7.28
0.372075 9 7.29
0.371108 9 7.3
0.370528 9 7.31
0.369754 8 7.32
0.368401 8 7.33
0.367434 8 7.34
0.365887 8 7.35
0.364533 8 7.36
0.363566 8 7.37
0.362406 8 7.38
0.360278 7 7.39
0.359118 6 7.4
0.357571 6 7.41
0.355831 6 7.42
0.35525 6 7.43
0.35409 6 7.44
0.352543 5 7.45
0.351189 5 7.46
0.350029 5 7.47
0.349642 5 7.48
0.348675 5 7.49
0.347708 5 7.5
0.346741 5 7.51
0.346161 5 7.52
0.344808 5 7.53
0.344421 5 7.54
0.343841 5 7.55
0.342294 5 7.56
0.341133 5 7.57
0.340166 5 7.58
0.338426 5 7.59
0.336879 5 7.6
0.336299 5 7.61
0.334751 5 7.62
0.333978 5 7.63
0.331851 5 7.64
0.331077 5 7.65
0.330304 5 7.66
0.329143 5 7.67
0.328563 5 7.68
0.326436 5 7.69
0.324889 5 7.7
0.322762 5 7.71
0.321214 5 7.72
0.319281 5 7.73
0.317927 4 7.74
0.31696 4 7.75
0.316186 4 7.76
0.315606 4 7.77
0.312705 4 7.78
0.311545 4 7.79
0.309031 4 7.8
0.308258 4 7.81
0.306517 4 7.82
0.305163 4 7.83
0.303423 4 7.84
0.303036 4 7.85
0.302263 4 7.86
0.300716 4 7.87
0.300135 4 7.88
0.298975 4 7.89
0.297428 4 7.9
0.296074 4 7.91
0.294914 4 7.92
0.294334 4 7.93
0.2924 4 7.94
0.291433 4 7.95
0.290659 4 7.96
0.289499 4 7.97
0.288532 4 7.98
0.286792 4 7.99
0.285825 4 8
0.283891 4 8.01
0.283504 4 8.02
0.282731 4 8.03
0.28157 4 8.04
0.280797 4 8.05
0.27983 4 8.06
0.278863 4 8.07
0.277122 4 8.08
0.275962 4 8.09
0.275189 4 8.1
0.273641 4 8.11
0.273061 4 8.12
0.272481 4 8.13
0.271321 4 8.14
0.270161 4 8.15
0.269 4 8.16
0.26842 4 8.17
0.266873 3 8.18
0.265906 3 8.19
0.264746 3 8.2
0.263199 3 8.21
0.262232 3 8.22
0.261652 3 8.23
0.261265 3 8.24
0.260491 3 8.25
0.259911 3 8.26
0.258557 3 8.27
0.257204 3 8.28
0.256043 3 8.29
0.25469 3 8.3
0.253723 3 8.31
0.252756 3 8.32
0.251982 3 8.33
0.250822 3 8.34
0.250048 3 8.35
0.249081 2 8.36
0.248308 2 8.37
0.246567 2 8.38
0.245407 2 8.39
0.244634 2 8.4
0.2427 2 8.41
0.241733 2 8.42
0.240379 2 8.43
0.239605 2 8.44
0.238639 2 8.45
0.236898 2 8.46
0.235544 2 8.47
0.235158 2 8.48
0.234384 2 8.49
0.233417 2 8.5
0.232837 2 8.51
0.232063 2 8.52
0.230516 2 8.53
0.229743 2 8.54
0.228776 2 8.55
0.228582 2 8.56
0.227422 2 8.57
0.226842 2 8.58
0.224715 2 8.59
0.223748 2 8.6
0.222394 2 8.61
0.221427 2 8.62
0.22104 2 8.63
0.2193 2 8.64
0.217753 2 8.65
0.216593 2 8.66
0.215819 2 8.67
0.214272 2 8.68
0.212145 2 8.69
0.210404 2 8.7
0.209631 2 8.71
0.208084 2 8.72
0.206923 2 8.73
0.20557 2 8.74
0.203636 2 8.75
0.203249 2 8.76
0.202475 2 8.77
0.201702 2 8.78
0.200541 2 8.79
0.199188 2 8.8
0.198414 2 8.81
0.197834 2 8.82
0.197061 2 8.83
0.195513 2 8.84
0.19416 2 8.85
0.19358 2 8.86
0.191839 2 8.87
0.191066 2 8.88
0.189905 1 8.89
0.188745 1 8.9
0.187778 1 8.91
0.186038 0 8.92
0.183717 0 8.93
0.18217 0 8.94
0.180816 0 8.95
0.179849 0 8.96
0.178495 0 8.97
0.177335 0 8.98
0.175788 0 8.99
0.173661 0 9
0.172694 0 9.01
0.171147 0 9.02
0.169213 0 9.03
0.168826 0 9.04
0.168246 0 9.05
0.167279 0 9.06
0.165732 0 9.07
0.164378 0 9.08
0.163218 0 9.09
0.162251 0 9.1
0.161864 0 9.11
0.160704 0 9.12
0.160124 0 9.13
0.158963 0 9.14
0.158383 0 9.15
0.15761 0 9.16
0.156836 0 9.17
0.155676 0 9.18
0.154902 0 9.19
0.153935 0 9.2
0.152388 0 9.21
0.150648 0 9.22
0.150068 0 9.23
0.149874 0 9.24
0.149681 0 9.25
0.148714 0 9.26
0.148327 0 9.27
0.147747 0 9.28
0.146393 0 9.29
0.14562 0 9.3
0.144846 0 9.31
0.144073 0 9.32
0.142912 0 9.33
0.142719 0 9.34
0.142139 0 9.35
0.141559 0 9.36
0.140592 0 9.37
0.139238 0 9.38
0.138465 0 9.39
0.137691 0 9.4
0.136724 0 9.41
0.136337 0 9.42
0.13537 0 9.43
0.135177 0 9.44
0.133823 0 9.45
0.132856 0 9.46
0.132276 0 9.47
0.131889 0 9.48
0.131116 0 9.49
0.130342 0 9.5
0.128989 0 9.51
0.127635 0 9.52
0.127248 0 9.53
0.127055 0 9.54
0.126861 0 9.55
0.125894 0 9.56
0.125121 0 9.57
0.124541 0 9.58
0.123574 0 9.59
0.1228 0 9.6
0.12164 0 9.61
0.120286 0 9.62
0.118933 0 9.63
0.117966 0 9.64
0.117385 0 9.65
0.116225 0 9.66
0.115645 0 9.67
0.114871 0 9.68
0.114098 0 9.69
0.112744 0 9.7
0.112357 0 9.71
0.111584 0 9.73
0.111197 0 9.74
0.111004 0 9.75
0.10965 0 9.76
0.108683 0 9.77
0.107523 0 9.78
0.106943 0 9.79
0.105976 0 9.8
0.104622 0 9.81
0.103462 0 9.82
0.102881 0 9.83
0.102495 0 9.84
0.102301 0 9.85
0.101915 0 9.86
0.100948 0 9.87
0.0994005 0 9.88
0.0980468 0 9.89
0.0978534 0 9.9
0.0968865 0 9.91
0.0959196 0 9.92
0.0949526 0 9.93
0.0945658 0 9.94
0.0934055 0 9.95
0.0924386 0 9.96
0.0918584 0 9.97
0.0916651 0 9.98
0.0908915 0 9.99
0.0895378 0 10
0.0885709 0 10.01
0.0881841 0 10.02
0.0874106 0 10.03
0.0870238 0 10.04
0.0868304 0 10.05
0.0864436 0 10.06
0.0860569 0 10.07
0.0854767 0 10.08
0.0848965 0 10.1
0.084123 0 10.11
0.0821891 0 10.12
0.0812222 0 10.13
0.0802553 0 10.14
0.0794817 0 10.15
0.0783214 0 10.16
0.0775479 0 10.17
0.0769677 0 10.18
0.0760008 0 10.19
0.075614 0 10.2
0.0752272 0 10.21
0.0750338 0 10.22
0.0744537 0 10.23
0.0742603 0 10.24
0.0740669 0 10.25
0.0736801 0 10.26
0.0731 0 10.27
0.0725198 0 10.28
0.0723264 0 10.29
0.0719397 0 10.3
0.0703926 0 10.31
0.0700058 0 10.32
0.0694256 0 10.33
0.0686521 0 10.34
0.0684587 0 10.36
0.0680719 0 10.37
0.0674918 0 10.38
0.0672984 0 10.39
0.0669116 0 10.4
0.0665249 0 10.41
0.0661381 0 10.42
0.0655579 0 10.43
0.0651711 0 10.44
0.0643976 0 10.45
0.0642042 0 10.46
0.0636241 0 10.47
0.0630439 0 10.48
0.0624637 0 10.5
0.0614968 0 10.51
0.0605299 0 10.52
0.0595629 0 10.53
0.0589828 0 10.54
0.0584026 0 10.55
0.0578225 0 10.56
0.0572423 0 10.57
0.0566622 0 10.58
0.056082 0 10.59
0.0558886 0 10.61
0.0555018 0 10.62
0.0549217 0 10.63
0.0537614 0 10.64
0.053568 0 10.65
0.0531812 0 10.66
0.0527944 0 10.67
0.0524077 0 10.68
0.0516341 0 10.69
0.0508606 0 10.7
0.0498936 0 10.71
0.0497003 0 10.72
0.0495069 0 10.73
0.0489267 0 10.74
0.0487333 0 10.75
0.0481532 0 10.76
0.047573 0 10.77
0.0467995 0 10.78
0.0466061 0 10.79
0.0464127 0 10.8
0.0458325 0 10.82
0.0454458 0 10.83
0.045059 0 10.84
0.0448656 0 10.85
0.0442854 0 10.86
0.0438987 0 10.87
0.0433185 0 10.88
0.0431251 0 10.89
0.0423516 0 10.9
0.041578 0 10.91
0.0411913 0 10.92
0.0408045 0 10.93
0.0402243 0 10.95
0.0394508 0 10.96
0.0392574 0 10.97
0.0388706 0 10.98
0.0386772 0 10.99
0.0379037 0 11
0.0371301 0 11.01
0.0367434 0 11.03
0.03655 0 11.04
0.0361632 0 11.05
0.0359698 0 11.06
0.0353897 0 11.07
0.0351963 0 11.08
0.0348095 0 11.09
0.0342294 0 11.13
0.0334558 0 11.14
0.033069 0 11.15
0.0328757 0 11.17
0.0324889 0 11.19
0.0322955 0 11.2
0.0319087 0 11.21
0.0315219 0 11.22
0.0313286 0 11.23
0.0309418 0 11.25
0.0301682 0 11.26
0.0290079 0 11.28
0.0284278 0 11.29
0.0282344 0 11.3
0.0278476 0 11.31
0.0276542 0 11.34
0.0272675 0 11.36
0.0268807 0 11.37
0.0266873 0 11.38
0.0263005 0 11.39
0.0261071 0 11.4
0.0251402 0 11.41
0.02456 0 11.42
0.0235931 0 11.43
0.0228196 0 11.45
0.0226262 0 11.46
0.0222394 0 11.49
0.0218526 0 11.5
0.0216593 0 11.51
0.0212725 0 11.52
0.0208857 0 11.53
0.0206923 0 11.54
0.0203056 0 11.55
0.0201122 0 11.57
0.0199188 0 11.58
0.019532 0 11.59
0.0193386 0 11.61
0.0189518 0 11.62
0.0183717 0 11.65
0.0181783 0 11.66
0.0177915 0 11.67
0.0175981 0 11.68
0.0172114 0 11.7
0.017018 0 11.71
0.0166312 0 11.73
0.0160511 0 11.77
0.0158577 0 11.78
0.0156643 0 11.79
0.0154709 0 11.8
0.0152775 0 11.81
0.0148907 0 11.84
0.014504 0 11.85
0.0143106 0 11.87
0.0139238 0 11.9
0.013537 0 11.91
0.0133436 0 11.92
0.0131503 0 11.93
0.0129569 0 11.95
0.0125701 0 11.96
0.0123767 0 11.97
0.0119899 0 11.99
0.0117966 0 12
0.0116032 0 12.03
0.0114098 0 12.04
0.0112164 0 12.05
0.0108296 0 12.07
0.0106362 0 12.09
0.0104429 0 12.13
0.0102495 0 12.18
0.0100561 0 12.19
0.0098627 0 12.2
0.00966931 0 12.23
0.00928254 0 12.24
0.00908915 0 12.25
0.00889576 0 12.27
0.00870238 0 12.32
0.00850899 0 12.37
0.00812222 0 12.38
0.00792883 0 12.39
0.00773545 0 12.42
0.00754206 0 12.47
0.00715529 0 12.49
0.0069619 0 12.53
0.00676852 0 12.54
0.00638174 0 12.56
0.00618836 0 12.58
0.00599497 0 12.64
0.00580159 0 12.65
0.00541481 0 12.68
0.00502804 0 12.74
0.00483465 0 12.78
0.00444788 0 12.8
0.0042545 0 12.91
0.00406111 0 12.92
0.00386772 0 12.99
0.00348095 0 13.01
0.00309418 0 13.07
0.00290079 0 13.08
0.00270741 0 13.1
0.00251402 0 13.11
0.00232063 0 13.18
0.00212725 0 13.23
0.00193386 0 13.24
0.00174048 0 13.28
0.00154709 0 13.29
0.0013537 0 13.34
0.00116032 0 13.49
0.000966931 0 13.5
0.000773545 0 13.51
0.000580159 0 13.8
0.000386772 0 13.86
0.000193386 0 14.13
0 0 1.79769e+308
