0.109073 1
0.10895 1
0.108821 1
0.108695 1
0.108563 1
0.108437 1
0.108306 1
0.108183 1
0.107938 1
0.107804 1
0.107668 1
0.107539 1
0.10743 1
0.107323 1
0.107188 1
0.107062 1
0.106939 1
0.10682 1
0.106695 1
0.106446 1
0.106327 1
0.106193 1
0.105938 1
0.105808 1
0.105557 1
0.105426 1
0.105169 1
0.105028 1
0.104916 1
0.104656 1
0.104521 1
0.104388 1
0.104261 1
0.103883 1
0.103767 1
0.103377 1
0.10299 1
0.102863 1
0.102611 1
0.101854 1
0.101726 1
0.101604 1
0.100848 1
0.100618 1
0.100234 1
0.0998364 1
0.0997022 1
0.0995668 1
0.0993027 1
0.0991758 1
0.0985343 1
0.0984042 1
0.0982708 1
0.098144 1
0.0980129 1
0.0976572 0
0.0975457 0
0.0974185 0
0.0970382 0
0.0967904 0
0.0961661 0
0.0957708 0
0.0955018 0
0.0953921 0
0.0947319 0
0.0946063 0
0.0942272 0
0.0938296 0
0.0937135 0
0.0930631 0
0.0929346 0
0.0928028 0
0.0924068 0
0.092152 0
0.0917764 0
0.0914214 0
0.0912973 0
0.0911607 0
0.0906827 0
0.0903055 0
0.0896894 0
0.089192 0
0.088578 0
0.0879216 0
0.0873004 0
0.0869128 0
0.0861707 0
0.0857887 0
0.0856593 0
0.0855269 0
0.0852578 0
0.0845999 0
0.0844758 0
0.0840753 0
0.0833247 0
0.0825668 0
0.0820578 0
0.0815287 0
0.0811429 0
0.0808771 0
0.0806159 0
0.0803736 0
0.0802414 0
0.0798622 0
0.0793564 0
0.0786361 0
0.0776189 0
0.0768371 0
0.0765755 0
0.0763212 0
0.0760798 0
0.0758254 0
0.0750521 0
0.0748221 0
0.074451 0
0.0742121 0
0.0738193 0
0.0734507 0
0.0733084 0
0.0726694 0
0.0724168 0
0.0721575 0
0.0713821 0
0.0710072 0
0.070742 0
0.0703594 0
0.0701048 0
0.0699765 0
0.0694512 0
0.0690519 0
0.0686791 0
0.0683975 0
0.0680159 0
0.0673935 0
0.0670099 0
0.0662427 0
0.0658695 0
0.0657473 0
0.0647192 0
0.0640942 0
0.0635856 0
0.0633397 0
0.0632095 0
0.0624319 0
0.0623073 0
0.0617917 0
0.0612894 0
0.0604861 0
0.0601109 0
0.0594904 0
0.0584593 0
0.0579407 0
0.0578081 0
0.0576746 0
0.0571585 0
0.0561262 0
0.0557441 0
0.0553582 0
0.0549592 0
0.0548337 0
0.0547026 0
0.0543265 0
0.0539156 0
0.0531298 0
0.0526184 0
0.0523737 0
0.0521218 0
0.0518709 0
0.0516091 0
0.0512109 0
0.0509639 0
0.0505799 0
0.0500719 0
0.0498181 0
0.0495581 0
0.0490463 0
0.0485251 0
0.0483944 0
0.0478891 0
0.0473924 0
0.0467504 0
0.0464944 0
0.0455942 0
0.0453329 0
0.0445468 0
0.0440505 0
0.0438083 0
0.0432848 0
0.0427676 0
0.0417543 0
0.0413521 0
0.0409634 0
0.0408317 0
0.0404363 0
0.0399289 0
0.0396742 0
0.039425 0
0.0391732 0
0.0387783 0
0.0384059 0
0.0382744 0
0.0378814 0
0.0376276 0
0.0373803 0
0.0372547 0
0.0365 0
0.0359789 0
0.0357261 0
0.0350767 0
0.034957 0
0.0348453 0
0.0344513 0
0.0338073 0
0.0336709 0
0.0332943 0
0.0329037 0
0.0322688 0
0.0320198 0
0.0313997 0
0.0310151 0
0.030526 0
0.0303931 0
0.0302645 0
0.0298712 0
0.0296246 0
0.0287027 0
0.0283162 0
0.0281669 0
0.027403 0
0.0266256 0
0.0263752 0
0.0254894 0
0.024997 0
0.0248722 0
0.0242353 0
0.0239663 0
0.0237188 0
0.0233338 0
0.0226087 0
0.0219671 0
0.0214627 0
0.0212034 0
0.0210795 0
0.0208252 0
0.0206939 0
0.0200404 0
0.0195467 0
0.0194187 0
0.0192956 0
0.0190467 0
0.0187883 0
0.0181534 0
0.0178733 0
0.0174843 0
0.0171067 0
0.0168397 0
0.0164448 0
0.0159343 0
0.0154168 0
0.0150088 0
0.0148829 0
0.0144859 0
0.0143538 0
0.0139835 0
0.0137244 0
0.0135889 0
0.0133238 0
0.0130742 0
0.0129406 0
0.0128127 0
0.0125556 0
0.0124325 0
0.0122989 0
0.0120396 0
0.0119078 0
0.0116455 0
0.0112544 0
0.0108817 0
0.0107679 0
0.0103746 0
0.01013 0
0.0100046 0
0.00986793 0
0.00963462 0
0.00936856 0
0.00924094 0
0.00911726 0
0.00859133 0
0.0084661 0
0.00833574 0
0.00821294 0
0.00809445 0
0.00796709 0
0.00772304 0
0.00760362 0
0.00747886 0
0.0073483 0
0.00722177 0
0.00708947 0
0.00684444 0
0.0065852 0
0.00645714 0
0.0060731 0
0.00594883 0
0.00582024 0
0.00555745 0
0.00529261 0
0.00517876 0
0.00491032 0
0.0047815 0
0.0046556 0
0.00452441 0
0.00439791 0
0.00426884 0
0.00413312 0
0.00399898 0
0.00387046 0
0.003758 0
0.00363141 0
0.00350263 0
0.00325507 0
0.00312509 0
0.00299011 0
0.00286881 0
0.00273578 0
0.00260542 0
0.00247296 0
0.00221166 0
0.00195061 0
0.00181984 0
0.00169278 0
0.00142456 0
0.00129172 0
0.0011669 0
0.00103348 0
0.000904499 0
0.000782085 0
0.000642278 0
0.000521372 0
0.000392507 0
0.000263043 0
0.00013169 0
0 0
