0.700638 181 106.29
0.700638 180 106.32
0.700638 179 106.39
0.700638 178 106.43
0.700638 177 106.44
0.700638 176 106.48
0.700638 175 106.51
0.700445 174 106.53
0.700445 173 106.54
0.700445 172 106.55
0.700445 171 106.58
0.700445 170 106.59
0.700445 169 106.61
0.700445 167 106.62
0.700251 167 106.63
0.700058 166 106.66
0.700058 165 106.67
0.700058 164 106.69
0.699865 164 106.7
0.699671 163 106.71
0.699671 162 106.72
0.699478 161 106.73
0.699284 161 106.75
0.699284 160 106.76
0.699091 160 106.79
0.698898 160 106.8
0.698318 160 106.83
0.697931 160 106.84
0.697737 160 106.85
0.697544 160 106.86
0.697157 158 106.87
0.696964 157 106.89
0.696964 156 106.9
0.69677 155 106.91
0.696577 154 106.92
0.696384 154 106.93
0.695997 153 106.94
0.695417 153 106.95
0.695223 153 106.96
0.694643 153 106.97
0.694256 149 106.98
0.693676 146 106.99
0.693096 146 107.01
0.692709 144 107.02
0.692709 143 107.03
0.692323 140 107.04
0.692323 139 107.05
0.692129 138 107.06
0.691742 135 107.07
0.691742 134 107.08
0.690969 134 107.1
0.690969 133 107.11
0.690775 132 107.12
0.690582 132 107.13
0.690002 131 107.14
0.689422 130 107.15
0.689035 130 107.16
0.688648 129 107.17
0.688261 127 107.18
0.687681 125 107.19
0.687101 125 107.2
0.686328 123 107.21
0.685361 120 107.22
0.684781 118 107.23
0.6842 118 107.24
0.683427 117 107.25
0.683233 115 107.26
0.68246 114 107.27
0.681493 112 107.28
0.6813 111 107.29
0.679946 109 107.3
0.679172 107 107.31
0.678205 104 107.32
0.677238 100 107.33
0.676852 98 107.34
0.676272 98 107.35
0.675691 97 107.36
0.674918 94 107.37
0.673564 93 107.38
0.672404 93 107.39
0.67221 93 107.4
0.672017 91 107.41
0.671824 91 107.42
0.67105 89 107.43
0.67047 88 107.44
0.670083 87 107.45
0.668729 86 107.46
0.667763 85 107.47
0.666796 85 107.48
0.666022 83 107.49
0.665442 80 107.5
0.664282 79 107.51
0.663315 78 107.52
0.662348 78 107.53
0.661574 75 107.54
0.660607 75 107.55
0.659447 74 107.56
0.658867 73 107.57
0.657513 72 107.58
0.656159 72 107.59
0.654999 72 107.6
0.653452 70 107.61
0.652485 70 107.62
0.651131 69 107.63
0.649778 69 107.64
0.649197 66 107.65
0.648037 66 107.66
0.646877 65 107.67
0.64533 65 107.68
0.644556 64 107.69
0.643589 64 107.7
0.641655 63 107.71
0.639528 63 107.72
0.637208 63 107.73
0.63566 61 107.74
0.633533 59 107.75
0.631986 58 107.76
0.630052 57 107.77
0.626571 57 107.78
0.625218 57 107.79
0.62367 57 107.8
0.622317 57 107.81
0.620963 57 107.82
0.619609 55 107.83
0.616709 54 107.84
0.615935 53 107.85
0.614388 52 107.86
0.612647 50 107.87
0.609553 50 107.88
0.607619 50 107.89
0.604525 49 107.9
0.603172 46 107.91
0.601624 46 107.92
0.599884 46 107.93
0.597757 43 107.94
0.596016 40 107.95
0.593889 40 107.96
0.590215 38 107.97
0.589248 38 107.98
0.586734 36 107.99
0.583833 36 108
0.581126 34 108.01
0.578805 32 108.02
0.576291 32 108.03
0.574357 31 108.04
0.57223 29 108.05
0.570489 28 108.06
0.566041 28 108.07
0.563914 28 108.08
0.562754 28 108.09
0.561207 28 108.1
0.559466 27 108.11
0.557339 25 108.12
0.555018 25 108.13
0.551344 24 108.14
0.547476 24 108.15
0.545542 24 108.16
0.543415 22 108.17
0.540128 22 108.18
0.53684 21 108.19
0.533553 21 108.2
0.531232 21 108.21
0.528524 20 108.22
0.525044 19 108.23
0.521563 19 108.24
0.519049 18 108.25
0.515568 18 108.26
0.51228 17 108.27
0.509959 16 108.28
0.507832 16 108.29
0.504158 15 108.3
0.501257 15 108.31
0.498163 15 108.32
0.495069 15 108.33
0.491781 14 108.34
0.489267 13 108.35
0.484819 13 108.36
0.481532 13 108.37
0.478631 13 108.38
0.47515 13 108.39
0.471089 12 108.4
0.468575 12 108.41
0.4649 11 108.42
0.461806 11 108.43
0.458712 11 108.44
0.455618 11 108.45
0.45233 11 108.46
0.449043 11 108.47
0.444401 10 108.48
0.441307 10 108.49
0.4386 9 108.5
0.435506 9 108.51
0.431638 9 108.52
0.428157 8 108.53
0.424869 8 108.54
0.419648 8 108.55
0.415394 7 108.56
0.411913 6 108.57
0.407078 6 108.58
0.404177 6 108.59
0.399342 6 108.6
0.397409 6 108.61
0.394895 6 108.62
0.39006 6 108.63
0.386966 6 108.64
0.381744 6 108.65
0.378263 5 108.66
0.372849 5 108.67
0.367434 5 108.68
0.363566 4 108.69
0.360085 3 108.7
0.357571 3 108.71
0.35525 3 108.72
0.350609 2 108.73
0.347902 2 108.74
0.343841 2 108.75
0.339586 2 108.76
0.335525 2 108.77
0.329917 2 108.78
0.325276 2 108.79
0.320634 2 108.8
0.317153 2 108.81
0.311739 2 108.82
0.307291 2 108.83
0.302263 2 108.84
0.297428 2 108.85
0.293367 2 108.86
0.289306 2 108.87
0.284858 2 108.88
0.280603 2 108.89
0.276542 1 108.9
0.272094 1 108.91
0.269194 0 108.92
0.265906 0 108.93
0.261071 0 108.94
0.25759 0 108.95
0.252949 0 108.96
0.248308 0 108.97
0.244053 0 108.98
0.239219 0 108.99
0.235931 0 109
0.23245 0 109.01
0.228969 0 109.02
0.225102 0 109.03
0.222588 0 109.04
0.217946 0 109.05
0.215045 0 109.06
0.209631 0 109.07
0.205183 0 109.08
0.202669 0 109.09
0.199188 0 109.1
0.196094 0 109.11
0.192999 0 109.12
0.190099 0 109.13
0.187391 0 109.14
0.184684 0 109.15
0.181783 0 109.16
0.176562 0 109.17
0.172694 0 109.18
0.17076 0 109.19
0.169213 0 109.2
0.166699 0 109.21
0.163411 0 109.22
0.160704 0 109.23
0.157803 0 109.24
0.155676 0 109.25
0.153162 0 109.26
0.151421 0 109.27
0.148134 0 109.28
0.146587 0 109.29
0.142139 0 109.3
0.137498 0 109.31
0.13479 0 109.32
0.131503 0 109.33
0.129762 0 109.34
0.126475 0 109.35
0.124541 0 109.36
0.12222 0 109.37
0.118739 0 109.38
0.116805 0 109.39
0.114678 0 109.4
0.11139 0 109.41
0.109263 0 109.42
0.106943 0 109.43
0.103462 0 109.44
0.102688 0 109.45
0.0992071 0 109.46
0.0974666 0 109.47
0.0957262 0 109.48
0.0924386 0 109.49
0.0903114 0 109.5
0.0889576 0 109.51
0.0860569 0 109.52
0.0835428 0 109.53
0.080642 0 109.54
0.078128 0 109.55
0.0760008 0 109.56
0.0736801 0 109.57
0.072133 0 109.58
0.070586 0 109.59
0.0700058 0 109.6
0.0688455 0 109.61
0.0676852 0 109.62
0.067105 0 109.63
0.064591 0 109.64
0.0628505 0 109.65
0.0616902 0 109.66
0.0599497 0 109.67
0.0584026 0 109.68
0.0570489 0 109.69
0.0553085 0 109.7
0.0529878 0 109.71
0.0512473 0 109.72
0.0497003 0 109.73
0.0483465 0 109.74
0.0466061 0 109.75
0.0454458 0 109.76
0.0444788 0 109.77
0.0429317 0 109.78
0.0413846 0 109.79
0.0402243 0 109.8
0.0392574 0 109.81
0.0382905 0 109.82
0.0371301 0 109.83
0.0359698 0 109.84
0.0355831 0 109.85
0.0342294 0 109.86
0.0324889 0 109.87
0.0315219 0 109.88
0.0309418 0 109.89
0.030555 0 109.9
0.0299749 0 109.91
0.0290079 0 109.92
0.028041 0 109.93
0.0266873 0 109.94
0.0261071 0 109.95
0.0253336 0 109.96
0.0239799 0 109.97
0.0233997 0 109.98
0.023013 0 109.99
0.0214659 0 110
0.0210791 0 110.01
0.0204989 0 110.02
0.0187585 0 110.03
0.0175981 0 110.04
0.0174048 0 110.05
0.0164378 0 110.06
0.0160511 0 110.07
0.0156643 0 110.08
0.0150841 0 110.09
0.0146974 0 110.1
0.0139238 0 110.11
0.013537 0 110.12
0.0123767 0 110.13
0.0121833 0 110.14
0.0117966 0 110.15
0.0114098 0 110.16
0.011023 0 110.17
0.0108296 0 110.2
0.0104429 0 110.21
0.0100561 0 110.22
0.00966931 0 110.23
0.00928254 0 110.24
0.00908915 0 110.25
0.00870238 0 110.26
0.00831561 0 110.27
0.00812222 0 110.28
0.00773545 0 110.29
0.00734868 0 110.3
0.00715529 0 110.31
0.00657513 0 110.32
0.00638174 0 110.33
0.00618836 0 110.35
0.00580159 0 110.36
0.0056082 0 110.38
0.00541481 0 110.39
0.00483465 0 110.4
0.00444788 0 110.41
0.0042545 0 110.42
0.00386772 0 110.43
0.00328757 0 110.44
0.00309418 0 110.46
0.00290079 0 110.47
0.00270741 0 110.5
0.00251402 0 110.51
0.00212725 0 110.54
0.00174048 0 110.56
0.0013537 0 110.7
0.00116032 0 110.71
0.000966931 0 110.76
0.000773545 0 110.89
0.000580159 0 110.9
0.000386772 0 110.92
0.000193386 0 111.01
0 0 1.79769e+308
