0.42637 75
0.42637 74
0.426251 74
0.425992 74
0.425867 74
0.425745 74
0.42561 74
0.425509 74
0.425404 74
0.425281 74
0.425162 73
0.425162 72
0.425028 72
0.425028 70
0.424902 70
0.424902 69
0.424775 69
0.424509 69
0.424412 68
0.424285 68
0.424167 68
0.42392 68
0.42392 66
0.423804 66
0.423194 64
0.42282 63
0.422813 62
0.422702 62
0.422489 62
0.421981 62
0.421731 62
0.421223 61
0.420354 61
0.419736 61
0.419736 60
0.419602 59
0.419066 59
0.418567 59
0.418446 59
0.417986 58
0.417722 58
0.417513 57
0.417267 57
0.41701 57
0.416551 56
0.416068 56
0.415307 56
0.414648 56
0.414033 56
0.413674 56
0.412975 55
0.41245 55
0.411724 54
0.411213 53
0.410299 53
0.41018 53
0.409529 53
0.40915 53
0.408537 52
0.40793 52
0.406937 50
0.405845 50
0.404963 50
0.403825 50
0.40295 49
0.402256 48
0.401185 48
0.400679 48
0.399201 48
0.398271 47
0.397291 47
0.396518 47
0.395895 47
0.394945 46
0.393958 46
0.393213 46
0.392206 46
0.391349 46
0.389991 46
0.389106 45
0.387696 43
0.385356 41
0.384162 40
0.382486 40
0.380813 40
0.379627 40
0.378824 40
0.377788 39
0.37665 37
0.375336 36
0.37356 34
0.372977 33
0.370425 32
0.368277 32
0.367163 32
0.365652 32
0.364234 32
0.363012 31
0.36091 30
0.360105 30
0.358862 29
0.35759 27
0.35622 26
0.355345 26
0.353483 26
0.351342 25
0.349483 24
0.347797 22
0.346219 22
0.344068 21
0.342842 21
0.34026 21
0.337926 21
0.33669 20
0.334893 18
0.333126 18
0.331192 18
0.329282 18
0.327773 18
0.326666 18
0.325312 18
0.323307 18
0.320734 16
0.31802 16
0.316101 16
0.314088 16
0.312707 16
0.310318 16
0.307734 16
0.30575 16
0.304024 15
0.30162 14
0.299407 13
0.296224 13
0.29468 13
0.293318 13
0.290593 12
0.288966 12
0.286773 12
0.285781 12
0.283053 11
0.280703 10
0.278141 10
0.274965 8
0.272477 8
0.270729 8
0.26799 7
0.264858 7
0.262733 7
0.260541 7
0.257539 7
0.254206 7
0.251969 7
0.249781 7
0.247294 7
0.244711 7
0.242214 7
0.239976 7
0.238372 7
0.234935 7
0.231392 7
0.229257 7
0.226042 7
0.222719 7
0.219586 7
0.216308 7
0.213505 7
0.210764 7
0.207672 7
0.205279 7
0.202908 6
0.199256 6
0.196245 6
0.19316 6
0.189354 6
0.186068 6
0.183429 5
0.18125 5
0.179346 5
0.177294 5
0.174025 4
0.170858 4
0.16918 4
0.166149 3
0.163268 3
0.160117 3
0.158591 3
0.156363 2
0.154005 2
0.151544 2
0.148268 2
0.146226 2
0.14323 2
0.139182 2
0.13614 2
0.134343 2
0.132021 2
0.129453 2
0.12742 2
0.12456 2
0.120851 2
0.118387 2
0.116635 2
0.113924 2
0.111745 2
0.110582 2
0.108348 1
0.106334 1
0.10478 1
0.102769 1
0.100947 1
0.0995665 1
0.0975354 0
0.0957411 0
0.093309 0
0.0914391 0
0.0896228 0
0.0878168 0
0.0860992 0
0.0843217 0
0.0821008 0
0.0805269 0
0.0787629 0
0.0769661 0
0.0758114 0
0.0734609 0
0.0717968 0
0.0703873 0
0.0692559 0
0.0675966 0
0.0655111 0
0.0642332 0
0.0628247 0
0.0618037 0
0.0599989 0
0.0583223 0
0.0571847 0
0.0563067 0
0.0547131 0
0.05304 0
0.0514938 0
0.0505817 0
0.0496522 0
0.0480036 0
0.0465701 0
0.0452109 0
0.0441794 0
0.0428927 0
0.0410137 0
0.0402284 0
0.0394626 0
0.0381931 0
0.0369232 0
0.0356125 0
0.0348428 0
0.0336943 0
0.0328083 0
0.0325573 0
0.0318224 0
0.030923 0
0.0298796 0
0.0288367 0
0.028325 0
0.027676 0
0.0262805 0
0.0252211 0
0.0247246 0
0.0243617 0
0.0237276 0
0.0228439 0
0.0222106 0
0.0219464 0
0.0206545 0
0.0201301 0
0.0195009 0
0.0185974 0
0.0178118 0
0.0172994 0
0.0165224 0
0.0159874 0
0.0149702 0
0.013655 0
0.0127672 0
0.0126283 0
0.0123687 0
0.0117256 0
0.0115124 0
0.0110369 0
0.0104297 0
0.00991926 0
0.00965794 0
0.00938382 0
0.00925082 0
0.00899572 0
0.00847513 0
0.00782165 0
0.00769214 0
0.00743471 0
0.00730342 0
0.00692858 0
0.00642328 0
0.00601169 0
0.00587375 0
0.00552323 0
0.00525048 0
0.00472625 0
0.00403669 0
0.00389323 0
0.00364685 0
0.00338856 0
0.00314272 0
0.00288309 0
0.00261365 0
0.00223147 0
0.00208572 0
0.00196281 0
0.00184563 0
0.00173241 0
0.00160302 0
0.00133385 0
0.00119669 0
0.00106659 0
0.000919366 0
0.000785481 0
0.000649026 0
0.000516706 0
0.000389662 0
0.00026609 0
0.000130156 0
0 0
