0.651325 57 106.46
0.651131 57 106.64
0.650938 57 106.68
0.650745 57 106.81
0.650551 57 106.84
0.650551 56 106.95
0.650164 56 106.96
0.649971 55 106.98
0.649971 52 107.02
0.649778 52 107.03
0.649391 52 107.05
0.649391 51 107.06
0.649004 51 107.07
0.648811 51 107.08
0.648617 50 107.1
0.648617 49 107.12
0.648231 49 107.14
0.64765 49 107.15
0.647264 49 107.16
0.64707 49 107.17
0.64649 49 107.18
0.646103 49 107.19
0.64591 49 107.21
0.64591 48 107.22
0.64591 47 107.23
0.645523 47 107.24
0.644943 46 107.25
0.64475 46 107.27
0.643976 46 107.28
0.643396 46 107.29
0.643202 46 107.3
0.642622 44 107.31
0.641462 44 107.32
0.641269 44 107.33
0.641075 42 107.34
0.640495 41 107.35
0.639915 41 107.36
0.639722 41 107.37
0.639335 41 107.38
0.638368 41 107.39
0.637401 41 107.4
0.637014 41 107.41
0.636627 41 107.42
0.636241 41 107.43
0.63508 40 107.45
0.634307 40 107.46
0.633533 40 107.47
0.632179 40 107.48
0.631213 40 107.49
0.630826 38 107.5
0.630246 38 107.51
0.629472 37 107.52
0.628892 36 107.53
0.627925 36 107.54
0.627345 36 107.55
0.626184 36 107.56
0.624251 36 107.57
0.623477 36 107.58
0.622897 36 107.59
0.62135 35 107.6
0.619996 35 107.61
0.618642 35 107.62
0.617289 34 107.63
0.615161 34 107.64
0.614195 34 107.65
0.613421 34 107.66
0.612067 34 107.67
0.610133 33 107.68
0.608586 32 107.69
0.607619 32 107.7
0.606072 32 107.71
0.604332 31 107.72
0.603172 30 107.73
0.602591 30 107.74
0.601431 30 107.75
0.599884 30 107.76
0.59795 30 107.77
0.59737 30 107.78
0.596403 29 107.79
0.594469 29 107.8
0.592922 28 107.81
0.591375 28 107.82
0.590601 28 107.83
0.588861 28 107.84
0.58712 27 107.85
0.585573 27 107.86
0.584413 27 107.87
0.581899 27 107.88
0.579772 27 107.89
0.578031 27 107.9
0.576097 26 107.91
0.574937 25 107.92
0.572617 25 107.93
0.570683 25 107.94
0.568362 25 107.95
0.565848 25 107.96
0.563721 24 107.97
0.561207 24 107.98
0.559079 21 107.99
0.557532 20 108
0.554825 20 108.01
0.552891 19 108.02
0.54999 19 108.03
0.54767 19 108.04
0.545349 19 108.05
0.542255 19 108.06
0.539741 18 108.07
0.536647 18 108.08
0.534519 18 108.09
0.531425 17 108.1
0.527364 17 108.11
0.525044 17 108.12
0.523496 17 108.13
0.520596 16 108.14
0.517501 14 108.15
0.512473 14 108.16
0.509573 12 108.17
0.505512 12 108.18
0.502417 12 108.19
0.497389 12 108.2
0.495262 12 108.21
0.491588 12 108.22
0.488494 11 108.23
0.485206 11 108.24
0.480758 11 108.25
0.47631 11 108.26
0.47399 11 108.27
0.470702 11 108.28
0.465867 11 108.29
0.463547 11 108.3
0.459486 10 108.31
0.456391 10 108.32
0.453297 10 108.33
0.450783 9 108.34
0.447882 9 108.35
0.444401 8 108.36
0.442081 8 108.37
0.438213 8 108.38
0.433765 8 108.39
0.430284 8 108.4
0.426803 8 108.41
0.423903 8 108.42
0.421389 8 108.43
0.417327 8 108.44
0.41404 7 108.45
0.410172 7 108.46
0.406304 7 108.47
0.40205 7 108.48
0.398762 7 108.49
0.395281 6 108.5
0.391027 5 108.51
0.387933 5 108.52
0.382905 4 108.53
0.379424 3 108.54
0.374782 3 108.55
0.370915 3 108.56
0.367434 3 108.57
0.363953 3 108.58
0.360665 3 108.59
0.354864 3 108.6
0.351383 3 108.61
0.346548 3 108.62
0.343067 3 108.63
0.338619 3 108.64
0.331851 3 108.65
0.328563 2 108.66
0.324889 2 108.67
0.320248 2 108.68
0.3158 1 108.69
0.312512 1 108.7
0.308451 1 108.71
0.30555 1 108.72
0.300522 1 108.73
0.296654 1 108.74
0.29298 1 108.75
0.288919 1 108.76
0.284664 1 108.77
0.280797 1 108.78
0.276349 1 108.79
0.273061 1 108.8
0.26958 1 108.81
0.266873 1 108.82
0.262812 1 108.83
0.259524 1 108.84
0.255463 1 108.85
0.251982 0 108.86
0.247341 0 108.87
0.243667 0 108.88
0.241346 0 108.89
0.238639 0 108.9
0.234964 0 108.91
0.230903 0 108.92
0.228196 0 108.93
0.223748 0 108.94
0.219687 0 108.95
0.217366 0 108.96
0.214659 0 108.97
0.211178 0 108.98
0.208084 0 108.99
0.204603 0 109
0.200155 0 109.01
0.195127 0 109.02
0.191452 0 109.03
0.187198 0 109.04
0.184297 0 109.05
0.181783 0 109.06
0.178302 0 109.07
0.175015 0 109.08
0.17018 0 109.09
0.167086 0 109.1
0.164572 0 109.11
0.163025 0 109.12
0.15993 0 109.13
0.157803 0 109.14
0.155096 0 109.15
0.151808 0 109.16
0.148907 0 109.17
0.145426 0 109.18
0.143299 0 109.19
0.141559 0 109.2
0.139625 0 109.21
0.137111 0 109.22
0.134597 0 109.23
0.132856 0 109.24
0.128989 0 109.25
0.125508 0 109.26
0.122607 0 109.27
0.12106 0 109.28
0.118933 0 109.29
0.115645 0 109.3
0.11081 0 109.31
0.108876 0 109.32
0.106943 0 109.33
0.104235 0 109.34
0.102108 0 109.35
0.100174 0 109.36
0.0974666 0 109.37
0.0953394 0 109.38
0.0935989 0 109.39
0.0910849 0 109.4
0.0879907 0 109.41
0.086637 0 109.42
0.0845098 0 109.43
0.0819957 0 109.44
0.0798685 0 109.45
0.0779346 0 109.46
0.0763875 0 109.47
0.0752272 0 109.48
0.0732934 0 109.49
0.072133 0 109.5
0.0700058 0 109.51
0.0678786 0 109.52
0.0655579 0 109.53
0.0628505 0 109.54
0.0614968 0 109.55
0.0593696 0 109.56
0.0576291 0 109.57
0.0564688 0 109.58
0.0551151 0 109.59
0.0541481 0 109.6
0.0527944 0 109.61
0.0508606 0 109.62
0.0493135 0 109.63
0.0481532 0 109.64
0.0454458 0 109.65
0.0442854 0 109.66
0.0423516 0 109.67
0.0413846 0 109.68
0.0396442 0 109.69
0.0380971 0 109.7
0.0371301 0 109.71
0.0363566 0 109.72
0.0359698 0 109.73
0.0355831 0 109.74
0.0346161 0 109.75
0.033069 0 109.76
0.0326823 0 109.77
0.0313286 0 109.78
0.0309418 0 109.79
0.0303616 0 109.8
0.0290079 0 109.81
0.028041 0 109.82
0.0268807 0 109.83
0.0259137 0 109.84
0.0247534 0 109.85
0.0239799 0 109.86
0.0233997 0 109.87
0.0224328 0 109.88
0.0212725 0 109.9
0.0208857 0 109.91
0.0201122 0 109.92
0.0187585 0 109.93
0.0181783 0 109.94
0.0174048 0 109.95
0.0168246 0 109.96
0.0162444 0 109.98
0.0160511 0 110
0.0156643 0 110.01
0.0146974 0 110.02
0.013537 0 110.03
0.0125701 0 110.04
0.0123767 0 110.05
0.0121833 0 110.06
0.0117966 0 110.07
0.0112164 0 110.08
0.011023 0 110.09
0.0108296 0 110.1
0.0104429 0 110.11
0.0098627 0 110.12
0.00947592 0 110.13
0.00908915 0 110.14
0.00850899 0 110.15
0.00831561 0 110.16
0.00812222 0 110.18
0.00792883 0 110.2
0.00676852 0 110.21
0.00657513 0 110.22
0.00638174 0 110.23
0.00522143 0 110.26
0.00502804 0 110.28
0.00464127 0 110.3
0.00406111 0 110.35
0.00386772 0 110.37
0.00328757 0 110.41
0.00309418 0 110.43
0.00270741 0 110.44
0.00251402 0 110.45
0.00232063 0 110.46
0.00193386 0 110.47
0.00174048 0 110.48
0.0013537 0 110.56
0.00116032 0 110.64
0.000966931 0 110.65
0.000773545 0 110.66
0.000580159 0 110.92
0.000386772 0 110.99
0.000193386 0 111.01
0 0 1.79769e+308
