0.438468 268
0.438468 267
0.438349 267
0.438349 266
0.438349 265
0.438349 264
0.438349 263
0.438349 262
0.438349 261
0.438349 260
0.438247 260
0.438113 260
0.438013 260
0.438013 259
0.438013 258
0.438013 257
0.437876 256
0.437758 256
0.437758 255
0.437657 255
0.437541 255
0.437541 254
0.437541 253
0.437394 253
0.437297 253
0.437297 252
0.437181 251
0.437181 250
0.437061 250
0.436934 250
0.436934 249
0.4368 249
0.4368 248
0.436673 247
0.436673 245
0.436673 244
0.436673 243
0.436434 243
0.436434 242
0.436423 241
0.436423 240
0.436423 239
0.436423 238
0.436423 237
0.43629 237
0.436168 237
0.436168 236
0.436168 234
0.436168 233
0.436168 232
0.435941 232
0.435828 232
0.435828 231
0.435828 230
0.435828 228
0.435828 227
0.435828 226
0.435828 224
0.435828 223
0.435713 221
0.435589 221
0.435466 221
0.435466 220
0.435466 219
0.435466 218
0.435466 217
0.435401 216
0.435275 215
0.435142 215
0.435142 214
0.435012 212
0.435012 211
0.434893 210
0.434656 209
0.434528 209
0.434528 208
0.434414 208
0.434299 208
0.433843 206
0.433843 205
0.433843 203
0.433612 202
0.433476 202
0.433347 202
0.433347 201
0.433238 201
0.433116 200
0.43299 200
0.432893 200
0.432774 200
0.432645 200
0.432645 199
0.432388 199
0.432124 198
0.432038 197
0.431808 197
0.431689 197
0.431206 197
0.431206 196
0.431206 195
0.431089 195
0.43088 194
0.430653 194
0.430396 194
0.430259 192
0.430134 191
0.430025 191
0.429926 189
0.42992 187
0.4298 186
0.429677 185
0.429677 184
0.429434 184
0.429304 184
0.42915 182
0.429035 182
0.428924 182
0.428812 182
0.4287 182
0.428471 180
0.42835 180
0.428221 180
0.427845 180
0.427729 180
0.427604 179
0.427466 178
0.427376 177
0.42711 177
0.42688 177
0.42675 177
0.426642 177
0.426556 176
0.426369 176
0.426369 175
0.426108 175
0.425886 175
0.425641 175
0.425641 174
0.425405 172
0.425276 172
0.425139 172
0.425139 171
0.425139 170
0.425019 170
0.424743 169
0.424377 169
0.424116 168
0.423389 166
0.423155 166
0.422894 166
0.422524 164
0.422514 163
0.422429 161
0.422181 161
0.421913 160
0.421913 159
0.421648 158
0.421392 157
0.420995 157
0.420995 156
0.42065 155
0.420249 155
0.419807 153
0.419807 152
0.419375 151
0.419375 150
0.419375 149
0.41929 148
0.419185 148
0.419006 146
0.418917 145
0.418677 145
0.418552 144
0.418462 142
0.417989 140
0.417857 140
0.417513 139
0.417513 137
0.417395 137
0.417269 137
0.41703 137
0.41703 136
0.416772 136
0.416772 134
0.416667 131
0.416545 130
0.416425 129
0.416105 128
0.415985 128
0.415332 128
0.415217 126
0.414869 125
0.414625 124
0.414525 124
0.414525 123
0.414273 123
0.413907 122
0.413535 122
0.413396 122
0.413271 121
0.413144 120
0.413041 120
0.412912 120
0.41279 120
0.41279 119
0.412654 119
0.41226 116
0.412025 115
0.411898 115
0.411488 115
0.411043 114
0.410781 114
0.410385 111
0.410257 111
0.410129 109
0.410129 108
0.40989 108
0.409619 107
0.409497 107
0.409135 106
0.408914 106
0.408524 106
0.408433 104
0.408228 104
0.407983 104
0.407983 103
0.407681 102
0.407457 101
0.407066 101
0.406951 101
0.406703 101
0.406478 99
0.406358 99
0.405867 99
0.405742 98
0.405387 98
0.405049 97
0.404453 96
0.403875 95
0.403731 93
0.403586 93
0.402946 91
0.402558 90
0.401728 90
0.401125 89
0.400867 89
0.400747 89
0.400388 89
0.399778 89
0.399399 89
0.398644 89
0.398395 89
0.397988 89
0.397714 88
0.397595 88
0.397371 86
0.396956 86
0.396591 86
0.396341 86
0.39573 86
0.395265 85
0.395021 85
0.394398 85
0.394085 83
0.393982 83
0.393218 83
0.39257 82
0.392166 81
0.391926 80
0.391171 79
0.391033 78
0.390797 75
0.390092 75
0.389691 75
0.389459 75
0.388986 75
0.388768 74
0.388642 74
0.387905 74
0.387167 74
0.386359 74
0.385708 74
0.385494 74
0.384727 74
0.384347 74
0.38373 74
0.383466 73
0.383003 73
0.382873 72
0.382291 72
0.38154 70
0.380945 68
0.38033 68
0.380079 67
0.379925 66
0.379532 66
0.378802 66
0.378264 66
0.377136 65
0.376766 65
0.376544 65
0.376304 65
0.375695 65
0.375037 65
0.374802 64
0.374456 64
0.373735 63
0.37337 63
0.372526 63
0.372274 63
0.371641 61
0.371383 61
0.371124 61
0.37053 60
0.370111 57
0.36951 56
0.369263 56
0.368746 56
0.368088 55
0.367617 54
0.367489 53
0.367241 53
0.366643 53
0.366536 51
0.365922 51
0.365663 50
0.36489 48
0.364762 48
0.364635 48
0.364149 48
0.363811 48
0.363175 47
0.361756 47
0.361046 47
0.360791 47
0.360284 46
0.359933 46
0.359581 46
0.359229 46
0.358984 46
0.358735 46
0.357839 46
0.357381 46
0.35656 46
0.356056 46
0.355189 46
0.354454 45
0.354228 45
0.354072 44
0.353831 43
0.353448 42
0.352466 42
0.352194 42
0.351803 41
0.351044 41
0.350554 41
0.350031 41
0.349661 41
0.349295 41
0.348668 40
0.348301 40
0.347775 40
0.346892 40
0.346263 40
0.345642 40
0.345242 40
0.344309 40
0.343529 40
0.343255 40
0.342595 40
0.34247 40
0.342346 40
0.342103 39
0.341721 39
0.340808 39
0.340046 39
0.33921 38
0.338353 38
0.337825 37
0.337362 36
0.336446 36
0.336192 35
0.33607 35
0.335947 35
0.335332 35
0.33495 35
0.334273 34
0.333761 34
0.333246 34
0.332992 34
0.332635 34
0.332085 33
0.331598 33
0.330715 33
0.330345 31
0.330203 31
0.32996 30
0.329603 30
0.329005 29
0.328739 29
0.328201 29
0.327716 29
0.327219 29
0.326832 29
0.32591 29
0.325047 29
0.324799 29
0.324314 29
0.323713 29
0.323061 29
0.322685 28
0.32208 28
0.321206 28
0.320199 28
0.319935 28
0.319297 28
0.318827 27
0.318186 26
0.317448 26
0.317059 26
0.316688 26
0.315869 25
0.315296 24
0.31471 23
0.314239 23
0.313966 23
0.313436 23
0.312929 23
0.312798 23
0.312673 23
0.311676 23
0.310912 23
0.310134 23
0.308771 23
0.307991 23
0.307308 22
0.306902 22
0.306285 22
0.305909 22
0.305128 22
0.30476 22
0.304636 22
0.304108 21
0.303727 20
0.303086 20
0.302836 20
0.302206 20
0.301595 20
0.301206 20
0.30035 20
0.299511 20
0.299133 20
0.299004 20
0.298869 20
0.297976 20
0.29695 20
0.296582 19
0.296182 19
0.295146 19
0.294265 19
0.293511 19
0.292751 19
0.292206 19
0.29169 18
0.29081 18
0.290426 18
0.28955 18
0.288957 18
0.288047 18
0.287285 18
0.286536 18
0.285665 18
0.285068 17
0.284435 17
0.283792 17
0.283137 17
0.282675 16
0.28174 16
0.280773 16
0.279779 16
0.279037 16
0.278683 16
0.278026 16
0.277131 16
0.276998 16
0.276252 16
0.274588 16
0.274072 16
0.273702 16
0.272845 16
0.272194 16
0.271558 16
0.270791 16
0.270044 16
0.26917 16
0.267646 16
0.267138 15
0.266738 15
0.266107 15
0.265638 15
0.264289 14
0.264038 14
0.263409 14
0.262662 14
0.26175 14
0.261221 14
0.260041 14
0.259403 14
0.258881 14
0.257704 14
0.257084 14
0.256443 14
0.25582 14
0.255058 14
0.254049 14
0.253545 14
0.252394 13
0.251682 13
0.250522 13
0.24989 13
0.249762 13
0.2486 13
0.247985 13
0.247368 13
0.246669 12
0.246169 12
0.245405 12
0.244403 12
0.244156 12
0.243764 12
0.242887 11
0.242267 11
0.242036 11
0.241397 11
0.240768 11
0.239755 11
0.23917 10
0.237912 10
0.23728 10
0.236378 10
0.234879 10
0.233527 9
0.23315 9
0.232627 9
0.231454 9
0.230814 9
0.230464 9
0.229872 8
0.229015 8
0.228403 8
0.227282 8
0.22638 8
0.225752 8
0.225112 8
0.223608 7
0.222635 6
0.221634 6
0.220489 6
0.220251 6
0.219344 6
0.21819 5
0.217299 5
0.216642 5
0.216387 5
0.215884 5
0.215254 5
0.214622 5
0.214233 5
0.213471 5
0.213225 5
0.212745 5
0.211916 5
0.211138 5
0.210518 5
0.209367 5
0.208352 5
0.207961 5
0.206857 5
0.206356 5
0.205211 5
0.204807 5
0.204283 5
0.203804 5
0.203438 5
0.202177 5
0.20105 5
0.199934 5
0.198932 5
0.197814 5
0.196983 4
0.19633 4
0.195728 4
0.195328 4
0.193574 4
0.192774 4
0.191235 4
0.190616 4
0.189404 4
0.188504 4
0.18774 4
0.187351 4
0.186862 4
0.185869 4
0.185506 4
0.18476 4
0.183624 4
0.182735 4
0.181995 4
0.181741 4
0.180421 4
0.179786 4
0.179142 4
0.178523 4
0.178153 4
0.177003 4
0.176384 4
0.175061 4
0.174809 4
0.174298 4
0.173648 4
0.173031 4
0.172377 4
0.171629 4
0.170694 4
0.170202 4
0.169818 4
0.168909 4
0.16851 4
0.16827 4
0.167557 4
0.166922 4
0.166193 4
0.165829 4
0.165106 3
0.164479 3
0.163699 3
0.162548 3
0.161901 3
0.161503 3
0.160991 3
0.160615 3
0.159864 3
0.158957 3
0.158178 3
0.1573 3
0.156787 3
0.156163 3
0.155796 3
0.155046 3
0.154544 3
0.154039 2
0.153519 2
0.152636 2
0.151996 2
0.151358 2
0.150068 2
0.149547 2
0.148894 2
0.148232 2
0.147574 2
0.146449 2
0.145581 2
0.145175 2
0.14478 2
0.144023 2
0.143645 2
0.143139 2
0.142393 2
0.141876 2
0.141255 2
0.141114 2
0.14025 2
0.139845 2
0.138432 2
0.137766 2
0.136865 2
0.136349 2
0.136088 2
0.134931 2
0.133897 2
0.133245 2
0.132699 2
0.131532 2
0.130079 2
0.12905 2
0.128668 2
0.127937 2
0.127296 2
0.126515 2
0.1251 2
0.124839 2
0.124427 2
0.12391 2
0.12298 2
0.122063 2
0.121552 2
0.121159 2
0.12064 2
0.119631 2
0.118632 2
0.118244 2
0.117107 2
0.116593 2
0.115974 1
0.115207 1
0.114603 1
0.113522 0
0.112115 0
0.111196 0
0.110292 0
0.109652 0
0.108762 0
0.108003 0
0.107118 0
0.105969 0
0.10556 0
0.104527 0
0.103391 0
0.103122 0
0.102872 0
0.102361 0
0.101592 0
0.10082 0
0.100201 0
0.0995702 0
0.0992953 0
0.09852 0
0.0981425 0
0.0973668 0
0.0969638 0
0.0965863 0
0.0962031 0
0.0955755 0
0.0950495 0
0.0944119 0
0.0936422 0
0.0925129 0
0.0921461 0
0.0920217 0
0.0917715 0
0.0909915 0
0.09074 0
0.0903802 0
0.0895294 0
0.0891476 0
0.0887801 0
0.0881329 0
0.0873506 0
0.0872264 0
0.0868352 0
0.0864318 0
0.0857844 0
0.0848878 0
0.0843702 0
0.0837112 0
0.0831895 0
0.0829338 0
0.0824277 0
0.0823009 0
0.0815429 0
0.0809061 0
0.080646 0
0.0803844 0
0.0799952 0
0.0796088 0
0.0787344 0
0.0779721 0
0.0777208 0
0.0775936 0
0.0768257 0
0.0763384 0
0.0759633 0
0.0754278 0
0.0749249 0
0.0741744 0
0.0732948 0
0.0725168 0
0.071897 0
0.0715051 0
0.0708734 0
0.0704846 0
0.0702424 0
0.0697476 0
0.0689568 0
0.0688507 0
0.0686212 0
0.0684841 0
0.0683638 0
0.06759 0
0.0669559 0
0.0661707 0
0.0657768 0
0.0651637 0
0.0643759 0
0.0636335 0
0.0632622 0
0.0629988 0
0.0628687 0
0.0626179 0
0.062003 0
0.0612377 0
0.0604526 0
0.0603294 0
0.0597211 0
0.0590771 0
0.0584781 0
0.0582269 0
0.05747 0
0.0568515 0
0.0564555 0
0.0563251 0
0.0558209 0
0.0551778 0
0.0547846 0
0.0546501 0
0.0541574 0
0.0539015 0
0.0537618 0
0.0534907 0
0.053241 0
0.0529806 0
0.0525886 0
0.052075 0
0.0508147 0
0.0503126 0
0.0496463 0
0.0491423 0
0.0483727 0
0.0479792 0
0.0477315 0
0.0471014 0
0.0467253 0
0.0464641 0
0.04633 0
0.045943 0
0.0458272 0
0.0456921 0
0.0454266 0
0.0450222 0
0.0445114 0
0.0443839 0
0.0441685 0
0.0431685 0
0.0429126 0
0.0426509 0
0.0422553 0
0.0421167 0
0.0419691 0
0.0417076 0
0.0413128 0
0.0411878 0
0.0409067 0
0.040648 0
0.0404072 0
0.0400498 0
0.0397798 0
0.0393858 0
0.0392694 0
0.0390053 0
0.0386419 0
0.0382732 0
0.037639 0
0.0370009 0
0.036471 0
0.0362249 0
0.0358275 0
0.0354208 0
0.0351724 0
0.0347917 0
0.0343915 0
0.0342733 0
0.0340081 0
0.0336347 0
0.0327622 0
0.0326325 0
0.0323642 0
0.0321037 0
0.0318413 0
0.0313186 0
0.0308009 0
0.0302999 0
0.0301611 0
0.0300269 0
0.0296562 0
0.0295332 0
0.0291474 0
0.0287664 0
0.0283827 0
0.0282552 0
0.0281298 0
0.0277544 0
0.0275099 0
0.0272517 0
0.0271224 0
0.0267435 0
0.0264927 0
0.0263718 0
0.026235 0
0.0257169 0
0.0252011 0
0.0249481 0
0.0248115 0
0.0244227 0
0.0238983 0
0.0237571 0
0.0234763 0
0.0233526 0
0.0228392 0
0.022318 0
0.0220589 0
0.0219258 0
0.0218019 0
0.0214476 0
0.0213108 0
0.0210576 0
0.0206753 0
0.0201442 0
0.0198734 0
0.0196001 0
0.0194758 0
0.0192238 0
0.0189731 0
0.0188375 0
0.0185836 0
0.0180813 0
0.0174344 0
0.0170716 0
0.0169299 0
0.0166588 0
0.0165205 0
0.016258 0
0.0160045 0
0.0158751 0
0.0156187 0
0.0154742 0
0.014824 0
0.0145599 0
0.0139273 0
0.013404 0
0.0131281 0
0.0128825 0
0.0127569 0
0.0125025 0
0.0122465 0
0.0121395 0
0.0120039 0
0.0118844 0
0.0117607 0
0.0114973 0
0.0113726 0
0.0111189 0
0.0108609 0
0.0107253 0
0.0104757 0
0.0103496 0
0.0100966 0
0.00996908 0
0.00971429 0
0.00933338 0
0.00920234 0
0.00907347 0
0.00895042 0
0.00882239 0
0.00869762 0
0.00845281 0
0.00833195 0
0.00820375 0
0.00795075 0
0.00781426 0
0.00767827 0
0.0075437 0
0.00741892 0
0.00715416 0
0.00689749 0
0.00677336 0
0.0066472 0
0.00652106 0
0.00640702 0
0.00627812 0
0.0061424 0
0.00600452 0
0.00587064 0
0.00574172 0
0.00562199 0
0.00537125 0
0.00523593 0
0.00510714 0
0.00497392 0
0.00483644 0
0.00457372 0
0.00444119 0
0.00418853 0
0.00406175 0
0.0039246 0
0.00365501 0
0.00352109 0
0.00339244 0
0.00327867 0
0.0030092 0
0.00276667 0
0.00264675 0
0.00239623 0
0.00227283 0
0.00215384 0
0.00203087 0
0.0019071 0
0.00165596 0
0.0015265 0
0.00139532 0
0.00127305 0
0.00115072 0
0.00101785 0
0.000895649 0
0.000755548 0
0.000630898 0
0.000502542 0
0.000384501 0
0.000261319 0
0.00013118 0
0 0
