0.706827 210 54.22
0.706633 210 54.24
0.706633 209 54.51
0.706633 208 54.53
0.70644 208 54.61
0.70644 207 54.62
0.70644 206 54.64
0.70644 205 54.65
0.706246 204 54.66
0.706246 203 54.67
0.706053 202 54.69
0.70586 202 54.7
0.705666 202 54.72
0.705666 200 54.73
0.705666 198 54.75
0.705666 197 54.76
0.705473 195 54.79
0.705279 194 54.83
0.705086 194 54.85
0.704893 192 54.86
0.704506 192 54.87
0.704506 190 54.88
0.704313 188 54.89
0.704313 187 54.9
0.704119 187 54.91
0.704119 186 54.92
0.703926 184 54.93
0.703926 183 54.95
0.703926 182 54.96
0.703539 179 54.97
0.703346 176 54.98
0.703152 176 54.99
0.702959 175 55
0.702765 174 55.01
0.701798 174 55.02
0.701798 173 55.03
0.701605 170 55.04
0.701412 169 55.05
0.701025 166 55.06
0.701025 165 55.07
0.701025 164 55.08
0.701025 163 55.09
0.700832 162 55.1
0.700638 161 55.12
0.700638 159 55.13
0.700058 154 55.14
0.699284 152 55.15
0.699091 151 55.16
0.698898 149 55.17
0.698511 146 55.18
0.697544 144 55.19
0.696964 141 55.2
0.696964 140 55.21
0.696577 139 55.22
0.695804 138 55.23
0.695417 137 55.24
0.695223 135 55.25
0.695223 134 55.26
0.69503 132 55.27
0.694643 131 55.28
0.694063 129 55.29
0.69387 126 55.3
0.693676 124 55.31
0.692709 124 55.32
0.692516 122 55.33
0.691936 121 55.34
0.691549 119 55.35
0.691162 118 55.36
0.690775 116 55.37
0.690582 114 55.38
0.690195 114 55.39
0.689228 113 55.4
0.687875 110 55.41
0.687295 109 55.42
0.686521 107 55.43
0.686134 107 55.44
0.685167 107 55.45
0.684587 107 55.46
0.68362 107 55.47
0.683233 104 55.48
0.68188 103 55.49
0.680913 102 55.5
0.679366 98 55.51
0.677625 96 55.52
0.676658 95 55.53
0.676272 95 55.54
0.675885 94 55.55
0.674531 92 55.56
0.673177 90 55.57
0.671824 89 55.58
0.670857 89 55.59
0.669696 86 55.6
0.668149 84 55.61
0.666989 84 55.62
0.665635 82 55.63
0.664088 81 55.64
0.662734 81 55.65
0.661381 81 55.66
0.659834 79 55.67
0.658867 78 55.68
0.65848 76 55.69
0.656933 74 55.7
0.653839 73 55.71
0.651905 73 55.72
0.650164 70 55.73
0.649004 70 55.74
0.647264 69 55.75
0.645523 68 55.76
0.643202 67 55.77
0.641269 65 55.78
0.638561 63 55.79
0.638368 62 55.8
0.637014 61 55.81
0.635467 59 55.82
0.634113 57 55.83
0.631986 57 55.84
0.631599 57 55.85
0.628892 57 55.86
0.627345 55 55.87
0.625411 54 55.88
0.623864 53 55.89
0.621156 49 55.9
0.618062 48 55.91
0.615161 47 55.92
0.611874 46 55.93
0.609553 44 55.94
0.607619 43 55.95
0.605299 40 55.96
0.603172 40 55.97
0.601044 40 55.98
0.59911 40 55.99
0.596983 39 56
0.594276 39 56.01
0.592535 37 56.02
0.590021 36 56.03
0.588668 35 56.04
0.586734 33 56.05
0.58364 31 56.06
0.582866 30 56.07
0.580352 30 56.08
0.577258 29 56.09
0.574744 28 56.1
0.57223 26 56.11
0.568749 26 56.12
0.565268 26 56.13
0.56256 25 56.14
0.560046 23 56.15
0.557726 23 56.16
0.555599 23 56.17
0.552311 22 56.18
0.551151 22 56.19
0.54883 21 56.2
0.545542 21 56.21
0.542835 21 56.22
0.541095 19 56.23
0.538774 19 56.24
0.536453 18 56.25
0.533359 18 56.26
0.529491 18 56.27
0.527171 18 56.28
0.523883 16 56.29
0.520402 15 56.3
0.517501 14 56.31
0.512667 14 56.32
0.509573 13 56.33
0.506285 13 56.34
0.501837 13 56.35
0.496229 13 56.36
0.493135 13 56.37
0.490427 11 56.38
0.4883 11 56.39
0.484819 11 56.4
0.480951 10 56.41
0.478051 10 56.42
0.475343 10 56.43
0.472249 10 56.44
0.467608 10 56.45
0.463353 10 56.46
0.459099 10 56.47
0.457552 10 56.48
0.453491 10 56.49
0.448269 10 56.5
0.442661 10 56.51
0.438213 10 56.52
0.433959 9 56.53
0.429511 9 56.54
0.42777 9 56.55
0.424289 9 56.56
0.420035 8 56.57
0.41578 8 56.58
0.412686 7 56.59
0.409399 7 56.6
0.406111 7 56.61
0.401083 7 56.62
0.396635 7 56.63
0.391994 5 56.64
0.388513 5 56.65
0.383872 5 56.66
0.380391 5 56.67
0.375943 5 56.68
0.371688 5 56.69
0.366467 5 56.7
0.362792 5 56.71
0.357958 5 56.72
0.35467 5 56.73
0.350029 4 56.74
0.344614 4 56.75
0.34094 4 56.76
0.336879 4 56.77
0.332237 3 56.78
0.327403 3 56.79
0.323148 3 56.8
0.3187 3 56.81
0.314253 3 56.82
0.309031 3 56.83
0.304583 3 56.84
0.300909 3 56.85
0.297815 3 56.86
0.293947 3 56.87
0.289693 3 56.88
0.286405 3 56.89
0.281764 3 56.9
0.276929 3 56.91
0.271514 2 56.92
0.266873 2 56.93
0.262812 2 56.94
0.259137 2 56.95
0.25527 2 56.96
0.251015 2 56.97
0.248114 2 56.98
0.243473 2 56.99
0.240572 2 57
0.236318 2 57.01
0.233611 2 57.02
0.229743 2 57.03
0.225682 2 57.04
0.221621 2 57.05
0.216786 2 57.06
0.214079 2 57.07
0.211178 2 57.08
0.205763 2 57.09
0.203056 2 57.1
0.199575 2 57.11
0.19648 1 57.12
0.192419 1 57.13
0.188552 1 57.14
0.185457 1 57.15
0.182557 1 57.16
0.178689 1 57.17
0.175595 1 57.18
0.172114 1 57.19
0.169406 1 57.2
0.165539 1 57.21
0.162058 1 57.22
0.160124 1 57.23
0.15703 1 57.24
0.153355 1 57.25
0.150454 1 57.26
0.146587 0 57.27
0.144266 0 57.28
0.141945 0 57.29
0.138465 0 57.3
0.13537 0 57.31
0.132276 0 57.32
0.129762 0 57.33
0.126281 0 57.34
0.12338 0 57.35
0.12164 0 57.36
0.117192 0 57.37
0.113904 0 57.38
0.111777 0 57.39
0.11023 0 57.4
0.107909 0 57.41
0.104622 0 57.42
0.100948 0 57.43
0.0988203 0 57.44
0.0955328 0 57.45
0.0935989 0 57.46
0.0906981 0 57.47
0.0885709 0 57.48
0.086637 0 57.49
0.0845098 0 57.5
0.0823825 0 57.51
0.080642 0 57.52
0.0794817 0 57.53
0.0767743 0 57.54
0.0742603 0 57.55
0.0711661 0 57.56
0.0688455 0 57.57
0.0667182 0 57.58
0.064591 0 57.59
0.062077 0 57.6
0.06111 0 57.61
0.0582092 0 57.62
0.0555018 0 57.63
0.0533746 0 57.64
0.0506672 0 57.65
0.0491201 0 57.66
0.0471862 0 57.67
0.0467995 0 57.68
0.0454458 0 57.69
0.0435119 0 57.7
0.0413846 0 57.71
0.0398376 0 57.72
0.0384839 0 57.73
0.0369368 0 57.74
0.0355831 0 57.75
0.0344227 0 57.76
0.0338426 0 57.77
0.0326823 0 57.78
0.0315219 0 57.79
0.0299749 0 57.8
0.0290079 0 57.81
0.0284278 0 57.82
0.0278476 0 57.83
0.0272675 0 57.84
0.0263005 0 57.85
0.0257204 0 57.86
0.0243667 0 57.87
0.0232063 0 57.88
0.0222394 0 57.89
0.0214659 0 57.9
0.0206923 0 57.91
0.0199188 0 57.92
0.0187585 0 57.93
0.017018 0 57.94
0.0168246 0 57.95
0.0160511 0 57.96
0.0158577 0 57.97
0.0156643 0 57.98
0.014504 0 57.99
0.0141172 0 58
0.0137304 0 58.01
0.0131503 0 58.02
0.0129569 0 58.03
0.0119899 0 58.04
0.0116032 0 58.05
0.0108296 0 58.06
0.0102495 0 58.08
0.00947592 0 58.09
0.00908915 0 58.1
0.00870238 0 58.11
0.00831561 0 58.12
0.00754206 0 58.14
0.00715529 0 58.15
0.00657513 0 58.16
0.00638174 0 58.17
0.00599497 0 58.18
0.00580159 0 58.19
0.0056082 0 58.21
0.00502804 0 58.22
0.00464127 0 58.23
0.0042545 0 58.24
0.00386772 0 58.29
0.00348095 0 58.3
0.00309418 0 58.33
0.00270741 0 58.34
0.00251402 0 58.35
0.00232063 0 58.38
0.00212725 0 58.39
0.00174048 0 58.4
0.00154709 0 58.41
0.0013537 0 58.44
0.000966931 0 58.48
0.000773545 0 58.5
0.000580159 0 58.55
0.000386772 0 58.56
0.000193386 0 58.59
0 0 1.79769e+308
