0.699284 297 -0.9
0.699284 296 -0.67
0.699284 295 -0.38
0.699091 295 -0.36
0.698898 295 -0.25
0.698898 294 -0.24
0.698704 294 -0.18
0.698704 293 -0.16
0.698704 292 -0.07
0.698704 291 -0.06
0.698704 290 -0.01
0.698704 289 0.05
0.698704 288 0.08
0.698704 287 0.16
0.698704 286 0.24
0.698704 285 0.25
0.698704 284 0.28
0.698704 283 0.3
0.698511 283 0.35
0.698318 283 0.37
0.698124 283 0.4
0.697931 283 0.41
0.697931 282 0.44
0.697931 281 0.48
0.697931 280 0.51
0.697931 279 0.52
0.697931 278 0.53
0.697931 277 0.55
0.697737 277 0.56
0.697737 276 0.57
0.697544 275 0.66
0.697351 274 0.69
0.697157 273 0.73
0.697157 272 0.83
0.696964 272 0.85
0.69677 272 0.86
0.69677 271 0.87
0.69677 270 0.91
0.696577 270 0.95
0.696384 270 0.96
0.696384 269 0.97
0.69619 268 1
0.695997 267 1.02
0.695997 266 1.03
0.695804 266 1.04
0.69561 266 1.05
0.69561 265 1.06
0.69561 264 1.09
0.695417 264 1.1
0.695417 263 1.11
0.695223 262 1.14
0.695223 260 1.16
0.695223 259 1.17
0.695223 258 1.18
0.694837 258 1.19
0.694643 258 1.22
0.694643 257 1.23
0.69445 256 1.25
0.69445 255 1.27
0.69445 254 1.31
0.69445 253 1.32
0.69445 252 1.34
0.69445 251 1.37
0.69445 250 1.38
0.69445 249 1.4
0.694256 248 1.45
0.694063 248 1.47
0.694063 247 1.48
0.694063 246 1.5
0.694063 244 1.54
0.69387 243 1.55
0.69387 242 1.57
0.693483 242 1.58
0.693289 242 1.6
0.693096 241 1.64
0.692903 240 1.71
0.692903 238 1.76
0.692903 237 1.77
0.692903 236 1.78
0.692709 234 1.81
0.692516 234 1.82
0.692516 232 1.83
0.692516 231 1.84
0.692323 229 1.85
0.692129 229 1.86
0.691936 229 1.88
0.691742 229 1.89
0.691742 228 1.91
0.691549 226 1.92
0.691549 225 1.93
0.691549 223 1.95
0.691549 222 1.96
0.691356 220 1.97
0.691162 220 1.99
0.690969 219 2
0.690775 217 2.03
0.690775 216 2.04
0.690582 215 2.08
0.690389 215 2.09
0.690195 215 2.1
0.690195 214 2.11
0.690002 214 2.12
0.689809 214 2.13
0.689228 212 2.14
0.689228 211 2.16
0.689228 209 2.18
0.688842 208 2.19
0.688842 207 2.2
0.688648 207 2.22
0.688648 206 2.26
0.688455 205 2.28
0.688261 205 2.3
0.688261 204 2.32
0.688068 203 2.33
0.687681 203 2.35
0.687488 203 2.36
0.687295 203 2.39
0.687295 202 2.4
0.686908 202 2.41
0.686521 200 2.42
0.686521 199 2.43
0.686328 198 2.47
0.685941 198 2.49
0.685167 198 2.51
0.684974 197 2.52
0.684974 196 2.53
0.684781 196 2.54
0.684587 195 2.55
0.6842 195 2.57
0.683814 195 2.58
0.683814 194 2.6
0.68362 192 2.61
0.683427 191 2.63
0.683233 191 2.64
0.683233 190 2.65
0.68304 190 2.66
0.68304 188 2.7
0.682847 187 2.71
0.682847 186 2.72
0.682847 185 2.73
0.68246 185 2.75
0.682266 185 2.76
0.682073 183 2.77
0.68188 183 2.78
0.681686 183 2.79
0.681493 183 2.8
0.6813 183 2.81
0.680913 181 2.83
0.680139 181 2.85
0.679752 181 2.87
0.679172 181 2.88
0.678979 181 2.9
0.678786 179 2.91
0.678399 178 2.92
0.678399 177 2.95
0.678012 177 2.96
0.677819 177 2.97
0.677625 177 2.98
0.677432 177 2.99
0.677238 176 3
0.677045 176 3.01
0.677045 175 3.02
0.676658 175 3.03
0.676272 175 3.04
0.676078 175 3.06
0.676078 174 3.08
0.675691 172 3.09
0.675498 172 3.11
0.675498 170 3.12
0.675498 169 3.13
0.675305 169 3.15
0.674918 169 3.16
0.674918 168 3.17
0.674724 168 3.19
0.674531 168 3.2
0.673951 168 3.21
0.673564 167 3.22
0.672404 165 3.23
0.672017 165 3.24
0.671824 165 3.25
0.671437 164 3.27
0.670857 162 3.29
0.670857 161 3.3
0.670857 159 3.31
0.67047 159 3.32
0.67047 158 3.33
0.670083 157 3.34
0.670083 156 3.35
0.669696 155 3.36
0.66931 154 3.37
0.668729 154 3.38
0.668343 153 3.39
0.667956 152 3.4
0.667569 152 3.41
0.666989 151 3.42
0.666989 150 3.43
0.666409 148 3.44
0.666215 147 3.45
0.666215 146 3.46
0.666215 145 3.47
0.666022 145 3.48
0.665635 144 3.49
0.665442 144 3.5
0.664862 143 3.51
0.664668 142 3.52
0.664668 140 3.53
0.664088 138 3.55
0.663895 138 3.56
0.663508 137 3.57
0.663508 135 3.58
0.663315 134 3.59
0.663121 134 3.6
0.662734 134 3.61
0.662734 133 3.62
0.662348 133 3.63
0.662154 133 3.64
0.662154 130 3.65
0.661961 127 3.66
0.661768 126 3.67
0.661574 125 3.68
0.661187 125 3.69
0.660994 125 3.7
0.660027 125 3.71
0.659834 123 3.72
0.65906 122 3.73
0.658673 121 3.74
0.65848 121 3.75
0.65848 120 3.76
0.658093 120 3.77
0.6579 118 3.78
0.65732 118 3.79
0.657126 118 3.8
0.657126 117 3.81
0.656933 116 3.82
0.65674 116 3.83
0.656546 116 3.84
0.656353 116 3.85
0.656159 115 3.86
0.655966 115 3.87
0.655386 112 3.88
0.654999 111 3.89
0.654806 111 3.9
0.654032 111 3.91
0.653839 111 3.92
0.653065 110 3.93
0.652485 110 3.95
0.651711 107 3.96
0.651518 107 3.97
0.651325 105 3.98
0.651325 104 3.99
0.650938 104 4
0.650551 102 4.01
0.650164 102 4.02
0.649584 101 4.04
0.649197 101 4.05
0.648617 101 4.06
0.648424 100 4.07
0.648037 100 4.08
0.647457 100 4.09
0.647264 99 4.1
0.646877 99 4.11
0.64649 99 4.12
0.646103 99 4.13
0.64591 99 4.14
0.645523 99 4.15
0.645136 97 4.16
0.64475 97 4.17
0.643976 96 4.18
0.643783 95 4.19
0.643009 94 4.2
0.642622 92 4.21
0.641655 91 4.22
0.641075 90 4.23
0.641075 88 4.24
0.640882 88 4.25
0.640302 86 4.26
0.639722 85 4.27
0.638174 85 4.28
0.637594 85 4.29
0.637401 85 4.3
0.637208 85 4.31
0.636434 85 4.32
0.635467 85 4.33
0.634887 85 4.34
0.634307 85 4.35
0.63392 85 4.36
0.63334 85 4.37
0.63334 84 4.39
0.633146 82 4.4
0.632566 81 4.41
0.631986 81 4.42
0.631406 81 4.43
0.630632 81 4.44
0.629859 80 4.45
0.629472 80 4.46
0.628505 80 4.47
0.628118 78 4.48
0.627925 78 4.49
0.626571 78 4.5
0.625604 77 4.51
0.624831 76 4.52
0.624251 75 4.53
0.62309 74 4.54
0.622897 73 4.55
0.62251 70 4.56
0.621156 70 4.57
0.620576 70 4.58
0.62019 70 4.59
0.619416 70 4.6
0.619223 70 4.61
0.619029 70 4.62
0.618062 70 4.63
0.616902 70 4.64
0.615742 69 4.65
0.614775 69 4.66
0.614581 69 4.67
0.613614 69 4.68
0.613228 69 4.69
0.612454 69 4.7
0.612261 68 4.71
0.611487 68 4.72
0.611294 67 4.73
0.610327 67 4.74
0.609167 66 4.75
0.608393 64 4.76
0.607426 64 4.77
0.607039 63 4.78
0.606846 62 4.79
0.606266 62 4.8
0.605105 62 4.81
0.604525 61 4.82
0.603365 60 4.83
0.602785 60 4.84
0.602398 60 4.85
0.602011 60 4.86
0.600851 60 4.87
0.599884 60 4.88
0.599497 59 4.89
0.598724 59 4.9
0.598143 58 4.91
0.597563 58 4.92
0.596016 58 4.93
0.595629 58 4.94
0.594856 56 4.95
0.594469 56 4.96
0.594082 56 4.97
0.593115 56 4.98
0.592535 54 4.99
0.591568 53 5
0.591182 53 5.01
0.590408 53 5.02
0.589441 52 5.03
0.588861 52 5.04
0.588668 51 5.05
0.588281 51 5.06
0.587314 51 5.07
0.587314 49 5.08
0.58596 49 5.09
0.585573 49 5.1
0.5848 48 5.11
0.584606 48 5.12
0.584413 48 5.13
0.58364 48 5.14
0.583059 48 5.15
0.582286 47 5.16
0.580159 47 5.17
0.578805 47 5.18
0.578225 47 5.19
0.577451 46 5.2
0.576871 46 5.21
0.576291 46 5.22
0.575711 46 5.23
0.575517 46 5.24
0.575131 46 5.25
0.57397 46 5.26
0.573197 46 5.27
0.571843 46 5.28
0.571069 46 5.29
0.569522 46 5.3
0.568555 46 5.31
0.567975 46 5.32
0.567588 45 5.33
0.567202 44 5.34
0.566622 43 5.35
0.564881 43 5.36
0.564494 43 5.37
0.563914 42 5.38
0.562754 42 5.39
0.56198 42 5.4
0.561207 41 5.41
0.560433 41 5.42
0.559853 41 5.43
0.558693 40 5.44
0.558113 40 5.45
0.557146 40 5.46
0.555792 40 5.47
0.554825 40 5.48
0.553858 40 5.49
0.553278 40 5.5
0.551924 40 5.51
0.550377 40 5.52
0.54999 40 5.53
0.54883 40 5.54
0.548443 40 5.55
0.547863 39 5.56
0.54709 38 5.57
0.546316 38 5.58
0.544769 38 5.59
0.543609 38 5.6
0.542642 38 5.61
0.541481 38 5.62
0.540708 37 5.63
0.540128 36 5.64
0.538774 36 5.65
0.538387 35 5.66
0.538 35 5.67
0.53742 35 5.68
0.53626 35 5.69
0.53568 35 5.7
0.534713 34 5.71
0.533939 34 5.72
0.533166 34 5.73
0.532779 34 5.74
0.532392 34 5.75
0.531619 33 5.76
0.531232 33 5.77
0.529878 33 5.78
0.529105 31 5.79
0.528524 31 5.8
0.528138 30 5.81
0.527558 29 5.82
0.526784 28 5.83
0.526204 28 5.84
0.52543 28 5.85
0.524657 28 5.86
0.524077 28 5.87
0.523496 28 5.88
0.522143 28 5.89
0.521369 28 5.9
0.520596 28 5.91
0.519822 28 5.92
0.518662 28 5.93
0.517888 28 5.94
0.517308 27 5.95
0.516341 27 5.96
0.515181 27 5.97
0.513247 27 5.98
0.51286 27 5.99
0.511893 27 6
0.51112 26 6.01
0.510153 25 6.02
0.508799 25 6.03
0.508219 25 6.04
0.507639 25 6.05
0.506478 24 6.06
0.505705 23 6.07
0.505125 22 6.08
0.504351 22 6.09
0.503771 22 6.1
0.502997 22 6.11
0.502224 22 6.12
0.501644 22 6.13
0.501257 22 6.14
0.499903 22 6.15
0.498743 22 6.16
0.497583 22 6.17
0.495649 22 6.18
0.494682 22 6.19
0.493522 21 6.2
0.493135 21 6.21
0.492361 21 6.22
0.491781 21 6.23
0.490621 21 6.24
0.489847 21 6.25
0.489654 21 6.26
0.488687 20 6.27
0.488107 19 6.28
0.48714 19 6.29
0.486753 19 6.3
0.485399 19 6.31
0.484626 19 6.32
0.483852 19 6.33
0.482499 19 6.34
0.480951 18 6.35
0.480371 18 6.36
0.480178 18 6.37
0.479985 18 6.38
0.478631 18 6.39
0.477084 18 6.4
0.476504 17 6.41
0.475923 17 6.42
0.474376 17 6.43
0.473023 17 6.44
0.471862 17 6.45
0.470895 17 6.46
0.469928 17 6.47
0.469155 16 6.48
0.467995 16 6.49
0.467221 16 6.5
0.465867 16 6.51
0.464707 16 6.52
0.46374 16 6.53
0.46258 16 6.54
0.461419 16 6.55
0.460066 16 6.56
0.459099 15 6.57
0.458132 15 6.58
0.457165 15 6.59
0.456005 15 6.6
0.455231 15 6.61
0.453877 15 6.62
0.452137 15 6.63
0.450783 15 6.64
0.44943 15 6.65
0.448849 15 6.66
0.447689 15 6.67
0.446335 15 6.68
0.446142 15 6.69
0.445175 15 6.7
0.442661 15 6.71
0.442081 15 6.72
0.441307 15 6.73
0.439954 15 6.74
0.43918 15 6.75
0.437826 15 6.76
0.436666 15 6.77
0.435506 15 6.78
0.434152 15 6.79
0.431831 15 6.8
0.430864 14 6.81
0.430284 13 6.82
0.429317 13 6.83
0.428544 13 6.84
0.426223 13 6.85
0.425836 13 6.86
0.424676 13 6.87
0.423322 13 6.88
0.421969 13 6.89
0.421195 13 6.9
0.419455 13 6.91
0.418488 13 6.92
0.417521 13 6.93
0.415587 13 6.94
0.415007 13 6.95
0.41404 13 6.96
0.41288 13 6.97
0.411526 13 6.98
0.409785 13 6.99
0.408818 13 7
0.407271 12 7.01
0.405918 12 7.02
0.404177 12 7.03
0.40321 12 7.04
0.403017 12 7.05
0.401276 12 7.06
0.400309 12 7.07
0.399342 12 7.08
0.398376 12 7.09
0.397602 12 7.1
0.396248 12 7.11
0.394701 12 7.12
0.394121 12 7.13
0.393541 12 7.14
0.391994 11 7.15
0.39122 11 7.16
0.390833 11 7.17
0.389673 11 7.18
0.388706 11 7.19
0.386966 11 7.2
0.385999 10 7.21
0.384065 10 7.22
0.383098 10 7.23
0.381551 10 7.24
0.378844 10 7.25
0.37691 9 7.26
0.376523 9 7.27
0.375556 9 7.28
0.373816 9 7.29
0.372849 9 7.3
0.372268 9 7.31
0.371495 8 7.32
0.370141 8 7.33
0.369174 8 7.34
0.367627 8 7.35
0.366273 8 7.36
0.365307 8 7.37
0.364146 8 7.38
0.362019 7 7.39
0.360859 6 7.4
0.359312 6 7.41
0.357571 6 7.42
0.356991 6 7.43
0.355637 6 7.44
0.35409 5 7.45
0.352736 5 7.46
0.351576 5 7.47
0.351189 5 7.48
0.350222 5 7.49
0.349255 5 7.5
0.348289 5 7.51
0.347708 5 7.52
0.346161 5 7.53
0.345775 5 7.54
0.345194 5 7.55
0.343647 5 7.56
0.342487 5 7.57
0.34152 5 7.58
0.33978 5 7.59
0.338232 5 7.6
0.337652 5 7.61
0.336105 5 7.62
0.335332 5 7.63
0.333204 5 7.64
0.332431 5 7.65
0.331657 5 7.66
0.330497 5 7.67
0.329917 5 7.68
0.32779 5 7.69
0.326243 5 7.7
0.324115 5 7.71
0.322568 5 7.72
0.320634 5 7.73
0.319281 4 7.74
0.318314 4 7.75
0.317347 4 7.76
0.316767 4 7.77
0.313866 4 7.78
0.312705 4 7.79
0.310191 4 7.8
0.309418 4 7.81
0.307677 4 7.82
0.306324 4 7.83
0.304583 4 7.84
0.304196 4 7.85
0.303423 4 7.86
0.301876 4 7.87
0.301296 4 7.88
0.300135 4 7.89
0.298588 4 7.9
0.297235 4 7.91
0.296074 4 7.92
0.295494 4 7.93
0.29356 4 7.94
0.292593 4 7.95
0.29182 4 7.96
0.290659 4 7.97
0.289693 4 7.98
0.287952 4 7.99
0.286985 4 8
0.285051 4 8.01
0.284664 4 8.02
0.283891 4 8.03
0.282731 4 8.04
0.281957 4 8.05
0.28099 4 8.06
0.280023 4 8.07
0.278283 4 8.08
0.277122 4 8.09
0.276349 4 8.1
0.274802 4 8.11
0.274222 4 8.12
0.273641 4 8.13
0.272481 4 8.14
0.271321 4 8.15
0.270161 4 8.16
0.26958 4 8.17
0.268033 3 8.18
0.267066 3 8.19
0.265906 3 8.2
0.264359 3 8.21
0.263392 3 8.22
0.262812 3 8.23
0.262425 3 8.24
0.261652 3 8.25
0.261071 3 8.26
0.259718 3 8.27
0.258364 3 8.28
0.257204 3 8.29
0.25585 3 8.3
0.254883 3 8.31
0.253916 3 8.32
0.253143 3 8.33
0.251982 3 8.34
0.251209 3 8.35
0.250242 2 8.36
0.249468 2 8.37
0.247534 2 8.38
0.246374 2 8.39
0.2456 2 8.4
0.243667 2 8.41
0.2427 2 8.42
0.241346 2 8.43
0.240379 2 8.44
0.239412 2 8.45
0.237672 2 8.46
0.236318 2 8.47
0.235931 2 8.48
0.235158 2 8.49
0.234191 2 8.5
0.233611 2 8.51
0.232837 2 8.52
0.23129 2 8.53
0.230516 2 8.54
0.229549 2 8.55
0.229356 2 8.56
0.228196 2 8.57
0.227616 2 8.58
0.225488 2 8.59
0.224521 2 8.6
0.223168 2 8.61
0.222201 2 8.62
0.221814 2 8.63
0.220073 2 8.64
0.218526 2 8.65
0.217366 2 8.66
0.216593 2 8.67
0.215045 2 8.68
0.212918 2 8.69
0.211178 2 8.7
0.210404 2 8.71
0.208857 2 8.72
0.207697 2 8.73
0.206343 2 8.74
0.204409 2 8.75
0.204022 2 8.76
0.203249 2 8.77
0.202475 2 8.78
0.201122 2 8.79
0.199768 2 8.8
0.198994 2 8.81
0.198414 2 8.82
0.197641 2 8.83
0.196094 2 8.84
0.19474 2 8.85
0.19416 2 8.86
0.192419 2 8.87
0.191646 2 8.88
0.190485 1 8.89
0.189325 1 8.9
0.188358 1 8.91
0.186618 0 8.92
0.184297 0 8.93
0.18275 0 8.94
0.181396 0 8.95
0.180429 0 8.96
0.179076 0 8.97
0.177915 0 8.98
0.176368 0 8.99
0.174241 0 9
0.173274 0 9.01
0.171727 0 9.02
0.169793 0 9.03
0.169406 0 9.04
0.168826 0 9.05
0.167859 0 9.06
0.166312 0 9.07
0.164958 0 9.08
0.163798 0 9.09
0.162831 0 9.1
0.162444 0 9.11
0.161284 0 9.12
0.160704 0 9.13
0.159544 0 9.14
0.158963 0 9.15
0.15819 0 9.16
0.157416 0 9.17
0.156256 0 9.18
0.155482 0 9.19
0.154516 0 9.2
0.152968 0 9.21
0.151228 0 9.22
0.150648 0 9.23
0.150454 0 9.24
0.150261 0 9.25
0.149294 0 9.26
0.148907 0 9.27
0.148327 0 9.28
0.146974 0 9.29
0.1462 0 9.3
0.145426 0 9.31
0.144653 0 9.32
0.143493 0 9.33
0.143299 0 9.34
0.142719 0 9.35
0.142139 0 9.36
0.141172 0 9.37
0.139818 0 9.38
0.139045 0 9.39
0.138078 0 9.4
0.137111 0 9.41
0.136724 0 9.42
0.135757 0 9.43
0.135564 0 9.44
0.13421 0 9.45
0.133243 0 9.46
0.132663 0 9.47
0.132276 0 9.48
0.131503 0 9.49
0.130729 0 9.5
0.129375 0 9.51
0.128022 0 9.52
0.127635 0 9.53
0.127442 0 9.54
0.127248 0 9.55
0.126281 0 9.56
0.125508 0 9.57
0.124927 0 9.58
0.123961 0 9.59
0.123187 0 9.6
0.122027 0 9.61
0.120673 0 9.62
0.119319 0 9.63
0.118352 0 9.64
0.117772 0 9.65
0.116612 0 9.66
0.116032 0 9.67
0.115258 0 9.68
0.114485 0 9.69
0.113131 0 9.7
0.112744 0 9.71
0.111971 0 9.73
0.111584 0 9.74
0.11139 0 9.75
0.110037 0 9.76
0.10907 0 9.77
0.107909 0 9.78
0.107329 0 9.79
0.106362 0 9.8
0.105009 0 9.81
0.103655 0 9.82
0.103075 0 9.83
0.102688 0 9.84
0.102495 0 9.85
0.102108 0 9.86
0.101141 0 9.87
0.0995939 0 9.88
0.0982402 0 9.89
0.0980468 0 9.9
0.0970799 0 9.91
0.0961129 0 9.92
0.095146 0 9.93
0.0947592 0 9.94
0.0935989 0 9.95
0.092632 0 9.96
0.0920518 0 9.97
0.0918584 0 9.98
0.0910849 0 9.99
0.0897312 0 10
0.0887643 0 10.01
0.0883775 0 10.02
0.0876039 0 10.03
0.0872172 0 10.04
0.0870238 0 10.05
0.086637 0 10.06
0.0862502 0 10.07
0.0856701 0 10.08
0.0850899 0 10.1
0.0843164 0 10.11
0.0823825 0 10.12
0.0814156 0 10.13
0.0804487 0 10.14
0.0796751 0 10.15
0.0785148 0 10.16
0.0777412 0 10.17
0.0771611 0 10.18
0.0761942 0 10.19
0.0758074 0 10.2
0.0754206 0 10.21
0.0752272 0 10.22
0.0746471 0 10.23
0.0744537 0 10.24
0.0742603 0 10.25
0.0738735 0 10.26
0.0732934 0 10.27
0.0727132 0 10.28
0.0725198 0 10.29
0.072133 0 10.3
0.070586 0 10.31
0.0701992 0 10.32
0.069619 0 10.33
0.0688455 0 10.34
0.0686521 0 10.36
0.0682653 0 10.37
0.0676852 0 10.38
0.0674918 0 10.39
0.067105 0 10.4
0.0667182 0 10.41
0.0663315 0 10.42
0.0657513 0 10.43
0.0653645 0 10.44
0.064591 0 10.45
0.0643976 0 10.46
0.0638174 0 10.47
0.0632373 0 10.48
0.0626571 0 10.5
0.0616902 0 10.51
0.0607233 0 10.52
0.0597563 0 10.53
0.0591762 0 10.54
0.058596 0 10.55
0.0580159 0 10.56
0.0574357 0 10.57
0.0568555 0 10.58
0.0562754 0 10.59
0.056082 0 10.61
0.0556952 0 10.62
0.0551151 0 10.63
0.0539547 0 10.64
0.0537614 0 10.65
0.0533746 0 10.66
0.0529878 0 10.67
0.052601 0 10.68
0.0518275 0 10.69
0.051054 0 10.7
0.050087 0 10.71
0.0498936 0 10.72
0.0497003 0 10.73
0.0491201 0 10.74
0.0489267 0 10.75
0.0483465 0 10.76
0.0477664 0 10.77
0.0469928 0 10.78
0.0467995 0 10.79
0.0466061 0 10.8
0.0460259 0 10.82
0.0456391 0 10.83
0.0452524 0 10.84
0.045059 0 10.85
0.0444788 0 10.86
0.0440921 0 10.87
0.0435119 0 10.88
0.0433185 0 10.89
0.042545 0 10.9
0.0417714 0 10.91
0.0413846 0 10.92
0.0409979 0 10.93
0.0404177 0 10.95
0.0396442 0 10.96
0.0394508 0 10.97
0.039064 0 10.98
0.0388706 0 10.99
0.0380971 0 11
0.0373235 0 11.01
0.0369368 0 11.03
0.0367434 0 11.04
0.0363566 0 11.05
0.0361632 0 11.06
0.0355831 0 11.07
0.0353897 0 11.08
0.0350029 0 11.09
0.0344227 0 11.13
0.0336492 0 11.14
0.0332624 0 11.15
0.033069 0 11.17
0.0326823 0 11.19
0.0324889 0 11.2
0.0321021 0 11.21
0.0317153 0 11.22
0.0315219 0 11.23
0.0311352 0 11.25
0.0303616 0 11.26
0.0292013 0 11.28
0.0286212 0 11.29
0.0284278 0 11.3
0.028041 0 11.31
0.0278476 0 11.34
0.0274608 0 11.36
0.0270741 0 11.37
0.0268807 0 11.38
0.0264939 0 11.39
0.0263005 0 11.4
0.0253336 0 11.41
0.0247534 0 11.42
0.0237865 0 11.43
0.023013 0 11.45
0.0228196 0 11.46
0.0224328 0 11.49
0.022046 0 11.5
0.0218526 0 11.51
0.0214659 0 11.52
0.0210791 0 11.53
0.0208857 0 11.54
0.0204989 0 11.55
0.0203056 0 11.57
0.0201122 0 11.58
0.0197254 0 11.59
0.019532 0 11.61
0.0191452 0 11.62
0.0185651 0 11.65
0.0183717 0 11.66
0.0179849 0 11.67
0.0177915 0 11.68
0.0174048 0 11.7
0.0172114 0 11.71
0.0168246 0 11.73
0.0162444 0 11.76
0.0160511 0 11.77
0.0158577 0 11.78
0.0156643 0 11.79
0.0154709 0 11.8
0.0152775 0 11.81
0.0148907 0 11.84
0.014504 0 11.85
0.0143106 0 11.87
0.0139238 0 11.9
0.013537 0 11.91
0.0133436 0 11.92
0.0131503 0 11.93
0.0129569 0 11.95
0.0125701 0 11.96
0.0123767 0 11.97
0.0119899 0 11.99
0.0117966 0 12
0.0116032 0 12.03
0.0114098 0 12.04
0.0112164 0 12.05
0.0108296 0 12.07
0.0106362 0 12.09
0.0104429 0 12.13
0.0102495 0 12.18
0.0100561 0 12.19
0.0098627 0 12.2
0.00966931 0 12.23
0.00928254 0 12.24
0.00908915 0 12.25
0.00889576 0 12.27
0.00870238 0 12.32
0.00850899 0 12.37
0.00812222 0 12.38
0.00792883 0 12.39
0.00773545 0 12.42
0.00754206 0 12.47
0.00715529 0 12.49
0.0069619 0 12.53
0.00676852 0 12.54
0.00638174 0 12.56
0.00618836 0 12.58
0.00599497 0 12.64
0.00580159 0 12.65
0.00541481 0 12.68
0.00502804 0 12.74
0.00483465 0 12.78
0.00444788 0 12.8
0.0042545 0 12.91
0.00406111 0 12.92
0.00386772 0 12.99
0.00348095 0 13.01
0.00309418 0 13.07
0.00290079 0 13.08
0.00270741 0 13.1
0.00251402 0 13.11
0.00232063 0 13.18
0.00212725 0 13.23
0.00193386 0 13.24
0.00174048 0 13.28
0.00154709 0 13.29
0.0013537 0 13.34
0.00116032 0 13.49
0.000966931 0 13.5
0.000773545 0 13.51
0.000580159 0 13.8
0.000386772 0 13.86
0.000193386 0 14.13
0 0 1.79769e+308
