0.458406 293
0.458406 292
0.458406 291
0.45828 291
0.458162 291
0.458162 290
0.458032 290
0.458032 289
0.458032 288
0.458032 287
0.458032 286
0.458032 285
0.458032 284
0.458032 283
0.458032 282
0.458032 281
0.458015 280
0.458015 279
0.457912 279
0.457778 279
0.457678 279
0.457565 279
0.457565 278
0.457565 277
0.457565 276
0.457565 275
0.457565 274
0.457565 273
0.457448 273
0.457448 272
0.457311 271
0.457192 270
0.457066 269
0.456983 268
0.456883 268
0.456767 268
0.456767 267
0.456767 266
0.456619 266
0.456522 266
0.456522 265
0.456407 264
0.45627 263
0.45627 262
0.456149 262
0.456022 262
0.456022 261
0.456022 260
0.455889 260
0.455889 259
0.455761 258
0.455761 256
0.455761 255
0.455761 254
0.455522 254
0.455417 254
0.455378 253
0.455254 252
0.455254 251
0.455243 250
0.455243 249
0.455243 248
0.455243 247
0.455243 246
0.455243 245
0.455099 244
0.454987 244
0.454987 243
0.454987 241
0.454867 240
0.454867 239
0.45464 239
0.454508 239
0.454324 238
0.454216 237
0.454216 235
0.454216 234
0.454216 233
0.45409 231
0.454024 231
0.454024 229
0.454024 228
0.453909 226
0.453785 226
0.453662 226
0.45354 226
0.45354 225
0.453441 223
0.453441 222
0.453441 220
0.453376 219
0.45325 217
0.453117 217
0.453013 216
0.452882 214
0.452882 213
0.452763 212
0.452623 212
0.452495 212
0.452495 211
0.452381 211
0.452266 211
0.45181 209
0.45181 208
0.45181 206
0.451578 205
0.451578 204
0.451578 203
0.451456 202
0.451331 202
0.451192 201
0.450959 201
0.45084 201
0.450712 201
0.450712 200
0.450455 200
0.45019 198
0.450104 197
0.450002 196
0.449772 196
0.449289 196
0.449176 195
0.449176 194
0.44906 194
0.44885 193
0.448623 193
0.448366 193
0.448366 192
0.448229 190
0.448229 189
0.448119 189
0.447894 188
0.447766 188
0.44776 186
0.44764 185
0.44764 184
0.44764 183
0.447405 183
0.447274 183
0.447121 181
0.447006 181
0.446894 181
0.446783 181
0.446671 181
0.446442 179
0.445944 179
0.445677 179
0.445301 179
0.445185 179
0.445185 177
0.444937 176
0.444847 175
0.444581 175
0.444475 175
0.444344 175
0.444258 174
0.444179 174
0.444179 173
0.443918 173
0.443696 173
0.443566 173
0.443566 172
0.443329 170
0.4432 170
0.4432 168
0.4432 167
0.443081 167
0.44282 167
0.44282 166
0.442705 166
0.442576 166
0.442197 166
0.441936 165
0.441208 163
0.440949 163
0.440831 163
0.440569 162
0.440199 160
0.44019 159
0.440102 157
0.439854 157
0.439854 156
0.439586 155
0.439586 154
0.439333 153
0.439078 152
0.438687 152
0.438447 151
0.438102 150
0.437826 150
0.437469 149
0.437469 148
0.437037 146
0.437037 145
0.437037 144
0.436952 143
0.436846 143
0.436597 142
0.436493 142
0.436139 141
0.436014 140
0.435924 138
0.435451 136
0.43532 136
0.434975 135
0.434975 133
0.434858 132
0.434732 132
0.434493 132
0.434493 131
0.434234 131
0.434124 131
0.434124 128
0.43402 125
0.433898 124
0.433778 123
0.433553 123
0.433433 123
0.43278 123
0.432665 121
0.432105 120
0.431861 119
0.431761 119
0.431761 118
0.431509 118
0.431387 116
0.431015 116
0.430877 116
0.430877 115
0.43075 114
0.430647 114
0.430518 114
0.430396 114
0.430263 113
0.430127 113
0.429759 110
0.429524 109
0.429397 109
0.42886 109
0.42874 109
0.428296 108
0.428017 108
0.427497 105
0.427369 105
0.427241 103
0.427241 102
0.427002 102
0.42673 100
0.426477 100
0.426115 99
0.425893 99
0.425504 99
0.425376 98
0.425167 98
0.424785 98
0.424654 97
0.424397 97
0.424132 97
0.423877 97
0.423762 97
0.423514 97
0.423289 95
0.423049 95
0.422463 94
0.422338 93
0.421841 92
0.421496 90
0.420901 89
0.420442 88
0.420295 86
0.42015 86
0.419754 84
0.419365 83
0.41842 83
0.418041 83
0.417917 83
0.417796 83
0.417314 83
0.416843 83
0.416463 83
0.416084 83
0.415835 83
0.415429 83
0.415429 82
0.415206 80
0.414712 79
0.414347 79
0.413967 79
0.413488 79
0.412924 78
0.41268 78
0.412173 78
0.411861 76
0.411757 76
0.410878 76
0.410214 75
0.40969 74
0.409325 74
0.408569 73
0.408432 72
0.408197 69
0.407364 69
0.406963 69
0.406739 68
0.406266 68
0.406138 68
0.40601 68
0.405381 68
0.404643 68
0.403819 67
0.403174 67
0.403057 67
0.402403 67
0.402146 67
0.401657 67
0.401522 66
0.401059 66
0.400929 65
0.400348 65
0.39958 64
0.398965 62
0.39835 62
0.398099 62
0.397945 61
0.397552 61
0.396823 61
0.396441 60
0.395648 59
0.395277 59
0.395055 59
0.394816 59
0.394105 59
0.393447 59
0.393072 58
0.392605 58
0.392125 57
0.39176 57
0.390786 57
0.390535 57
0.389902 55
0.389644 55
0.389388 55
0.388895 55
0.388534 53
0.387934 52
0.387686 52
0.387169 52
0.386373 51
0.385985 51
0.385863 50
0.385606 50
0.385005 50
0.385005 48
0.384157 48
0.383913 48
0.383363 47
0.383235 47
0.383111 47
0.382613 47
0.382276 47
0.381736 47
0.38033 47
0.379486 47
0.379119 47
0.378489 46
0.378116 46
0.377762 46
0.37741 46
0.3773 46
0.377054 46
0.376406 46
0.375948 46
0.375113 46
0.37461 46
0.373615 46
0.372969 46
0.372629 46
0.372347 45
0.372104 44
0.371717 43
0.370649 43
0.370377 43
0.369986 42
0.369245 42
0.368755 42
0.368232 41
0.367749 41
0.36749 41
0.366814 40
0.366447 40
0.365847 40
0.36502 40
0.364392 40
0.363769 40
0.363369 40
0.362454 40
0.361392 40
0.36112 40
0.360426 40
0.360162 40
0.359807 39
0.359276 38
0.358784 38
0.357738 38
0.356971 38
0.356329 38
0.35561 38
0.355082 37
0.35462 36
0.353841 36
0.353588 35
0.353333 35
0.352948 35
0.352202 35
0.35182 35
0.351143 34
0.350633 34
0.350118 34
0.349998 34
0.349761 34
0.349227 33
0.348996 33
0.348113 33
0.347627 31
0.34725 31
0.347008 30
0.346591 29
0.345993 28
0.345586 28
0.345186 28
0.3447 28
0.344312 28
0.343929 28
0.343007 28
0.342601 28
0.34209 28
0.341595 28
0.340985 28
0.340467 28
0.340091 27
0.339491 27
0.338746 27
0.337488 27
0.337223 27
0.336586 27
0.336122 26
0.335363 25
0.334498 25
0.334109 25
0.333739 25
0.333038 24
0.332482 23
0.332131 22
0.33166 22
0.331244 22
0.330719 22
0.330213 22
0.32984 22
0.329583 22
0.328695 22
0.327914 22
0.327125 22
0.325856 22
0.325351 22
0.32455 21
0.324282 21
0.323791 21
0.323416 21
0.322635 21
0.322144 21
0.322019 21
0.321365 20
0.320993 19
0.320352 19
0.320099 19
0.319182 19
0.318694 19
0.31816 19
0.317297 19
0.316441 18
0.316063 18
0.315934 18
0.315799 18
0.314913 18
0.313888 18
0.31352 17
0.313127 17
0.312098 17
0.311226 17
0.310461 17
0.309823 17
0.309137 17
0.308621 16
0.307859 16
0.307363 16
0.306491 16
0.305775 16
0.305134 16
0.304372 16
0.303622 16
0.302726 16
0.302006 15
0.301373 15
0.300729 15
0.299946 15
0.299475 15
0.298539 15
0.297426 15
0.296563 15
0.295827 15
0.295448 15
0.294663 15
0.293768 15
0.293635 15
0.293012 15
0.291346 15
0.290953 15
0.290447 15
0.289561 15
0.289032 15
0.288153 15
0.287386 15
0.286611 15
0.285737 15
0.284224 15
0.283584 14
0.283184 13
0.282553 13
0.282084 13
0.28056 13
0.280296 13
0.279523 13
0.278787 13
0.277876 13
0.277353 13
0.276173 13
0.275535 13
0.274896 13
0.27359 13
0.273215 13
0.272562 13
0.271804 13
0.270914 13
0.269756 13
0.269121 13
0.268101 12
0.267271 12
0.266094 12
0.265463 12
0.265335 12
0.264173 12
0.263559 12
0.262933 12
0.262322 12
0.261822 12
0.260931 12
0.259932 12
0.259685 12
0.259302 12
0.258303 11
0.257794 11
0.257563 11
0.256797 11
0.256169 11
0.255041 11
0.254333 10
0.253083 10
0.252431 10
0.251395 10
0.249633 10
0.248282 9
0.24802 9
0.247376 9
0.2462 9
0.24556 9
0.245212 9
0.244621 8
0.243764 8
0.243138 8
0.242127 8
0.24122 8
0.240593 8
0.239807 8
0.238302 7
0.237445 6
0.236451 6
0.235295 6
0.234937 6
0.234148 6
0.233132 5
0.232222 5
0.231437 5
0.231182 5
0.230542 5
0.229917 5
0.229285 5
0.228904 5
0.227993 5
0.227747 5
0.227369 5
0.226412 5
0.225634 5
0.225014 5
0.223869 5
0.222854 5
0.222463 5
0.221508 5
0.221007 5
0.219627 5
0.219091 5
0.218556 5
0.217811 5
0.217445 5
0.216041 5
0.215024 5
0.213653 5
0.212656 5
0.211402 5
0.210433 4
0.209773 4
0.209296 4
0.208896 4
0.207028 4
0.206235 4
0.20458 4
0.204088 4
0.202877 4
0.201976 4
0.200798 4
0.200539 4
0.200045 4
0.199035 4
0.198671 4
0.197917 4
0.196899 4
0.195997 4
0.195251 4
0.194868 4
0.193552 4
0.192918 4
0.192388 4
0.191615 4
0.19097 4
0.18981 4
0.189201 4
0.187881 4
0.18763 4
0.187113 4
0.186347 4
0.185837 4
0.185183 4
0.184556 4
0.183382 4
0.182664 4
0.182161 4
0.181122 4
0.180717 4
0.180356 4
0.179643 4
0.178881 4
0.178156 4
0.177791 4
0.176695 3
0.176067 3
0.175297 3
0.174288 3
0.173641 3
0.173244 3
0.172965 3
0.172453 3
0.172062 3
0.171182 3
0.170263 3
0.169484 3
0.16861 3
0.167976 3
0.167352 3
0.166846 3
0.166089 3
0.165587 3
0.164964 2
0.164446 2
0.163274 2
0.162506 2
0.162007 2
0.160721 2
0.160059 2
0.159148 2
0.158612 2
0.157959 2
0.15682 2
0.155956 2
0.155683 2
0.155173 2
0.154554 2
0.154182 2
0.153678 2
0.152666 2
0.152132 2
0.151512 2
0.151375 2
0.150637 2
0.150232 2
0.148841 2
0.148182 2
0.14728 2
0.146635 2
0.146377 2
0.145201 2
0.144164 2
0.143382 2
0.142836 2
0.141804 2
0.140354 2
0.1392 2
0.138687 2
0.137672 2
0.136897 2
0.135994 2
0.134711 2
0.134446 2
0.133893 2
0.133376 2
0.132585 2
0.131669 2
0.131154 2
0.130761 2
0.130234 2
0.129232 2
0.128362 2
0.127974 2
0.126841 2
0.126326 2
0.125573 1
0.124829 1
0.124226 1
0.123016 0
0.121498 0
0.12044 0
0.119534 0
0.11889 0
0.117999 0
0.117241 0
0.116225 0
0.114793 0
0.114124 0
0.11308 0
0.11181 0
0.111543 0
0.111156 0
0.11052 0
0.109481 0
0.108571 0
0.107817 0
0.107186 0
0.106911 0
0.106131 0
0.105753 0
0.104983 0
0.104588 0
0.104069 0
0.103554 0
0.102788 0
0.10226 0
0.101622 0
0.100588 0
0.0994594 0
0.0990927 0
0.0989683 0
0.0988477 0
0.0982057 0
0.0979524 0
0.0975927 0
0.096746 0
0.096253 0
0.0957516 0
0.0952366 0
0.0944484 0
0.0943243 0
0.0939394 0
0.093536 0
0.0928904 0
0.0919975 0
0.0914798 0
0.090958 0
0.0902843 0
0.0900286 0
0.0893944 0
0.0892676 0
0.0883839 0
0.0877466 0
0.0873566 0
0.0870946 0
0.0865798 0
0.0860639 0
0.0851894 0
0.0842825 0
0.0840358 0
0.0839062 0
0.0837807 0
0.0831389 0
0.0826441 0
0.0822522 0
0.0815872 0
0.0810657 0
0.0803237 0
0.0794441 0
0.0785351 0
0.0779113 0
0.0775194 0
0.0767485 0
0.0763597 0
0.0758522 0
0.0753553 0
0.074462 0
0.07422 0
0.0737398 0
0.0734877 0
0.0733674 0
0.0724639 0
0.0718322 0
0.0710526 0
0.0706649 0
0.0700472 0
0.0691281 0
0.0683516 0
0.0679803 0
0.0677168 0
0.0675867 0
0.067336 0
0.0667211 0
0.0656975 0
0.0647949 0
0.0646717 0
0.0640615 0
0.0634175 0
0.0628186 0
0.0625674 0
0.0618105 0
0.0611921 0
0.0607973 0
0.0606668 0
0.0601509 0
0.059248 0
0.0585912 0
0.058323 0
0.0578337 0
0.0575808 0
0.0574411 0
0.0571742 0
0.0569257 0
0.05655 0
0.0561581 0
0.0556444 0
0.0543843 0
0.0537645 0
0.0531087 0
0.0526057 0
0.0518404 0
0.0513089 0
0.0509371 0
0.0503089 0
0.0500526 0
0.0497915 0
0.0496573 0
0.0492703 0
0.0491545 0
0.0490186 0
0.0487531 0
0.0483569 0
0.0479659 0
0.0478401 0
0.0476083 0
0.0466046 0
0.0463487 0
0.0459568 0
0.0454366 0
0.045298 0
0.0450365 0
0.0446418 0
0.0445253 0
0.0442441 0
0.0439854 0
0.0437446 0
0.0433903 0
0.0431204 0
0.0426002 0
0.0424838 0
0.0420861 0
0.0417227 0
0.041354 0
0.0407099 0
0.0400792 0
0.0394233 0
0.0390526 0
0.038661 0
0.0382574 0
0.0378818 0
0.0375012 0
0.037101 0
0.0369828 0
0.0367176 0
0.0363442 0
0.0355951 0
0.0354654 0
0.0351999 0
0.0349387 0
0.0346763 0
0.0341575 0
0.0336398 0
0.0329971 0
0.0328609 0
0.0327268 0
0.0323581 0
0.0322351 0
0.0318493 0
0.0314683 0
0.0309463 0
0.0308187 0
0.0306933 0
0.0303197 0
0.0300758 0
0.0298176 0
0.0296883 0
0.0293117 0
0.0290609 0
0.0286837 0
0.0285469 0
0.0280347 0
0.0275189 0
0.0272659 0
0.0269999 0
0.0266125 0
0.0260877 0
0.0259465 0
0.0256744 0
0.0255507 0
0.0250373 0
0.0245161 0
0.0242603 0
0.0241272 0
0.023877 0
0.0237536 0
0.0233993 0
0.0232625 0
0.0230093 0
0.0226271 0
0.0220964 0
0.0218255 0
0.0217026 0
0.0214463 0
0.0213221 0
0.0210798 0
0.0208251 0
0.0206895 0
0.0204399 0
0.0199481 0
0.0191772 0
0.0188144 0
0.0186727 0
0.0184016 0
0.0182633 0
0.0180008 0
0.0177478 0
0.0176184 0
0.0173652 0
0.0172207 0
0.0165705 0
0.0161887 0
0.0155571 0
0.0150338 0
0.0148922 0
0.0146163 0
0.0143707 0
0.0142451 0
0.0139907 0
0.0137347 0
0.0136277 0
0.0133685 0
0.013249 0
0.0131253 0
0.0128619 0
0.0127371 0
0.0124895 0
0.0121046 0
0.011969 0
0.0117194 0
0.0115933 0
0.0113403 0
0.0112128 0
0.010958 0
0.0105819 0
0.0104543 0
0.0103312 0
0.0102032 0
0.0100784 0
0.00982865 0
0.00958431 0
0.00945611 0
0.00920311 0
0.00894181 0
0.00880582 0
0.00867126 0
0.00854647 0
0.0082818 0
0.00814475 0
0.00788808 0
0.00776396 0
0.0076378 0
0.00751357 0
0.00739953 0
0.00713847 0
0.00700475 0
0.00686687 0
0.00673541 0
0.00660359 0
0.00647467 0
0.00635701 0
0.0061089 0
0.00597358 0
0.0058448 0
0.00571738 0
0.0055846 0
0.00532484 0
0.00519451 0
0.00505561 0
0.00492308 0
0.0046716 0
0.00455045 0
0.0044133 0
0.00414965 0
0.00401573 0
0.00388708 0
0.00377332 0
0.00351164 0
0.00326911 0
0.00314919 0
0.00289867 0
0.00277527 0
0.00265628 0
0.00253331 0
0.00227836 0
0.00202722 0
0.00189984 0
0.00176865 0
0.00164638 0
0.00152133 0
0.001399 0
0.00127061 0
0.00114852 0
0.00101219 0
0.000887545 0
0.000754635 0
0.000626521 0
0.00050848 0
0.000385298 0
0.000255159 0
0.00013118 0
0 0
