0.684394 79 54.36
0.684394 78 54.63
0.684394 77 54.65
0.684394 76 54.66
0.6842 76 54.73
0.6842 75 54.74
0.683814 75 54.76
0.68362 75 54.77
0.683427 75 54.79
0.683233 75 54.8
0.68304 75 54.81
0.682847 75 54.84
0.682653 75 54.86
0.68246 75 54.89
0.682266 75 54.92
0.682073 75 54.96
0.68188 75 54.98
0.681686 74 55
0.6813 73 55.01
0.6813 72 55.04
0.681106 72 55.06
0.681106 70 55.07
0.680913 70 55.08
0.680719 70 55.1
0.680719 69 55.11
0.679946 69 55.12
0.679366 69 55.13
0.679366 68 55.14
0.679172 68 55.15
0.678979 68 55.16
0.678979 67 55.17
0.678786 67 55.18
0.678399 67 55.19
0.678399 65 55.2
0.678205 65 55.21
0.677432 64 55.22
0.676658 63 55.23
0.676465 61 55.24
0.676272 61 55.25
0.675885 61 55.26
0.675111 61 55.27
0.674724 61 55.28
0.673951 60 55.29
0.672597 60 55.3
0.671437 60 55.31
0.671243 59 55.32
0.67105 58 55.33
0.670277 58 55.34
0.669503 58 55.35
0.66931 58 55.36
0.668536 57 55.37
0.667956 57 55.38
0.667763 56 55.39
0.667182 56 55.4
0.666215 56 55.41
0.665829 55 55.42
0.665055 55 55.43
0.663895 55 55.44
0.663315 55 55.45
0.662348 54 55.46
0.661187 54 55.47
0.660414 54 55.48
0.658867 53 55.49
0.6579 53 55.5
0.65674 52 55.51
0.655773 50 55.52
0.654225 50 55.53
0.654032 50 55.54
0.653065 50 55.55
0.652678 49 55.56
0.652292 48 55.57
0.651325 48 55.58
0.649778 47 55.59
0.648231 47 55.6
0.646683 47 55.61
0.644943 47 55.62
0.644169 46 55.63
0.643589 45 55.64
0.642429 45 55.65
0.641462 44 55.66
0.638948 44 55.67
0.637401 44 55.68
0.635467 44 55.69
0.634307 44 55.7
0.632953 44 55.71
0.631213 42 55.72
0.629472 42 55.73
0.628118 42 55.74
0.626571 42 55.75
0.624831 42 55.76
0.62251 41 55.77
0.621156 40 55.78
0.618449 38 55.79
0.614581 36 55.8
0.613228 35 55.81
0.610714 35 55.82
0.6082 35 55.83
0.606266 35 55.84
0.604719 35 55.85
0.603172 34 55.86
0.601238 32 55.87
0.59911 31 55.88
0.59679 29 55.89
0.596016 28 55.9
0.592342 27 55.91
0.588861 27 55.92
0.58712 27 55.93
0.584413 27 55.94
0.582286 27 55.95
0.580545 26 55.96
0.577451 25 55.97
0.576291 25 55.98
0.574164 24 55.99
0.572617 22 56
0.570683 21 56.01
0.569136 21 56.02
0.565848 21 56.03
0.562754 20 56.04
0.56024 19 56.05
0.557339 18 56.06
0.555018 18 56.07
0.551731 18 56.08
0.549604 18 56.09
0.545929 18 56.1
0.542448 18 56.11
0.540321 17 56.12
0.537227 16 56.13
0.534519 16 56.14
0.531619 16 56.15
0.528718 16 56.16
0.526591 16 56.17
0.524657 16 56.18
0.522143 16 56.19
0.518662 16 56.2
0.513827 15 56.21
0.509379 15 56.22
0.506478 15 56.23
0.502804 15 56.24
0.50029 15 56.25
0.496422 15 56.26
0.492941 15 56.27
0.489847 15 56.28
0.48656 14 56.29
0.482885 13 56.3
0.479404 12 56.31
0.47399 12 56.32
0.471669 12 56.33
0.469348 12 56.34
0.465481 11 56.35
0.462386 11 56.36
0.459486 11 56.37
0.457552 11 56.38
0.453684 10 56.39
0.449623 9 56.4
0.445755 9 56.41
0.441307 7 56.42
0.437633 7 56.43
0.434539 7 56.44
0.430478 6 56.45
0.424676 6 56.46
0.421195 6 56.47
0.417908 6 56.48
0.41346 6 56.49
0.408818 6 56.5
0.405337 6 56.51
0.401857 6 56.52
0.398182 6 56.53
0.394121 6 56.54
0.390253 6 56.55
0.385999 6 56.56
0.383485 6 56.57
0.37865 6 56.58
0.372655 6 56.59
0.368594 6 56.6
0.363179 6 56.61
0.358151 6 56.62
0.353123 6 56.63
0.348289 6 56.64
0.344034 6 56.65
0.340553 6 56.66
0.335912 6 56.67
0.332044 6 56.68
0.328563 5 56.69
0.322181 5 56.7
0.31754 5 56.71
0.312899 5 56.72
0.307097 5 56.73
0.301489 5 56.74
0.297428 4 56.75
0.293367 4 56.76
0.290079 4 56.77
0.286598 4 56.78
0.28157 3 56.79
0.276349 3 56.8
0.273641 3 56.81
0.269194 2 56.82
0.264359 2 56.83
0.259331 2 56.84
0.25643 2 56.85
0.252949 1 56.86
0.249275 1 56.87
0.245214 1 56.88
0.240379 1 56.89
0.237091 1 56.9
0.232837 1 56.91
0.226262 1 56.92
0.221427 1 56.93
0.218333 1 56.94
0.214852 1 56.95
0.210598 1 56.96
0.20731 1 56.97
0.203442 1 56.98
0.197641 1 56.99
0.193193 1 57
0.189905 1 57.01
0.185651 1 57.02
0.181976 1 57.03
0.180043 1 57.04
0.176948 0 57.05
0.173661 0 57.06
0.17134 0 57.07
0.167666 0 57.08
0.164572 0 57.09
0.162251 0 57.1
0.158963 0 57.11
0.155869 0 57.12
0.152002 0 57.13
0.148907 0 57.14
0.146007 0 57.15
0.143106 0 57.16
0.140205 0 57.17
0.137498 0 57.18
0.134403 0 57.19
0.131309 0 57.2
0.128408 0 57.21
0.125701 0 57.22
0.123767 0 57.23
0.120093 0 57.24
0.117192 0 57.25
0.114678 0 57.26
0.112551 0 57.27
0.109843 0 57.28
0.106556 0 57.29
0.104429 0 57.3
0.102108 0 57.31
0.100561 0 57.32
0.0978534 0 57.33
0.0953394 0 57.34
0.0932121 0 57.35
0.0910849 0 57.36
0.0887643 0 57.37
0.0860569 0 57.38
0.0835428 0 57.39
0.0821891 0 57.4
0.0810288 0 57.41
0.0785148 0 57.42
0.0763875 0 57.43
0.0740669 0 57.44
0.0725198 0 57.45
0.0703926 0 57.46
0.0674918 0 57.47
0.0661381 0 57.48
0.0649778 0 57.49
0.0630439 0 57.5
0.0609167 0 57.51
0.0589828 0 57.52
0.0572423 0 57.53
0.0555018 0 57.54
0.0537614 0 57.55
0.0533746 0 57.56
0.0518275 0 57.57
0.0502804 0 57.58
0.0487333 0 57.59
0.0471862 0 57.6
0.0462193 0 57.61
0.0452524 0 57.62
0.0431251 0 57.63
0.0413846 0 57.64
0.0404177 0 57.65
0.0398376 0 57.66
0.0388706 0 57.67
0.0375169 0 57.68
0.0361632 0 57.69
0.0355831 0 57.7
0.0336492 0 57.71
0.0328757 0 57.72
0.0317153 0 57.73
0.0303616 0 57.74
0.0293947 0 57.75
0.0284278 0 57.76
0.0272675 0 57.77
0.0264939 0 57.78
0.0249468 0 57.79
0.023013 0 57.8
0.0210791 0 57.81
0.0206923 0 57.82
0.0203056 0 57.83
0.0193386 0 57.84
0.0189518 0 57.85
0.0181783 0 57.86
0.0172114 0 57.87
0.0162444 0 57.88
0.0158577 0 57.89
0.0154709 0 57.9
0.0152775 0 57.91
0.0148907 0 57.92
0.0141172 0 57.93
0.0131503 0 57.94
0.0129569 0 57.95
0.0125701 0 57.96
0.0123767 0 57.97
0.0116032 0 57.98
0.0106362 0 57.99
0.0098627 0 58.01
0.00947592 0 58.02
0.00889576 0 58.03
0.00812222 0 58.04
0.00734868 0 58.05
0.00638174 0 58.06
0.00618836 0 58.08
0.00580159 0 58.09
0.00541481 0 58.11
0.00483465 0 58.14
0.00444788 0 58.15
0.00406111 0 58.16
0.00348095 0 58.18
0.00328757 0 58.19
0.00309418 0 58.2
0.00290079 0 58.22
0.00270741 0 58.23
0.00251402 0 58.24
0.00212725 0 58.25
0.00193386 0 58.29
0.00174048 0 58.32
0.00154709 0 58.38
0.0013537 0 58.39
0.00116032 0 58.47
0.000966931 0 58.5
0.000773545 0 58.51
0.000580159 0 58.54
0.000386772 0 58.55
0.000193386 0 58.68
0 0 1.79769e+308
