0.731773 659 -1.41
0.731773 658 -1.04
0.731773 657 -0.92
0.731773 656 -0.86
0.73158 656 -0.78
0.73158 655 -0.59
0.73158 654 -0.58
0.73158 653 -0.46
0.73158 652 -0.38
0.73158 651 -0.32
0.73158 650 -0.28
0.731387 650 -0.21
0.731387 649 -0.17
0.731387 647 -0.13
0.731387 646 0.01
0.731387 645 0.02
0.731193 645 0.06
0.731193 643 0.08
0.731193 642 0.09
0.731193 641 0.23
0.731193 640 0.25
0.731193 639 0.27
0.731193 637 0.32
0.731193 636 0.34
0.731193 635 0.35
0.731 635 0.37
0.731 634 0.39
0.731 632 0.4
0.731 631 0.41
0.731 630 0.42
0.731 629 0.43
0.730806 629 0.44
0.730806 628 0.46
0.730613 628 0.47
0.730613 626 0.51
0.730613 625 0.55
0.730613 624 0.57
0.73042 623 0.61
0.73042 621 0.64
0.73042 620 0.65
0.73042 619 0.66
0.730226 619 0.71
0.730226 618 0.73
0.730226 617 0.74
0.730226 616 0.76
0.730226 614 0.77
0.730226 613 0.8
0.730226 612 0.81
0.730226 610 0.82
0.730033 610 0.83
0.729839 610 0.84
0.729839 609 0.87
0.729839 608 0.88
0.729646 607 0.9
0.729453 607 0.91
0.729453 606 0.92
0.729453 604 0.93
0.729259 603 0.94
0.729259 601 0.95
0.729259 599 0.98
0.729259 597 1.01
0.729066 594 1.03
0.728873 594 1.04
0.728873 593 1.05
0.728873 592 1.06
0.728873 591 1.07
0.728873 590 1.08
0.728873 588 1.11
0.728679 587 1.19
0.728679 585 1.2
0.728679 584 1.21
0.728486 584 1.22
0.728292 583 1.23
0.728292 582 1.25
0.728292 580 1.26
0.728292 578 1.27
0.728292 576 1.28
0.728292 574 1.29
0.727906 573 1.3
0.727712 568 1.32
0.727519 566 1.34
0.727519 561 1.35
0.727325 559 1.36
0.727325 558 1.37
0.727325 557 1.38
0.727132 556 1.4
0.727132 554 1.41
0.727132 553 1.42
0.726939 553 1.43
0.726939 550 1.44
0.726745 550 1.45
0.726745 548 1.46
0.726745 545 1.47
0.726745 543 1.48
0.726552 542 1.49
0.726552 541 1.5
0.726165 541 1.52
0.726165 539 1.54
0.726165 538 1.55
0.726165 536 1.56
0.725972 535 1.57
0.725972 533 1.58
0.725585 531 1.59
0.725585 530 1.6
0.725585 529 1.62
0.725392 529 1.64
0.725198 527 1.65
0.725005 526 1.69
0.724811 525 1.7
0.724425 523 1.71
0.724425 522 1.72
0.724425 521 1.73
0.724425 520 1.74
0.724231 519 1.75
0.724231 516 1.78
0.724231 515 1.79
0.724231 514 1.81
0.724038 511 1.82
0.724038 510 1.84
0.724038 508 1.85
0.724038 506 1.86
0.724038 504 1.87
0.723845 503 1.88
0.723651 502 1.91
0.723651 501 1.93
0.723458 498 1.94
0.723458 497 1.95
0.723458 495 1.96
0.723458 493 1.97
0.723264 493 1.99
0.723071 492 2
0.723071 491 2.01
0.723071 490 2.02
0.723071 489 2.03
0.722878 489 2.04
0.722878 486 2.05
0.722684 484 2.06
0.722684 479 2.07
0.722684 477 2.08
0.722684 476 2.09
0.722297 476 2.1
0.722297 475 2.11
0.722297 474 2.12
0.722297 473 2.13
0.722297 472 2.14
0.722297 470 2.15
0.722297 467 2.16
0.722297 465 2.17
0.722104 464 2.18
0.721911 462 2.19
0.721717 461 2.2
0.721717 459 2.21
0.721524 456 2.22
0.72133 456 2.23
0.721137 454 2.24
0.720944 452 2.26
0.720944 449 2.27
0.72075 447 2.28
0.720557 447 2.29
0.720557 445 2.31
0.720557 443 2.32
0.720364 442 2.33
0.719977 441 2.34
0.719397 439 2.36
0.719397 437 2.37
0.719397 435 2.38
0.719397 434 2.39
0.719397 433 2.4
0.719397 431 2.42
0.719203 431 2.43
0.718816 431 2.45
0.718623 429 2.46
0.718623 428 2.47
0.71843 425 2.48
0.718043 421 2.49
0.717656 420 2.5
0.717656 418 2.51
0.717656 416 2.52
0.717463 414 2.53
0.717463 413 2.54
0.717269 410 2.55
0.717269 408 2.56
0.717269 406 2.57
0.717076 406 2.58
0.716883 405 2.6
0.716689 402 2.61
0.716689 401 2.62
0.716109 400 2.65
0.716109 398 2.66
0.715916 398 2.67
0.715722 398 2.69
0.715336 396 2.7
0.714755 394 2.71
0.714369 394 2.72
0.714369 390 2.73
0.714175 389 2.74
0.714175 386 2.75
0.714175 384 2.76
0.714175 381 2.78
0.713788 377 2.79
0.713208 374 2.8
0.713208 373 2.81
0.713015 371 2.82
0.713015 369 2.83
0.712822 367 2.84
0.712435 367 2.86
0.712435 363 2.87
0.712435 361 2.88
0.712048 361 2.89
0.711661 359 2.9
0.711661 357 2.92
0.711274 356 2.93
0.711081 354 2.94
0.710888 354 2.96
0.710888 353 2.97
0.710888 352 2.98
0.710501 351 2.99
0.710307 347 3
0.710307 345 3.01
0.710307 343 3.03
0.710114 342 3.04
0.710114 340 3.05
0.710114 338 3.06
0.710114 337 3.07
0.709727 336 3.08
0.709341 331 3.09
0.709147 331 3.1
0.709147 330 3.11
0.709147 328 3.12
0.708954 326 3.13
0.708954 324 3.14
0.708954 323 3.15
0.708954 322 3.16
0.70876 322 3.17
0.708374 321 3.18
0.707987 321 3.19
0.7076 317 3.2
0.707213 317 3.21
0.707213 316 3.22
0.707213 315 3.23
0.70702 315 3.24
0.706827 314 3.25
0.70644 314 3.26
0.706246 314 3.27
0.706053 314 3.28
0.706053 313 3.29
0.705666 313 3.3
0.705473 313 3.31
0.705279 311 3.32
0.705086 311 3.33
0.704699 308 3.34
0.704506 308 3.35
0.704506 307 3.36
0.704313 307 3.37
0.703732 302 3.38
0.703346 302 3.39
0.703346 301 3.4
0.702959 300 3.41
0.702572 299 3.42
0.701992 297 3.43
0.701798 294 3.44
0.701798 290 3.45
0.701218 289 3.47
0.700638 285 3.48
0.700638 284 3.49
0.700445 284 3.5
0.700058 283 3.51
0.700058 281 3.52
0.700058 280 3.53
0.699865 280 3.54
0.699865 279 3.55
0.699671 278 3.56
0.699284 275 3.57
0.699284 274 3.58
0.699284 272 3.59
0.698704 271 3.6
0.698511 268 3.61
0.698124 267 3.62
0.698124 265 3.63
0.697931 261 3.64
0.697544 259 3.65
0.696964 258 3.66
0.696964 256 3.67
0.696384 254 3.68
0.69619 253 3.69
0.695997 252 3.7
0.694643 251 3.71
0.69387 249 3.72
0.692903 246 3.73
0.692709 245 3.74
0.692323 241 3.76
0.692129 240 3.77
0.691936 239 3.78
0.691742 239 3.79
0.691549 238 3.8
0.691162 238 3.81
0.690969 237 3.82
0.690389 237 3.83
0.690195 236 3.84
0.690002 236 3.85
0.689422 235 3.86
0.689035 232 3.88
0.688842 231 3.89
0.688842 229 3.9
0.688455 229 3.91
0.687875 227 3.92
0.687488 227 3.93
0.687488 226 3.94
0.687101 225 3.95
0.686908 223 3.96
0.686714 222 3.97
0.686328 219 3.98
0.685941 217 3.99
0.684974 216 4
0.684587 213 4.01
0.684394 211 4.02
0.683814 209 4.03
0.68362 207 4.04
0.68304 205 4.05
0.682653 205 4.06
0.682266 204 4.07
0.681686 202 4.08
0.6813 200 4.09
0.681106 197 4.1
0.680719 196 4.11
0.680333 194 4.12
0.680139 192 4.13
0.679946 192 4.14
0.679752 187 4.15
0.678592 187 4.16
0.678399 187 4.17
0.678205 186 4.18
0.677819 185 4.19
0.677625 185 4.2
0.677045 184 4.21
0.676658 183 4.22
0.675885 183 4.23
0.675498 183 4.24
0.674918 182 4.25
0.674338 178 4.28
0.673951 177 4.29
0.673371 177 4.3
0.673177 177 4.31
0.672404 177 4.32
0.671824 177 4.33
0.671243 176 4.34
0.670857 174 4.35
0.670663 174 4.37
0.670277 173 4.38
0.66931 172 4.39
0.668536 171 4.4
0.667956 171 4.41
0.667569 170 4.42
0.667182 169 4.43
0.666602 169 4.44
0.666215 169 4.45
0.665829 168 4.46
0.665055 166 4.47
0.664668 166 4.48
0.664668 165 4.49
0.664282 164 4.5
0.663895 162 4.51
0.663895 160 4.52
0.663508 158 4.53
0.662541 158 4.54
0.662154 158 4.55
0.661574 156 4.56
0.660801 156 4.57
0.660607 156 4.58
0.660027 155 4.59
0.659254 155 4.6
0.65906 153 4.61
0.658287 152 4.62
0.657513 150 4.63
0.65674 149 4.64
0.656159 149 4.65
0.655192 148 4.66
0.654806 147 4.67
0.654612 147 4.68
0.654225 146 4.69
0.653839 144 4.7
0.653259 140 4.71
0.652292 139 4.72
0.651905 139 4.73
0.651518 139 4.74
0.650938 139 4.75
0.650358 139 4.76
0.650164 139 4.77
0.649584 137 4.78
0.649391 137 4.79
0.649004 137 4.8
0.648617 135 4.81
0.648037 133 4.82
0.647264 132 4.83
0.646877 132 4.84
0.64649 132 4.85
0.646103 130 4.86
0.645523 129 4.87
0.645136 129 4.88
0.64475 128 4.89
0.64475 127 4.91
0.644556 125 4.92
0.644363 125 4.93
0.643976 124 4.94
0.643589 122 4.95
0.643009 120 4.96
0.642622 119 4.97
0.642236 118 4.98
0.641849 117 4.99
0.641462 117 5
0.640302 117 5.01
0.639915 116 5.02
0.639335 116 5.03
0.638755 115 5.04
0.638561 111 5.05
0.638174 111 5.06
0.638174 110 5.07
0.637401 110 5.08
0.636821 110 5.09
0.636434 109 5.1
0.636047 109 5.11
0.634887 109 5.12
0.63392 109 5.13
0.632953 108 5.14
0.632373 108 5.15
0.631793 108 5.16
0.630632 106 5.17
0.628699 106 5.18
0.628505 105 5.19
0.627538 105 5.2
0.626958 103 5.21
0.626378 103 5.22
0.625798 103 5.23
0.625604 102 5.24
0.624637 101 5.25
0.624251 99 5.26
0.62367 99 5.27
0.623284 97 5.28
0.62251 96 5.29
0.622123 96 5.3
0.62135 92 5.31
0.62077 92 5.32
0.619996 91 5.33
0.619223 91 5.34
0.618642 91 5.35
0.617869 91 5.36
0.617869 90 5.37
0.617675 89 5.38
0.616322 89 5.39
0.615742 88 5.4
0.614968 88 5.41
0.613808 86 5.42
0.613034 86 5.43
0.611874 85 5.44
0.611681 85 5.45
0.610907 85 5.46
0.610327 85 5.47
0.60936 84 5.48
0.6082 84 5.49
0.607426 84 5.5
0.607039 83 5.51
0.606652 83 5.52
0.604719 82 5.53
0.603945 81 5.54
0.603365 79 5.55
0.602011 79 5.56
0.601818 79 5.57
0.601044 78 5.58
0.600464 77 5.59
0.599497 77 5.6
0.59795 77 5.61
0.59679 77 5.62
0.596596 76 5.63
0.595629 75 5.64
0.595243 74 5.65
0.594276 73 5.66
0.593889 72 5.67
0.593309 72 5.68
0.592922 72 5.69
0.591182 71 5.7
0.590408 70 5.71
0.590021 68 5.72
0.589828 68 5.73
0.589054 68 5.74
0.588281 67 5.75
0.587701 66 5.76
0.586734 65 5.77
0.585767 63 5.79
0.583446 62 5.8
0.583059 61 5.81
0.582092 61 5.82
0.581706 61 5.83
0.580932 61 5.84
0.579965 61 5.85
0.578805 59 5.86
0.578611 59 5.87
0.577838 59 5.88
0.577258 59 5.89
0.575711 58 5.9
0.575324 58 5.91
0.574357 57 5.92
0.573583 57 5.93
0.572617 57 5.94
0.572036 57 5.95
0.571263 57 5.96
0.571069 56 5.97
0.570296 55 5.98
0.569716 55 5.99
0.568555 55 6
0.567975 55 6.01
0.567588 55 6.02
0.567008 54 6.03
0.565655 53 6.04
0.563527 53 6.05
0.56256 51 6.06
0.561787 51 6.07
0.561207 50 6.08
0.560433 49 6.09
0.55966 49 6.1
0.557919 49 6.11
0.556759 48 6.12
0.555792 48 6.13
0.554825 47 6.14
0.553085 47 6.15
0.552698 47 6.16
0.551151 47 6.17
0.550764 47 6.18
0.550184 46 6.19
0.54941 45 6.2
0.548443 45 6.21
0.54767 45 6.22
0.547283 45 6.23
0.546316 44 6.24
0.546123 44 6.25
0.545349 44 6.26
0.544382 44 6.27
0.543222 43 6.28
0.541675 43 6.29
0.540708 42 6.3
0.540321 42 6.31
0.538774 41 6.32
0.53742 41 6.33
0.53626 40 6.34
0.535486 40 6.35
0.535293 40 6.36
0.534906 38 6.37
0.533939 38 6.38
0.532972 38 6.39
0.531812 38 6.4
0.529491 38 6.41
0.528331 38 6.42
0.526784 38 6.43
0.52601 38 6.44
0.524657 38 6.45
0.524077 38 6.46
0.523496 38 6.47
0.521949 38 6.48
0.519629 38 6.49
0.518662 38 6.5
0.517695 36 6.51
0.516728 36 6.52
0.515568 36 6.53
0.514601 36 6.54
0.513827 36 6.55
0.511893 35 6.56
0.51112 35 6.57
0.510346 34 6.58
0.509186 34 6.59
0.508799 33 6.6
0.508026 33 6.61
0.507059 33 6.62
0.505705 33 6.63
0.505125 33 6.64
0.503771 33 6.65
0.502804 33 6.66
0.502031 33 6.67
0.50087 33 6.68
0.500483 33 6.69
0.499903 33 6.7
0.49855 33 6.71
0.497196 33 6.72
0.496422 33 6.73
0.494488 33 6.74
0.493908 33 6.75
0.493328 33 6.76
0.492555 33 6.77
0.491588 33 6.78
0.491201 33 6.79
0.490041 32 6.8
0.48946 32 6.81
0.488687 31 6.82
0.488107 31 6.83
0.48656 31 6.84
0.485593 30 6.85
0.485206 30 6.86
0.484239 30 6.87
0.482692 30 6.88
0.482305 30 6.89
0.481918 30 6.9
0.480565 30 6.91
0.479791 30 6.92
0.478051 28 6.93
0.477471 27 6.94
0.475923 27 6.95
0.474956 27 6.96
0.474183 27 6.97
0.473216 27 6.98
0.472056 27 6.99
0.471282 27 7
0.469928 27 7.01
0.468768 27 7.02
0.467801 26 7.03
0.467028 25 7.04
0.465287 25 7.05
0.465094 25 7.06
0.463933 24 7.07
0.462967 23 7.08
0.462193 22 7.09
0.461419 21 7.1
0.459872 21 7.11
0.458519 21 7.12
0.456972 21 7.13
0.456005 21 7.14
0.454844 21 7.15
0.45291 20 7.16
0.45233 19 7.17
0.450977 19 7.18
0.449623 17 7.19
0.44943 17 7.2
0.448463 17 7.21
0.447109 17 7.22
0.445755 17 7.23
0.444595 17 7.24
0.442854 16 7.25
0.441114 16 7.26
0.440147 16 7.27
0.438793 16 7.28
0.437826 16 7.29
0.436666 16 7.3
0.436279 15 7.31
0.434539 15 7.32
0.432412 14 7.33
0.431058 13 7.34
0.429898 13 7.35
0.429124 13 7.36
0.427964 13 7.37
0.42661 13 7.38
0.425256 13 7.39
0.424483 12 7.4
0.423129 12 7.41
0.422162 12 7.42
0.421389 12 7.43
0.420615 12 7.44
0.420035 12 7.45
0.418294 12 7.46
0.41636 12 7.47
0.414813 12 7.48
0.413653 12 7.49
0.412493 12 7.5
0.411332 12 7.51
0.410172 12 7.52
0.409205 12 7.53
0.408432 12 7.54
0.406304 12 7.55
0.405337 12 7.56
0.40379 12 7.57
0.40263 12 7.58
0.402437 12 7.59
0.401276 12 7.6
0.400503 12 7.61
0.399342 12 7.62
0.399149 12 7.63
0.397409 12 7.64
0.394895 12 7.65
0.393734 12 7.66
0.391994 11 7.67
0.39122 11 7.68
0.39006 11 7.69
0.387933 11 7.7
0.386772 10 7.71
0.384839 10 7.72
0.384065 10 7.73
0.382518 9 7.74
0.381744 9 7.75
0.380197 9 7.76
0.37923 9 7.77
0.377296 9 7.78
0.375169 9 7.79
0.374589 9 7.8
0.374396 8 7.81
0.372655 8 7.82
0.371108 7 7.83
0.369754 7 7.84
0.368787 7 7.85
0.367627 7 7.86
0.366854 7 7.87
0.366273 7 7.88
0.364726 7 7.89
0.362599 7 7.9
0.360085 7 7.91
0.359312 7 7.92
0.358151 7 7.93
0.356604 7 7.94
0.355831 7 7.95
0.354284 7 7.96
0.35351 7 7.97
0.352736 7 7.98
0.351769 7 7.99
0.351189 7 8
0.349836 7 8.01
0.349255 7 8.02
0.347708 7 8.03
0.346355 7 8.04
0.344614 6 8.05
0.342874 6 8.06
0.341713 6 8.07
0.34094 6 8.08
0.339393 6 8.09
0.338232 6 8.1
0.337072 6 8.11
0.336105 6 8.12
0.334751 6 8.13
0.333011 6 8.14
0.332044 6 8.15
0.331271 6 8.16
0.330497 6 8.17
0.329337 6 8.18
0.328563 6 8.19
0.326823 6 8.2
0.323922 6 8.21
0.322568 6 8.22
0.321214 6 8.23
0.320248 6 8.24
0.31812 6 8.25
0.316767 6 8.26
0.315993 6 8.27
0.314833 6 8.28
0.312899 6 8.29
0.312319 6 8.3
0.311932 6 8.31
0.309998 6 8.32
0.309225 6 8.33
0.308064 6 8.34
0.306517 6 8.35
0.30613 6 8.36
0.304196 6 8.37
0.302649 6 8.38
0.301102 6 8.39
0.300522 6 8.4
0.298975 6 8.41
0.296848 6 8.42
0.295881 6 8.43
0.295301 6 8.44
0.294721 6 8.45
0.293754 6 8.46
0.292593 6 8.47
0.291046 6 8.48
0.290273 6 8.49
0.288919 6 8.5
0.286405 6 8.51
0.285245 6 8.52
0.283891 6 8.53
0.282344 5 8.54
0.281377 5 8.55
0.280797 5 8.56
0.280023 5 8.57
0.278283 5 8.58
0.277122 5 8.59
0.275962 5 8.6
0.273448 4 8.61
0.272094 4 8.62
0.270741 4 8.63
0.269387 4 8.64
0.268033 4 8.65
0.26668 4 8.66
0.265519 4 8.67
0.265132 4 8.68
0.263779 4 8.69
0.262618 4 8.7
0.262038 4 8.71
0.260491 4 8.72
0.259524 4 8.73
0.257977 4 8.74
0.256623 3 8.75
0.254883 3 8.76
0.253529 3 8.77
0.252949 3 8.78
0.251982 3 8.79
0.250242 3 8.8
0.249468 3 8.81
0.248501 3 8.82
0.247728 3 8.83
0.246761 2 8.84
0.245987 2 8.85
0.24502 2 8.86
0.24386 2 8.87
0.2427 2 8.88
0.241539 2 8.89
0.240959 2 8.9
0.239412 2 8.91
0.238445 2 8.92
0.236898 2 8.93
0.235931 2 8.94
0.234964 2 8.95
0.233417 2 8.96
0.231483 2 8.97
0.229549 2 8.98
0.228582 2 8.99
0.227229 2 9
0.226455 2 9.01
0.225295 2 9.02
0.224135 2 9.03
0.223168 2 9.04
0.222394 2 9.05
0.221814 2 9.06
0.22104 2 9.07
0.220073 2 9.08
0.218913 2 9.09
0.218333 2 9.1
0.216786 2 9.11
0.215626 2 9.12
0.214272 2 9.13
0.213112 2 9.14
0.212145 2 9.15
0.210404 2 9.16
0.209437 2 9.17
0.208664 2 9.18
0.207503 2 9.19
0.206536 2 9.2
0.205956 2 9.21
0.205183 2 9.22
0.204409 2 9.23
0.203056 2 9.24
0.201122 2 9.25
0.200348 2 9.26
0.199188 2 9.27
0.198414 1 9.28
0.197641 1 9.29
0.1959 1 9.3
0.194933 1 9.31
0.193773 1 9.32
0.192999 1 9.33
0.191259 1 9.34
0.190292 1 9.35
0.189712 1 9.36
0.188745 1 9.37
0.187585 1 9.38
0.187004 1 9.39
0.185457 1 9.4
0.184104 1 9.41
0.183717 1 9.42
0.182943 1 9.43
0.18217 1 9.44
0.181396 1 9.45
0.181009 1 9.46
0.180429 1 9.47
0.179849 1 9.48
0.178689 1 9.49
0.177915 1 9.5
0.177142 1 9.51
0.176368 1 9.52
0.175788 1 9.53
0.174434 1 9.54
0.173467 1 9.55
0.1725 1 9.56
0.17134 1 9.57
0.169793 1 9.58
0.169213 1 9.59
0.168246 1 9.6
0.167086 1 9.61
0.165732 1 9.62
0.163991 1 9.63
0.162831 1 9.64
0.162444 1 9.65
0.161671 1 9.66
0.160124 1 9.67
0.159157 1 9.68
0.158577 1 9.69
0.15761 1 9.7
0.156836 1 9.71
0.155869 1 9.72
0.155482 1 9.73
0.154129 1 9.74
0.152775 1 9.75
0.152195 1 9.76
0.151035 1 9.77
0.150454 1 9.78
0.149488 1 9.79
0.148134 1 9.8
0.147167 1 9.81
0.146587 1 9.82
0.1462 1 9.83
0.144459 1 9.84
0.143879 1 9.85
0.142719 1 9.86
0.141945 1 9.87
0.140979 1 9.88
0.139818 1 9.89
0.138271 1 9.9
0.137111 1 9.91
0.136917 1 9.92
0.136337 1 9.93
0.13537 1 9.94
0.134984 1 9.95
0.134403 1 9.96
0.13363 1 9.97
0.132663 1 9.98
0.131889 1 9.99
0.131309 1 10
0.130149 1 10.01
0.129762 1 10.02
0.128795 1 10.03
0.128215 1 10.04
0.127442 1 10.05
0.127055 1 10.06
0.125894 1 10.07
0.125121 1 10.08
0.123961 1 10.09
0.123574 1 10.1
0.122994 1 10.11
0.121833 1 10.12
0.120866 1 10.13
0.12048 1 10.14
0.119513 1 10.15
0.119319 1 10.16
0.118159 1 10.17
0.116999 1 10.18
0.116032 1 10.19
0.115645 1 10.2
0.115258 1 10.21
0.114678 1 10.22
0.113904 1 10.23
0.112744 1 10.24
0.111971 1 10.25
0.111584 1 10.26
0.110424 1 10.27
0.10965 1 10.28
0.108683 1 10.29
0.108103 1 10.3
0.107136 1 10.31
0.106556 1 10.32
0.106169 1 10.33
0.105589 1 10.35
0.105202 1 10.37
0.104815 1 10.38
0.104042 1 10.39
0.103268 1 10.4
0.102881 1 10.41
0.102495 1 10.42
0.101721 1 10.43
0.100948 1 10.44
0.0997873 1 10.45
0.0990137 1 10.46
0.0984336 1 10.47
0.0972733 1 10.48
0.0968865 1 10.49
0.0955328 1 10.5
0.0947592 1 10.51
0.0939857 1 10.52
0.0930188 1 10.53
0.0918584 1 10.54
0.0914717 1 10.55
0.0903114 1 10.56
0.0897312 1 10.58
0.0887643 1 10.59
0.0881841 1 10.6
0.0872172 1 10.61
0.0862502 1 10.62
0.0852833 1 10.63
0.084123 1 10.64
0.0835428 1 10.65
0.0827693 1 10.66
0.0825759 1 10.67
0.0819957 1 10.68
0.0812222 1 10.69
0.080642 1 10.7
0.0796751 1 10.71
0.0789016 1 10.72
0.0787082 1 10.73
0.0773545 1 10.74
0.0763875 1 10.75
0.0758074 1 10.77
0.0748405 1 10.78
0.0744537 1 10.79
0.0738735 1 10.8
0.0736801 1 10.81
0.0731 1 10.82
0.0717463 1 10.83
0.0715529 1 10.84
0.0709727 1 10.85
0.0701992 1 10.86
0.0694256 1 10.87
0.0682653 1 10.88
0.0672984 1 10.89
0.0667182 1 10.9
0.0665249 1 10.91
0.0657513 1 10.92
0.0647844 1 10.93
0.0640108 1 10.94
0.0638174 1 10.95
0.0636241 1 10.96
0.0634307 1 10.97
0.0622704 1 10.98
0.062077 1 10.99
0.0616902 1 11
0.0614968 1 11.01
0.0607233 1 11.02
0.0603365 1 11.03
0.0601431 1 11.04
0.0595629 1 11.05
0.058596 1 11.07
0.0584026 1 11.08
0.0578225 1 11.09
0.0576291 1 11.1
0.0572423 1 11.11
0.056082 1 11.12
0.0556952 1 11.13
0.0545349 1 11.14
0.0543415 1 11.15
0.053568 1 11.16
0.0531812 1 11.17
0.0524077 1 11.18
0.0520209 1 11.19
0.051054 1 11.2
0.0504738 1 11.21
0.0502804 1 11.22
0.050087 1 11.23
0.0497003 1 11.24
0.0495069 1 11.25
0.0485399 1 11.26
0.0481532 1 11.27
0.0479598 1 11.28
0.047573 1 11.29
0.0473796 1 11.3
0.0471862 1 11.32
0.0469928 1 11.33
0.0464127 1 11.34
0.0460259 1 11.35
0.0456391 1 11.36
0.0452524 1 11.37
0.0444788 1 11.38
0.0438987 1 11.39
0.0435119 1 11.41
0.0429317 1 11.42
0.042545 0 11.43
0.0423516 0 11.44
0.0419648 0 11.45
0.0411913 0 11.47
0.0408045 0 11.48
0.0402243 0 11.49
0.0400309 0 11.5
0.0396442 0 11.51
0.0392574 0 11.52
0.039064 0 11.53
0.0388706 0 11.54
0.0384839 0 11.55
0.0379037 0 11.56
0.0375169 0 11.57
0.0369368 0 11.58
0.0367434 0 11.59
0.0361632 0 11.6
0.0359698 0 11.61
0.0351963 0 11.62
0.0346161 0 11.63
0.0344227 0 11.64
0.0342294 0 11.66
0.0338426 0 11.67
0.033069 0 11.68
0.0322955 0 11.69
0.0321021 0 11.7
0.0319087 0 11.72
0.0311352 0 11.73
0.0307484 0 11.74
0.030555 0 11.75
0.0303616 0 11.76
0.0299749 0 11.77
0.0297815 0 11.78
0.0295881 0 11.8
0.0293947 0 11.81
0.0290079 0 11.82
0.0288145 0 11.83
0.0286212 0 11.84
0.0284278 0 11.85
0.0282344 0 11.87
0.0274608 0 11.88
0.0268807 0 11.89
0.0266873 0 11.9
0.0263005 0 11.91
0.0259137 0 11.92
0.0257204 0 11.93
0.025527 0 11.95
0.0249468 0 11.96
0.0247534 0 11.97
0.0241733 0 11.98
0.0239799 0 12
0.0235931 0 12.02
0.0233997 0 12.03
0.0232063 0 12.05
0.0228196 0 12.06
0.0226262 0 12.07
0.022046 0 12.08
0.0218526 0 12.09
0.0214659 0 12.11
0.0212725 0 12.12
0.0210791 0 12.13
0.0206923 0 12.16
0.0204989 0 12.17
0.0203056 0 12.18
0.0201122 0 12.2
0.0197254 0 12.21
0.0193386 0 12.22
0.0191452 0 12.23
0.0189518 0 12.27
0.0187585 0 12.28
0.0183717 0 12.29
0.0181783 0 12.3
0.0179849 0 12.31
0.0175981 0 12.32
0.0172114 0 12.34
0.0168246 0 12.35
0.0164378 0 12.36
0.0162444 0 12.38
0.0160511 0 12.39
0.0158577 0 12.41
0.0156643 0 12.42
0.0154709 0 12.43
0.0152775 0 12.44
0.0150841 0 12.45
0.0146974 0 12.5
0.014504 0 12.51
0.0143106 0 12.54
0.0137304 0 12.56
0.013537 0 12.59
0.0131503 0 12.61
0.0129569 0 12.63
0.0127635 0 12.65
0.0125701 0 12.67
0.0123767 0 12.68
0.0121833 0 12.69
0.0119899 0 12.71
0.0117966 0 12.74
0.0116032 0 12.75
0.0112164 0 12.77
0.011023 0 12.78
0.0108296 0 12.79
0.0106362 0 12.82
0.0104429 0 12.83
0.0102495 0 12.85
0.0100561 0 12.87
0.0098627 0 12.89
0.00966931 0 12.91
0.00947592 0 12.92
0.00928254 0 12.93
0.00908915 0 12.95
0.00889576 0 12.99
0.00850899 0 13
0.00831561 0 13.04
0.00812222 0 13.05
0.00792883 0 13.07
0.00773545 0 13.08
0.00754206 0 13.09
0.00734868 0 13.1
0.00676852 0 13.12
0.00657513 0 13.14
0.00638174 0 13.15
0.00599497 0 13.18
0.00580159 0 13.21
0.0056082 0 13.22
0.00541481 0 13.24
0.00522143 0 13.28
0.00483465 0 13.29
0.00464127 0 13.31
0.00444788 0 13.33
0.0042545 0 13.34
0.00386772 0 13.37
0.00367434 0 13.38
0.00348095 0 13.41
0.00328757 0 13.43
0.00309418 0 13.47
0.00290079 0 13.56
0.00251402 0 13.58
0.00232063 0 13.66
0.00193386 0 13.71
0.00174048 0 13.72
0.00154709 0 13.73
0.0013537 0 13.86
0.00116032 0 13.94
0.000966931 0 14.06
0.000773545 0 14.17
0.000580159 0 14.18
0.000386772 0 15.06
0.000193386 0 16.05
0 0 1.79769e+308
