0.461382 571
0.461382 570
0.461276 570
0.461276 569
0.461276 568
0.461276 567
0.461157 567
0.461157 566
0.461157 565
0.461157 564
0.461033 564
0.461033 563
0.461033 562
0.461033 561
0.461033 560
0.461033 559
0.4609 559
0.4609 558
0.460806 556
0.460806 555
0.460806 554
0.460806 553
0.460672 553
0.460543 553
0.460454 551
0.4604 550
0.460274 549
0.460274 547
0.460274 546
0.460154 546
0.460154 545
0.460154 544
0.460154 543
0.460154 541
0.460154 540
0.460154 539
0.460154 538
0.460036 538
0.460015 538
0.460015 537
0.460015 536
0.459914 536
0.459795 536
0.459795 535
0.459795 534
0.459795 533
0.459795 532
0.459795 531
0.459795 530
0.459676 527
0.459675 526
0.459675 524
0.459675 523
0.459675 522
0.459513 521
0.459513 519
0.459384 519
0.459163 518
0.459163 517
0.459163 515
0.459163 513
0.459163 512
0.459163 511
0.458913 511
0.458717 509
0.458717 508
0.458586 506
0.458579 503
0.458579 501
0.458579 500
0.458399 499
0.458399 498
0.458399 497
0.458275 497
0.458275 494
0.458275 492
0.458093 489
0.458092 488
0.458092 487
0.457853 487
0.45782 484
0.457729 483
0.457729 481
0.457614 480
0.457614 479
0.457488 478
0.457488 477
0.457345 477
0.457345 475
0.457218 474
0.457095 473
0.456845 471
0.456845 470
0.456845 469
0.456781 468
0.456665 467
0.456665 465
0.456665 464
0.456546 461
0.456546 459
0.456539 457
0.456539 456
0.456408 455
0.456408 454
0.456408 453
0.456408 450
0.456408 448
0.456408 446
0.456277 446
0.456089 446
0.456089 445
0.456089 444
0.456072 443
0.455968 443
0.455968 441
0.455864 439
0.455862 436
0.455862 435
0.455625 435
0.455625 434
0.455625 433
0.455625 432
0.45554 430
0.45554 429
0.45554 427
0.45541 427
0.455275 426
0.455166 426
0.455166 424
0.454967 421
0.454847 421
0.45472 419
0.454607 418
0.454499 418
0.454499 416
0.454382 413
0.454264 413
0.454182 412
0.454182 410
0.454056 409
0.45381 408
0.453428 406
0.453428 404
0.453428 402
0.453428 401
0.453421 399
0.453421 398
0.453295 398
0.452969 397
0.452873 396
0.452873 395
0.452789 392
0.452542 389
0.452279 388
0.452279 387
0.452205 385
0.452084 384
0.452084 383
0.451947 380
0.451947 379
0.451947 377
0.451947 376
0.451947 374
0.451947 373
0.451585 372
0.45158 370
0.451459 369
0.451329 369
0.451085 367
0.450832 365
0.450556 365
0.450416 365
0.450225 361
0.45022 359
0.450093 356
0.449872 353
0.449314 350
0.449175 349
0.448992 348
0.448742 348
0.448663 344
0.448663 342
0.448389 342
0.448271 341
0.448271 339
0.448024 339
0.447831 337
0.447713 337
0.447353 336
0.44722 333
0.447093 331
0.447093 330
0.446993 329
0.446863 327
0.446863 325
0.446863 324
0.446599 323
0.446451 319
0.44633 317
0.44633 316
0.44633 314
0.446195 313
0.446195 312
0.44614 311
0.446008 310
0.445741 309
0.445533 309
0.445271 305
0.445013 305
0.445013 304
0.445013 303
0.444789 302
0.44469 301
0.444463 301
0.444317 301
0.444187 301
0.444187 300
0.443932 300
0.4438 300
0.443674 298
0.443538 298
0.44314 298
0.443029 298
0.443029 297
0.442913 297
0.442776 294
0.442513 294
0.442513 293
0.442266 293
0.442001 292
0.441611 290
0.441497 288
0.441497 284
0.441224 283
0.440914 277
0.440914 276
0.440782 276
0.440541 275
0.440541 273
0.440529 271
0.440402 271
0.440402 270
0.440274 269
0.440151 266
0.440151 265
0.440098 263
0.43971 262
0.439618 259
0.439371 258
0.439322 257
0.439178 253
0.438922 251
0.438533 250
0.438533 248
0.438058 247
0.437941 246
0.437826 244
0.437178 243
0.43667 242
0.436286 239
0.436058 237
0.435686 234
0.43556 234
0.435428 233
0.435302 233
0.435069 231
0.434834 231
0.43471 231
0.434342 231
0.434237 230
0.434133 230
0.433657 229
0.433516 226
0.433408 225
0.433325 223
0.433191 223
0.432835 221
0.432588 221
0.432588 220
0.432331 219
0.432207 217
0.432111 216
0.431857 212
0.431496 211
0.431125 210
0.4309 206
0.430882 203
0.430632 201
0.430523 199
0.430135 197
0.429882 197
0.429767 196
0.429389 194
0.429132 192
0.429011 190
0.42854 189
0.428376 187
0.428043 185
0.427932 185
0.42771 181
0.426951 181
0.426653 180
0.42654 179
0.426284 178
0.425901 177
0.425518 176
0.424991 176
0.424761 176
0.424266 174
0.423758 170
0.423219 168
0.422757 168
0.422653 168
0.422295 168
0.421957 168
0.421694 167
0.421341 166
0.421075 165
0.420496 164
0.420015 163
0.419775 163
0.419539 163
0.419286 163
0.418761 163
0.418531 163
0.418259 162
0.417951 160
0.417684 160
0.4176 159
0.417357 159
0.417138 157
0.416994 155
0.416655 153
0.41593 153
0.415689 153
0.415207 152
0.414842 152
0.414712 152
0.414461 152
0.414208 152
0.414081 151
0.413495 150
0.412905 148
0.412406 148
0.41201 148
0.411274 147
0.410929 145
0.410824 145
0.410498 144
0.410126 142
0.409814 138
0.409187 137
0.409055 137
0.4087 137
0.408331 137
0.407692 137
0.407559 137
0.407075 135
0.40697 135
0.406833 135
0.406624 133
0.405998 131
0.405717 130
0.405599 130
0.405347 130
0.404995 127
0.40463 126
0.404266 126
0.404026 126
0.403965 125
0.403727 125
0.403596 124
0.403321 124
0.403069 121
0.402713 119
0.402463 118
0.402232 118
0.401911 117
0.401651 117
0.401053 117
0.400648 116
0.400242 116
0.399876 115
0.399739 111
0.399241 111
0.399166 110
0.398694 110
0.398319 110
0.398071 109
0.397729 108
0.397123 108
0.396501 108
0.396001 108
0.39565 108
0.395297 108
0.39444 106
0.393333 106
0.393201 106
0.392586 106
0.392067 104
0.391704 104
0.391304 104
0.391088 103
0.390465 102
0.390146 100
0.389769 100
0.389435 98
0.388936 97
0.388692 97
0.388101 92
0.387853 92
0.387279 91
0.386758 91
0.386389 91
0.385766 91
0.385766 90
0.38545 89
0.384455 89
0.383971 88
0.38346 88
0.382609 86
0.381868 86
0.381243 85
0.38111 85
0.380639 85
0.379887 85
0.379371 84
0.378613 84
0.378167 84
0.377906 83
0.377806 83
0.376552 82
0.376065 81
0.375681 79
0.374912 79
0.374769 79
0.374263 78
0.373896 77
0.373298 76
0.37204 75
0.371436 75
0.371166 74
0.370536 74
0.370412 73
0.369722 72
0.369415 71
0.369178 71
0.368922 71
0.367758 70
0.367376 69
0.367276 68
0.367155 68
0.366641 68
0.366037 66
0.365672 66
0.364919 65
0.364109 63
0.362798 62
0.362455 61
0.361894 60
0.361622 60
0.361127 60
0.360646 59
0.359896 57
0.359661 57
0.359156 57
0.3589 57
0.357447 56
0.357061 56
0.356387 55
0.35599 55
0.355344 55
0.354952 55
0.354302 55
0.354071 54
0.353603 53
0.353224 53
0.352456 52
0.352113 52
0.351734 52
0.351438 51
0.35045 50
0.349056 50
0.348352 48
0.347726 48
0.347031 47
0.346437 47
0.345956 47
0.344954 47
0.344171 46
0.343565 46
0.342938 45
0.34183 45
0.34158 45
0.34055 45
0.340183 45
0.339721 43
0.339093 41
0.338598 40
0.338099 40
0.33797 40
0.337315 40
0.337182 40
0.336643 40
0.336022 39
0.335037 38
0.334267 38
0.333506 38
0.333267 38
0.332253 37
0.331218 37
0.330416 36
0.330029 36
0.329886 36
0.329628 34
0.328967 34
0.328464 34
0.327734 34
0.326113 34
0.325326 34
0.324304 34
0.323794 34
0.323065 34
0.322544 34
0.32217 34
0.32107 34
0.319745 34
0.319232 34
0.318149 31
0.317545 31
0.316559 31
0.316183 31
0.315812 31
0.314754 30
0.314374 30
0.313987 30
0.313364 30
0.313141 29
0.312573 28
0.311793 28
0.310889 28
0.310389 28
0.30961 28
0.308974 28
0.30849 28
0.307713 28
0.307448 28
0.306954 28
0.306029 28
0.30527 28
0.304774 28
0.303642 28
0.303245 28
0.303138 28
0.302498 28
0.30185 28
0.301607 28
0.300864 28
0.300485 28
0.300004 28
0.299872 28
0.298996 28
0.298385 27
0.298125 27
0.297607 27
0.296735 27
0.296476 27
0.296092 27
0.295226 27
0.294667 27
0.293689 26
0.293152 25
0.292028 25
0.291395 25
0.290881 25
0.290369 25
0.289624 25
0.28912 25
0.288073 25
0.287448 25
0.286828 25
0.286275 24
0.285269 24
0.285143 24
0.284416 23
0.283917 22
0.283439 21
0.283173 20
0.282141 20
0.281514 20
0.280463 20
0.279838 20
0.279059 20
0.277841 20
0.277466 19
0.276738 19
0.276003 18
0.275372 18
0.274263 18
0.273478 18
0.272856 18
0.271843 18
0.270963 18
0.270428 18
0.269534 18
0.268937 18
0.268161 18
0.267884 17
0.266937 16
0.265705 15
0.264784 14
0.263902 14
0.263393 14
0.262501 14
0.261632 14
0.260885 14
0.260243 13
0.259474 13
0.258747 13
0.258495 13
0.258099 13
0.257586 13
0.256589 13
0.255585 13
0.254576 13
0.253757 13
0.253094 13
0.252307 13
0.251503 13
0.250887 13
0.250382 13
0.249145 12
0.248652 12
0.24775 12
0.247014 12
0.246889 12
0.246259 12
0.245879 12
0.24514 12
0.245016 12
0.244117 12
0.242569 12
0.24179 12
0.240666 11
0.240271 11
0.239492 11
0.238344 11
0.237419 10
0.236411 10
0.235919 10
0.234953 9
0.234438 9
0.233289 9
0.232676 9
0.231447 9
0.230058 9
0.229805 9
0.229545 8
0.228768 8
0.227737 7
0.226974 7
0.226249 7
0.225515 7
0.224992 7
0.224619 7
0.223587 7
0.222416 7
0.220711 7
0.220189 7
0.219368 7
0.218356 7
0.217829 7
0.216844 7
0.216578 7
0.216256 6
0.215735 6
0.215319 6
0.214438 6
0.214181 6
0.21316 6
0.212519 6
0.211309 5
0.210302 5
0.209646 5
0.209143 5
0.208137 5
0.207379 5
0.207 5
0.206354 5
0.205434 5
0.204283 5
0.20366 5
0.20303 5
0.202768 5
0.202268 5
0.20201 5
0.200757 5
0.19903 5
0.19816 5
0.197304 4
0.196672 4
0.195371 4
0.1946 4
0.194086 4
0.193043 4
0.191789 4
0.19142 4
0.191168 4
0.190117 4
0.19 4
0.189259 4
0.188108 4
0.187706 4
0.186698 4
0.185788 4
0.184738 4
0.184375 4
0.183334 4
0.181973 4
0.181392 4
0.181006 4
0.180612 4
0.180011 4
0.179238 4
0.178193 4
0.177806 4
0.177172 4
0.175773 4
0.175034 4
0.174238 4
0.173047 3
0.172304 3
0.172037 3
0.171543 3
0.170672 3
0.169951 3
0.169164 3
0.167529 2
0.16688 2
0.166133 2
0.165141 2
0.164121 2
0.163361 2
0.162753 2
0.162485 2
0.161555 2
0.160964 2
0.160711 2
0.159719 2
0.159088 2
0.158197 2
0.157163 2
0.156032 2
0.155096 2
0.15473 2
0.154216 2
0.153222 2
0.152714 2
0.152079 2
0.1516 2
0.150824 2
0.150342 2
0.149849 2
0.149118 2
0.148467 2
0.147808 2
0.147446 2
0.146451 2
0.145794 2
0.144901 2
0.14428 2
0.143523 2
0.142526 2
0.141377 2
0.140213 2
0.139691 2
0.138678 2
0.138168 2
0.137432 2
0.136653 2
0.136018 2
0.135524 2
0.135136 2
0.134629 2
0.134103 2
0.133339 2
0.132962 2
0.132187 2
0.131402 2
0.130504 2
0.12974 2
0.129119 2
0.127919 2
0.127534 2
0.126905 2
0.126144 2
0.125537 2
0.125058 2
0.124557 2
0.124175 2
0.123379 2
0.122126 2
0.121481 2
0.120707 2
0.120325 2
0.119844 2
0.118969 2
0.118465 2
0.117698 2
0.11716 2
0.116054 2
0.115288 2
0.114915 2
0.114259 2
0.113335 2
0.112949 2
0.112068 2
0.111315 2
0.111052 2
0.110553 2
0.110077 2
0.109544 2
0.109162 2
0.109028 2
0.108751 2
0.108125 2
0.107628 2
0.107123 2
0.106612 2
0.106254 2
0.105602 2
0.104945 2
0.104337 2
0.103555 2
0.102531 2
0.102393 2
0.101775 2
0.101001 2
0.100374 2
0.0993295 2
0.0985604 2
0.0983209 2
0.0979522 2
0.0970394 2
0.0963906 2
0.0959962 2
0.0952407 2
0.0948774 2
0.0942601 2
0.0940063 2
0.0931114 2
0.0922449 2
0.0918742 2
0.0911248 2
0.0907456 2
0.0902052 2
0.0893197 2
0.0887697 2
0.0884045 2
0.0881651 2
0.086877 2
0.0863871 2
0.0857398 2
0.0852168 2
0.0845885 2
0.0839168 2
0.0831873 2
0.0823974 2
0.082282 2
0.082148 2
0.0815516 2
0.0813045 2
0.0811813 2
0.0806784 2
0.0801971 2
0.0797405 1
0.0793398 1
0.0786856 1
0.0784329 1
0.0777968 1
0.0775384 1
0.0770302 1
0.076751 1
0.0762502 1
0.075845 1
0.0750996 1
0.0748374 1
0.0744728 1
0.0737042 1
0.0733066 1
0.0730469 1
0.0724266 1
0.0722899 1
0.0716547 1
0.0710363 1
0.0703976 1
0.0701496 1
0.0697612 1
0.0692565 1
0.0684924 1
0.0679678 1
0.067709 1
0.067213 1
0.0667105 1
0.0662168 1
0.0658541 1
0.0652444 1
0.0648644 1
0.0647243 1
0.0643327 1
0.064059 1
0.0639395 1
0.0635664 1
0.0630763 1
0.0628125 1
0.0625615 1
0.062173 1
0.0617898 1
0.0609537 1
0.0604591 1
0.0600769 1
0.0595624 1
0.0593154 1
0.0584149 1
0.057905 1
0.0575467 1
0.0569031 1
0.056362 1
0.0558185 1
0.0550591 1
0.0546763 1
0.0541685 1
0.0537882 1
0.053122 1
0.0526056 1
0.051943 1
0.0510766 1
0.0506881 1
0.050156 1
0.0500206 1
0.0496187 1
0.0492367 1
0.0488316 1
0.0483373 1
0.0478076 1
0.0476686 1
0.0469028 1
0.0462641 1
0.0459985 1
0.0454963 1
0.045234 1
0.044965 1
0.0448306 1
0.0445898 1
0.0438009 1
0.0436782 1
0.0432843 1
0.042776 1
0.0423914 1
0.0417661 1
0.0411359 1
0.0407514 1
0.0406314 1
0.0402858 1
0.03965 1
0.0391628 1
0.0390275 1
0.0389039 1
0.0387725 1
0.0379776 1
0.0378551 1
0.0376108 1
0.0374896 1
0.0369632 1
0.0367142 1
0.0362035 1
0.035816 1
0.0356811 1
0.0354317 1
0.0353046 1
0.0350455 1
0.034306 1
0.0340454 1
0.0332556 1
0.0331306 1
0.0327525 1
0.0324952 1
0.0319729 1
0.0317136 1
0.0310774 1
0.0307086 1
0.0305804 1
0.0304588 1
0.0300848 1
0.029958 1
0.0294242 1
0.0290612 1
0.0287999 1
0.0286613 1
0.0285337 1
0.0284269 1
0.0282979 1
0.0280477 1
0.0277835 1
0.027542 1
0.0271767 1
0.0267805 1
0.0265285 1
0.0262662 1
0.0260407 0
0.0259172 0
0.0256525 0
0.0252786 0
0.0250243 0
0.0246471 0
0.0245179 0
0.0242422 0
0.0239909 0
0.0238567 0
0.023723 0
0.023588 0
0.0232032 0
0.0229447 0
0.0225818 0
0.0224513 0
0.0222047 0
0.0220789 0
0.0215662 0
0.0212972 0
0.0211677 0
0.021034 0
0.0207834 0
0.0202815 0
0.0197802 0
0.0196444 0
0.0192706 0
0.0190102 0
0.0188945 0
0.0186372 0
0.0185121 0
0.018374 0
0.018228 0
0.0179767 0
0.0178534 0
0.0177289 0
0.0176021 0
0.0174701 0
0.0169676 0
0.0166081 0
0.0164755 0
0.0161972 0
0.0160691 0
0.0159323 0
0.0155214 0
0.0153892 0
0.0150119 0
0.0148899 0
0.0146342 0
0.0144987 0
0.0143733 0
0.0142411 0
0.0141126 0
0.0137273 0
0.0136012 0
0.0133532 0
0.0132177 0
0.013094 0
0.0129649 0
0.0128304 0
0.0126992 0
0.012564 0
0.0123145 0
0.0120372 0
0.0119135 0
0.0117938 0
0.0115426 0
0.011281 0
0.011153 0
0.0110218 0
0.0107838 0
0.0105161 0
0.0102625 0
0.00999734 0
0.00986437 0
0.00973547 0
0.00960624 0
0.00948138 0
0.00935249 0
0.00922716 0
0.00909937 0
0.00897624 0
0.00883976 0
0.00870131 0
0.00832063 0
0.00820795 0
0.00799398 0
0.00786148 0
0.00772258 0
0.00758673 0
0.0074578 0
0.00732734 0
0.00719812 0
0.0070624 0
0.00679187 0
0.00665764 0
0.00652695 0
0.00638272 0
0.00625505 0
0.00612872 0
0.00600575 0
0.00588043 0
0.00575308 0
0.00561473 0
0.00549789 0
0.00537944 0
0.00523903 0
0.00499485 0
0.00486876 0
0.00474148 0
0.00461268 0
0.00449284 0
0.00436105 0
0.00397166 0
0.00383986 0
0.00371629 0
0.00345015 0
0.00331666 0
0.00318547 0
0.0030502 0
0.00292811 0
0.00265795 0
0.00252648 0
0.00239429 0
0.00214541 0
0.00201645 0
0.00188107 0
0.00176473 0
0.0016279 0
0.00150118 0
0.00124828 0
0.00112388 0
0.00099699 0
0.000889218 0
0.000756921 0
0.00062607 0
0.000502307 0
0.000374857 0
0.000245358 0
0.000121955 0
0 0
