0.457227 82
0.457227 81
0.457227 80
0.457227 79
0.457111 79
0.457105 78
0.456846 78
0.456721 78
0.456602 78
0.45648 78
0.456368 78
0.456245 78
0.456141 78
0.45601 78
0.455875 78
0.455774 78
0.455669 78
0.455532 77
0.455302 76
0.455302 75
0.455169 75
0.455169 73
0.454928 73
0.454802 73
0.454802 72
0.454326 71
0.453942 71
0.453845 70
0.453726 70
0.453598 70
0.453598 69
0.453481 69
0.453234 69
0.453234 67
0.453117 67
0.452603 66
0.452093 65
0.451959 63
0.451849 63
0.451636 63
0.451127 63
0.450877 63
0.450366 62
0.449497 62
0.44876 62
0.448618 61
0.448484 60
0.447948 60
0.447449 60
0.447327 60
0.446853 59
0.44647 59
0.446363 58
0.445983 58
0.445204 58
0.444858 57
0.444272 57
0.44352 57
0.443133 57
0.442378 56
0.441628 56
0.441145 56
0.440185 54
0.439543 54
0.438817 53
0.438076 51
0.437024 51
0.436904 51
0.436256 51
0.435993 50
0.435623 49
0.434885 49
0.433716 48
0.432697 48
0.43168 48
0.430401 48
0.429882 47
0.429452 46
0.428531 46
0.427804 45
0.426198 45
0.425191 44
0.423958 44
0.423172 44
0.4223 44
0.421128 42
0.419985 42
0.41911 42
0.418107 42
0.416995 42
0.415438 41
0.414384 40
0.412601 38
0.409873 36
0.408898 35
0.407222 35
0.405674 35
0.404387 35
0.40348 35
0.402444 34
0.401049 32
0.39947 31
0.397793 29
0.397225 28
0.394793 27
0.392524 27
0.391402 27
0.389634 27
0.388218 27
0.386979 26
0.384871 25
0.384052 25
0.382577 24
0.38129 22
0.379932 21
0.378918 21
0.37681 21
0.374669 20
0.372915 19
0.370804 18
0.369343 18
0.367149 18
0.365776 18
0.363424 18
0.361211 18
0.359718 17
0.357476 16
0.355707 16
0.353562 16
0.351628 16
0.350243 16
0.349019 16
0.347395 16
0.345152 16
0.341972 15
0.339108 15
0.337187 15
0.334606 15
0.332966 15
0.330405 15
0.328203 15
0.326092 15
0.323876 14
0.321347 13
0.318999 12
0.315393 12
0.313824 12
0.312351 12
0.309735 11
0.307744 11
0.305807 11
0.30461 11
0.302029 10
0.299313 9
0.296749 9
0.293703 7
0.291334 7
0.289347 7
0.286598 6
0.282804 6
0.280398 6
0.278193 6
0.27517 6
0.272075 6
0.269813 6
0.267501 6
0.265096 6
0.262366 6
0.25983 6
0.257063 6
0.25545 6
0.252134 6
0.248216 6
0.245591 6
0.241985 6
0.23864 6
0.235351 6
0.232081 6
0.229305 6
0.226807 6
0.223711 6
0.221081 6
0.218705 5
0.214416 5
0.211387 5
0.208309 5
0.204361 5
0.200686 5
0.197924 4
0.195241 4
0.19308 4
0.190749 4
0.187362 3
0.183939 3
0.182141 3
0.179118 2
0.175839 2
0.172545 2
0.170629 2
0.168274 1
0.165893 1
0.163185 1
0.159918 1
0.157722 1
0.154852 1
0.150537 1
0.147397 1
0.145355 1
0.142906 1
0.140093 1
0.137911 1
0.135309 1
0.131453 1
0.12845 1
0.126298 1
0.123445 1
0.120876 1
0.119586 1
0.117484 0
0.115337 0
0.113773 0
0.111362 0
0.109284 0
0.107771 0
0.105591 0
0.103565 0
0.100997 0
0.098995 0
0.0970416 0
0.0951099 0
0.0932355 0
0.0914664 0
0.089383 0
0.0872857 0
0.0853902 0
0.0836038 0
0.0823302 0
0.0799644 0
0.077902 0
0.0762465 0
0.0748684 0
0.0730817 0
0.0708606 0
0.0694375 0
0.06788 0
0.0668561 0
0.0650435 0
0.0633802 0
0.0619771 0
0.0605548 0
0.0589621 0
0.057151 0
0.0554713 0
0.0545592 0
0.0537756 0
0.0521282 0
0.0506867 0
0.0491899 0
0.0481593 0
0.0467492 0
0.0448731 0
0.0439603 0
0.0432 0
0.0419311 0
0.0405363 0
0.0392289 0
0.0380493 0
0.0369021 0
0.0357419 0
0.0354919 0
0.0345108 0
0.033486 0
0.0324557 0
0.0314228 0
0.0307827 0
0.0301337 0
0.0287446 0
0.0275523 0
0.0269178 0
0.026555 0
0.0259259 0
0.0250423 0
0.0241674 0
0.0237546 0
0.0224661 0
0.02194 0
0.0211846 0
0.0202942 0
0.0196414 0
0.0190072 0
0.0182302 0
0.0176952 0
0.0166832 0
0.0153703 0
0.0140926 0
0.0138175 0
0.0135594 0
0.0129169 0
0.0127038 0
0.0122282 0
0.011621 0
0.0109894 0
0.0107281 0
0.010454 0
0.010321 0
0.0100659 0
0.00954531 0
0.00889054 0
0.00876285 0
0.00850542 0
0.00837412 0
0.00786388 0
0.00722906 0
0.00668051 0
0.00640124 0
0.00605072 0
0.00549978 0
0.00497553 0
0.004289 0
0.00414554 0
0.00389917 0
0.00364087 0
0.00326745 0
0.00300782 0
0.00273838 0
0.0023562 0
0.00221045 0
0.00208753 0
0.00197276 0
0.00185954 0
0.00173016 0
0.00146098 0
0.00132382 0
0.00119372 0
0.0010465 0
0.000912819 0
0.000776364 0
0.000647679 0
0.000516706 0
0.000389662 0
0.00026609 0
0.000130156 0
0 0
