0.447296 203
0.447178 203
0.447178 202
0.447075 202
0.446976 202
0.446976 201
0.446976 200
0.446976 199
0.446976 198
0.446839 197
0.446839 196
0.446723 196
0.446723 195
0.446575 195
0.446478 195
0.446478 194
0.446363 193
0.446363 192
0.446242 192
0.446115 192
0.446115 191
0.445982 191
0.445982 190
0.445982 189
0.445982 188
0.445864 188
0.445864 187
0.445854 186
0.445854 185
0.445854 184
0.44572 184
0.44572 183
0.44572 182
0.445592 182
0.445479 182
0.445479 181
0.445479 179
0.445479 178
0.445479 177
0.445479 176
0.445479 175
0.445364 173
0.44524 173
0.445117 173
0.445117 172
0.445117 171
0.445117 170
0.445052 169
0.444926 168
0.444794 168
0.444794 167
0.444663 165
0.444544 164
0.444404 164
0.444276 164
0.444276 163
0.444162 163
0.444047 163
0.443731 161
0.443731 160
0.443731 158
0.443499 157
0.443499 156
0.443374 156
0.44314 156
0.443011 156
0.443011 155
0.442754 155
0.44249 155
0.442387 155
0.442158 155
0.441674 155
0.441561 154
0.441561 153
0.441445 153
0.441235 152
0.441009 152
0.440751 152
0.440614 151
0.440614 150
0.440504 150
0.44028 149
0.440152 149
0.440146 147
0.440025 146
0.440025 145
0.440025 144
0.43979 144
0.43966 144
0.439506 142
0.439392 142
0.43928 142
0.439168 142
0.439056 142
0.438936 140
0.438575 140
0.438446 140
0.43807 140
0.437955 140
0.437955 139
0.437706 139
0.437617 138
0.43735 138
0.437244 138
0.437114 138
0.437027 137
0.436948 137
0.436948 136
0.436688 136
0.436589 136
0.436459 136
0.436459 135
0.436223 134
0.436093 134
0.436093 133
0.436093 132
0.435975 132
0.435714 132
0.435334 132
0.435074 131
0.434346 129
0.434086 129
0.433825 129
0.433455 128
0.4334 127
0.433311 125
0.43318 125
0.432912 124
0.432912 123
0.432784 122
0.432529 121
0.432138 121
0.431898 120
0.431553 119
0.431277 119
0.43092 118
0.43092 117
0.430488 116
0.430488 115
0.430403 114
0.430298 114
0.430178 113
0.430074 113
0.42972 113
0.429595 112
0.429505 110
0.429032 108
0.428901 108
0.428556 107
0.428556 105
0.428439 105
0.428313 105
0.428074 105
0.428074 104
0.427815 104
0.427705 104
0.427705 103
0.427601 100
0.427601 99
0.42748 98
0.427256 98
0.427136 98
0.426482 98
0.426368 97
0.42602 96
0.425775 95
0.425675 95
0.425675 94
0.425423 94
0.425423 93
0.425184 93
0.425046 93
0.425046 92
0.424919 91
0.424816 91
0.424687 91
0.424565 91
0.424431 90
0.424296 90
0.423928 87
0.423693 86
0.423565 86
0.423028 86
0.422909 86
0.422464 85
0.422331 85
0.422063 82
0.421935 82
0.421807 80
0.421807 79
0.421568 79
0.421297 78
0.421175 78
0.420813 78
0.420591 78
0.420338 78
0.42021 77
0.420001 77
0.419618 77
0.419488 76
0.419231 76
0.418966 76
0.41871 76
0.418595 76
0.418348 76
0.418123 74
0.417883 74
0.417392 74
0.417267 73
0.416769 73
0.416519 73
0.416024 72
0.415565 71
0.415418 69
0.415273 69
0.414877 67
0.414489 66
0.413659 66
0.413281 66
0.413156 66
0.413036 66
0.412553 66
0.412082 66
0.411703 66
0.411324 66
0.411197 66
0.410791 66
0.410791 65
0.410568 63
0.410152 63
0.409787 63
0.409408 63
0.408928 63
0.408364 62
0.40812 62
0.407614 62
0.407372 61
0.407268 61
0.406389 61
0.405725 60
0.405201 60
0.404836 60
0.40408 60
0.403943 59
0.403708 56
0.402875 56
0.402474 56
0.40225 55
0.401777 55
0.401649 55
0.401021 55
0.400283 55
0.399474 55
0.39896 55
0.398843 55
0.398313 55
0.398056 55
0.397567 55
0.397432 54
0.396969 54
0.396839 53
0.396257 53
0.39549 52
0.394875 50
0.39426 50
0.394009 50
0.393855 49
0.393462 49
0.392733 49
0.392359 49
0.391565 48
0.391195 48
0.390973 48
0.390733 48
0.390124 48
0.389466 48
0.389091 47
0.388623 47
0.388143 46
0.387778 46
0.386805 46
0.386553 46
0.38592 45
0.385662 45
0.385406 45
0.384914 45
0.384674 44
0.384177 44
0.384057 44
0.38354 44
0.382743 43
0.382355 43
0.382233 42
0.381976 42
0.381376 42
0.381376 40
0.380528 40
0.380284 40
0.379733 39
0.379605 39
0.379481 39
0.378984 39
0.378646 39
0.378107 39
0.376941 39
0.376097 39
0.37573 39
0.375215 38
0.374843 38
0.374489 38
0.374136 38
0.374027 38
0.373781 38
0.373133 38
0.372674 38
0.37184 38
0.371337 38
0.370341 38
0.369815 38
0.369475 38
0.369193 37
0.36895 36
0.368563 36
0.367608 36
0.367336 36
0.366945 35
0.366205 35
0.365715 35
0.365192 35
0.364708 35
0.36445 35
0.36371 34
0.363343 34
0.362743 34
0.362044 34
0.361416 34
0.360793 34
0.360393 34
0.359478 34
0.358416 34
0.358144 34
0.357451 34
0.357186 34
0.356831 34
0.3563 33
0.355808 33
0.354896 33
0.354129 33
0.353614 33
0.352895 33
0.352367 32
0.351904 31
0.351125 31
0.350873 30
0.350751 30
0.350366 30
0.349725 30
0.349344 30
0.348667 29
0.348156 29
0.347642 29
0.347521 29
0.347285 29
0.346751 28
0.34652 28
0.345636 28
0.34515 26
0.344774 26
0.344531 25
0.344178 25
0.34358 24
0.343315 24
0.342914 24
0.342429 24
0.34204 24
0.341658 24
0.340735 24
0.340329 24
0.339946 24
0.339452 24
0.338841 24
0.338324 24
0.337947 24
0.337348 24
0.336602 24
0.335453 24
0.335188 24
0.334551 24
0.334205 23
0.333571 22
0.332706 22
0.332317 22
0.331947 22
0.331246 21
0.330689 20
0.330339 19
0.329983 19
0.329567 19
0.329042 19
0.328672 19
0.328298 19
0.328173 19
0.327284 19
0.326503 19
0.325714 19
0.324596 19
0.32409 19
0.323289 18
0.323021 18
0.322531 18
0.322155 18
0.321502 18
0.321011 18
0.320887 18
0.320233 17
0.31986 16
0.31922 16
0.318967 16
0.318181 16
0.317693 16
0.317159 16
0.316296 16
0.31544 16
0.315062 16
0.314933 16
0.314798 16
0.313912 16
0.312887 16
0.312519 15
0.312126 15
0.311097 15
0.310225 15
0.30946 15
0.308822 15
0.308136 15
0.30762 14
0.306858 14
0.306362 14
0.30549 14
0.304774 14
0.304132 14
0.303371 14
0.302621 14
0.301724 14
0.301005 13
0.300372 13
0.299728 13
0.298945 13
0.298474 13
0.297538 13
0.296425 13
0.295561 13
0.294826 13
0.294447 13
0.293661 13
0.292767 13
0.292634 13
0.292011 13
0.290345 13
0.289952 13
0.289446 13
0.28856 13
0.288031 13
0.287151 13
0.286385 13
0.28561 13
0.284736 13
0.283223 13
0.282582 12
0.282183 12
0.281552 12
0.281083 12
0.279559 12
0.279295 12
0.278522 12
0.277786 12
0.276875 12
0.276352 12
0.275172 12
0.274534 12
0.273895 12
0.272589 12
0.272214 12
0.27156 12
0.270803 12
0.269913 12
0.268755 12
0.26812 12
0.2671 11
0.26627 11
0.265093 11
0.264588 11
0.26446 11
0.263297 11
0.262683 11
0.262057 11
0.261446 11
0.260947 11
0.260056 11
0.259056 11
0.25881 11
0.258426 11
0.257427 10
0.256918 10
0.256688 10
0.255921 10
0.255294 10
0.254165 10
0.253457 9
0.252208 9
0.251555 9
0.250519 9
0.248758 9
0.247406 8
0.247145 8
0.246501 8
0.245325 8
0.244684 8
0.244336 8
0.243745 7
0.242888 7
0.242262 7
0.241251 7
0.240345 7
0.239717 7
0.238932 7
0.237427 6
0.23657 5
0.235575 5
0.234556 5
0.234198 5
0.233408 5
0.232392 4
0.231483 4
0.230697 4
0.230442 4
0.229802 4
0.229177 4
0.228545 4
0.228165 4
0.227254 4
0.227008 4
0.226629 4
0.225672 4
0.224895 4
0.224384 4
0.223238 4
0.222223 4
0.221833 4
0.220877 4
0.220376 4
0.219114 4
0.218578 4
0.218043 4
0.217298 4
0.216932 4
0.215528 4
0.214511 4
0.21314 4
0.212143 4
0.210889 4
0.20992 3
0.20926 3
0.208783 3
0.208383 3
0.206632 3
0.20584 3
0.204184 3
0.203692 3
0.202481 3
0.201581 3
0.200403 3
0.200143 3
0.19965 3
0.19864 3
0.198276 3
0.197521 3
0.196503 3
0.195602 3
0.194856 3
0.194473 3
0.193157 3
0.192523 3
0.191993 3
0.19122 3
0.190574 3
0.189415 3
0.188805 3
0.187486 3
0.187234 3
0.186717 3
0.185952 3
0.185442 3
0.184788 3
0.184161 3
0.182987 3
0.182269 3
0.181765 3
0.180857 3
0.180452 3
0.180091 3
0.179378 3
0.178616 3
0.17789 3
0.177526 3
0.176429 2
0.175802 2
0.175031 2
0.174022 2
0.173375 2
0.172979 2
0.1727 2
0.172317 2
0.171927 2
0.171046 2
0.170127 2
0.169348 2
0.168474 2
0.16784 2
0.167217 2
0.16671 2
0.165954 2
0.165451 2
0.164828 2
0.16431 2
0.163138 2
0.16237 2
0.161871 2
0.160585 2
0.159924 2
0.159148 2
0.158612 2
0.157959 2
0.15682 2
0.155956 2
0.155683 2
0.155173 2
0.154554 2
0.154182 2
0.153678 2
0.152666 2
0.152132 2
0.151512 2
0.151375 2
0.150637 2
0.150232 2
0.148841 2
0.148182 2
0.14728 2
0.146635 2
0.146377 2
0.145201 2
0.144164 2
0.143382 2
0.142836 2
0.141804 2
0.140354 2
0.1392 2
0.138687 2
0.137672 2
0.136897 2
0.135994 2
0.134711 2
0.134446 2
0.133893 2
0.133376 2
0.132585 2
0.131669 2
0.131154 2
0.130761 2
0.130234 2
0.129232 2
0.128362 2
0.127974 2
0.126841 2
0.126326 2
0.125573 1
0.124829 1
0.124226 1
0.123016 0
0.121498 0
0.12044 0
0.119534 0
0.11889 0
0.117999 0
0.117241 0
0.116225 0
0.114793 0
0.114124 0
0.11308 0
0.11181 0
0.111543 0
0.111156 0
0.11052 0
0.109481 0
0.108571 0
0.107817 0
0.107186 0
0.106911 0
0.106131 0
0.105753 0
0.104983 0
0.104588 0
0.104069 0
0.103554 0
0.102788 0
0.10226 0
0.101622 0
0.100588 0
0.0994594 0
0.0990927 0
0.0989683 0
0.0988477 0
0.0982057 0
0.0979524 0
0.0975927 0
0.096746 0
0.096253 0
0.0957516 0
0.0952366 0
0.0944484 0
0.0943243 0
0.0939394 0
0.093536 0
0.0928904 0
0.0919975 0
0.0914798 0
0.090958 0
0.0902843 0
0.0900286 0
0.0893944 0
0.0892676 0
0.0883839 0
0.0877466 0
0.0873566 0
0.0870946 0
0.0865798 0
0.0860639 0
0.0851894 0
0.0842825 0
0.0840358 0
0.0839062 0
0.0837807 0
0.0831389 0
0.0826441 0
0.0822522 0
0.0815872 0
0.0810657 0
0.0803237 0
0.0794441 0
0.0785351 0
0.0779113 0
0.0775194 0
0.0767485 0
0.0763597 0
0.0758522 0
0.0753553 0
0.074462 0
0.07422 0
0.0737398 0
0.0734877 0
0.0733674 0
0.0724639 0
0.0718322 0
0.0710526 0
0.0706649 0
0.0700472 0
0.0691281 0
0.0683516 0
0.0679803 0
0.0677168 0
0.0675867 0
0.067336 0
0.0667211 0
0.0656975 0
0.0647949 0
0.0646717 0
0.0640615 0
0.0634175 0
0.0628186 0
0.0625674 0
0.0618105 0
0.0611921 0
0.0607973 0
0.0606668 0
0.0601509 0
0.059248 0
0.0585912 0
0.058323 0
0.0578337 0
0.0575808 0
0.0574411 0
0.0571742 0
0.0569257 0
0.05655 0
0.0561581 0
0.0556444 0
0.0543843 0
0.0537645 0
0.0531087 0
0.0526057 0
0.0518404 0
0.0513089 0
0.0509371 0
0.0503089 0
0.0500526 0
0.0497915 0
0.0496573 0
0.0492703 0
0.0491545 0
0.0490186 0
0.0487531 0
0.0483569 0
0.0479659 0
0.0478401 0
0.0476083 0
0.0466046 0
0.0463487 0
0.0459568 0
0.0454366 0
0.045298 0
0.0450365 0
0.0446418 0
0.0445253 0
0.0442441 0
0.0439854 0
0.0437446 0
0.0433903 0
0.0431204 0
0.0426002 0
0.0424838 0
0.0420861 0
0.0417227 0
0.041354 0
0.0407099 0
0.0400792 0
0.0394233 0
0.0390526 0
0.038661 0
0.0382574 0
0.0378818 0
0.0375012 0
0.037101 0
0.0369828 0
0.0367176 0
0.0363442 0
0.0355951 0
0.0354654 0
0.0351999 0
0.0349387 0
0.0346763 0
0.0341575 0
0.0336398 0
0.0329971 0
0.0328609 0
0.0327268 0
0.0323581 0
0.0322351 0
0.0318493 0
0.0314683 0
0.0309463 0
0.0308187 0
0.0306933 0
0.0303197 0
0.0300758 0
0.0298176 0
0.0296883 0
0.0293117 0
0.0290609 0
0.0286837 0
0.0285469 0
0.0280347 0
0.0275189 0
0.0272659 0
0.0269999 0
0.0266125 0
0.0260877 0
0.0259465 0
0.0256744 0
0.0255507 0
0.0250373 0
0.0245161 0
0.0242603 0
0.0241272 0
0.023877 0
0.0237536 0
0.0233993 0
0.0232625 0
0.0230093 0
0.0226271 0
0.0220964 0
0.0218255 0
0.0217026 0
0.0214463 0
0.0213221 0
0.0210798 0
0.0208251 0
0.0206895 0
0.0204399 0
0.0199481 0
0.0191772 0
0.0188144 0
0.0186727 0
0.0184016 0
0.0182633 0
0.0180008 0
0.0177478 0
0.0176184 0
0.0173652 0
0.0172207 0
0.0165705 0
0.0161887 0
0.0155571 0
0.0150338 0
0.0148922 0
0.0146163 0
0.0143707 0
0.0142451 0
0.0139907 0
0.0137347 0
0.0136277 0
0.0133685 0
0.013249 0
0.0131253 0
0.0128619 0
0.0127371 0
0.0124895 0
0.0121046 0
0.011969 0
0.0117194 0
0.0115933 0
0.0113403 0
0.0112128 0
0.010958 0
0.0105819 0
0.0104543 0
0.0103312 0
0.0102032 0
0.0100784 0
0.00982865 0
0.00958431 0
0.00945611 0
0.00920311 0
0.00894181 0
0.00880582 0
0.00867126 0
0.00854647 0
0.0082818 0
0.00814475 0
0.00788808 0
0.00776396 0
0.0076378 0
0.00751357 0
0.00739953 0
0.00713847 0
0.00700475 0
0.00686687 0
0.00673541 0
0.00660359 0
0.00647467 0
0.00635701 0
0.0061089 0
0.00597358 0
0.0058448 0
0.00571738 0
0.0055846 0
0.00532484 0
0.00519451 0
0.00505561 0
0.00492308 0
0.0046716 0
0.00455045 0
0.0044133 0
0.00414965 0
0.00401573 0
0.00388708 0
0.00377332 0
0.00351164 0
0.00326911 0
0.00314919 0
0.00289867 0
0.00277527 0
0.00265628 0
0.00253331 0
0.00227836 0
0.00202722 0
0.00189984 0
0.00176865 0
0.00164638 0
0.00152133 0
0.001399 0
0.00127061 0
0.00114852 0
0.00101219 0
0.000887545 0
0.000754635 0
0.000626521 0
0.00050848 0
0.000385298 0
0.000255159 0
0.00013118 0
0 0
