0.128933 2
0.128808 2
0.128674 2
0.128549 2
0.128433 2
0.128297 2
0.128173 2
0.128045 2
0.127914 2
0.127778 2
0.127647 2
0.12752 2
0.127269 2
0.127016 2
0.126886 2
0.126763 2
0.126517 2
0.126389 2
0.126259 2
0.126125 2
0.12599 2
0.125861 2
0.125734 2
0.125616 2
0.125506 2
0.125399 2
0.125292 2
0.125035 2
0.124911 2
0.124793 2
0.124641 2
0.124506 2
0.12438 2
0.124257 2
0.124138 2
0.124022 2
0.123758 2
0.123509 2
0.123385 2
0.123266 2
0.123132 2
0.122754 2
0.12249 2
0.122239 2
0.122119 2
0.121744 2
0.121487 2
0.121346 2
0.121097 2
0.120838 2
0.120585 2
0.120452 2
0.12019 2
0.120053 2
0.119675 2
0.119563 2
0.119447 2
0.119057 2
0.118549 2
0.118422 2
0.11817 2
0.117301 2
0.117173 2
0.116921 2
0.116047 2
0.115688 2
0.115303 2
0.114663 2
0.114528 2
0.114147 2
0.113883 2
0.113756 2
0.112982 2
0.112589 2
0.112456 2
0.112329 2
0.112082 2
0.111727 1
0.111615 1
0.111487 1
0.111359 1
0.110979 1
0.11074 1
0.110492 1
0.109868 1
0.109753 1
0.109218 1
0.108949 1
0.10884 1
0.108034 1
0.107646 1
0.107267 1
0.106869 1
0.1065 1
0.105725 1
0.105328 1
0.105196 1
0.104675 1
0.10442 1
0.103921 1
0.103566 1
0.103442 1
0.103306 1
0.102828 1
0.102318 1
0.101578 1
0.100948 1
0.100334 1
0.0996775 1
0.0989367 1
0.0982814 1
0.0975393 1
0.0970607 0
0.0969313 0
0.0967989 0
0.0961233 0
0.095325 0
0.0950604 0
0.0941688 0
0.0940354 0
0.0932849 0
0.0925269 0
0.0918861 0
0.091357 0
0.0909711 0
0.0907053 0
0.0905831 0
0.0903219 0
0.0900796 0
0.0898251 0
0.0894459 0
0.0886866 0
0.0885588 0
0.0878385 0
0.0868213 0
0.0859173 0
0.0854111 0
0.0850346 0
0.0846681 0
0.0844137 0
0.0836404 0
0.0834104 0
0.0830393 0
0.0828004 0
0.0822893 0
0.0819207 0
0.0815083 0
0.0806089 0
0.0803564 0
0.0800971 0
0.0791942 0
0.07857 0
0.0780704 0
0.0776878 0
0.0774332 0
0.077321 0
0.0771927 0
0.0766674 0
0.0761403 0
0.0756347 0
0.075221 0
0.0747179 0
0.0740954 0
0.0735778 0
0.0728106 0
0.0723182 0
0.0721959 0
0.0706515 0
0.0699093 0
0.0692813 0
0.0689114 0
0.0685385 0
0.0677609 0
0.0676363 0
0.0668766 0
0.0663744 0
0.065571 0
0.0650669 0
0.0644463 0
0.0632838 0
0.0627652 0
0.0624973 0
0.0623638 0
0.0618477 0
0.0608154 0
0.0603009 0
0.0599151 0
0.059516 0
0.0593905 0
0.059135 0
0.0590039 0
0.0586278 0
0.0582169 0
0.0574311 0
0.0565271 0
0.0561653 0
0.0559135 0
0.0555321 0
0.0552704 0
0.0548721 0
0.0546252 0
0.0542412 0
0.0537332 0
0.0534794 0
0.0532194 0
0.0527075 0
0.0521864 0
0.0520556 0
0.0512865 0
0.0507897 0
0.0501478 0
0.0498918 0
0.0489916 0
0.0486048 0
0.0476914 0
0.0470647 0
0.0468225 0
0.046299 0
0.0457818 0
0.0446497 0
0.0441158 0
0.0437271 0
0.0435954 0
0.0431999 0
0.0426926 0
0.0424379 0
0.0420625 0
0.0416824 0
0.0411598 0
0.0406745 0
0.0404207 0
0.0400276 0
0.0397738 0
0.0395266 0
0.0394009 0
0.0386462 0
0.0379964 0
0.0377436 0
0.0370942 0
0.0369745 0
0.0368628 0
0.0364688 0
0.0358248 0
0.0355533 0
0.0351767 0
0.0346637 0
0.0340288 0
0.0337798 0
0.0331597 0
0.0327751 0
0.032286 0
0.0321531 0
0.0320245 0
0.0316311 0
0.0313846 0
0.0303328 0
0.0298267 0
0.0296774 0
0.0289135 0
0.0281361 0
0.0278857 0
0.0269998 0
0.0265075 0
0.0261246 0
0.0253623 0
0.0250933 0
0.0248458 0
0.0244608 0
0.0237357 0
0.0230941 0
0.0229805 0
0.022476 0
0.0222167 0
0.0220928 0
0.0218385 0
0.0217072 0
0.0209349 0
0.0204412 0
0.0203131 0
0.02019 0
0.0199411 0
0.0196827 0
0.0190479 0
0.0187677 0
0.0183788 0
0.0180011 0
0.0177341 0
0.0171995 0
0.016689 0
0.0161716 0
0.0157635 0
0.0156376 0
0.0151126 0
0.0149804 0
0.0146102 0
0.014351 0
0.0142155 0
0.0138143 0
0.0135648 0
0.0134312 0
0.0133033 0
0.0130461 0
0.0129231 0
0.0127894 0
0.0125302 0
0.0123983 0
0.012136 0
0.011745 0
0.0113723 0
0.0112585 0
0.0108651 0
0.0106205 0
0.0103653 0
0.0102287 0
0.00999536 0
0.0097293 0
0.0094798 0
0.00935612 0
0.00883018 0
0.00870496 0
0.0085746 0
0.0084518 0
0.00833331 0
0.00821439 0
0.00808703 0
0.00796709 0
0.00772304 0
0.00760362 0
0.00747886 0
0.0073483 0
0.00722177 0
0.00708947 0
0.00684444 0
0.0065852 0
0.00645714 0
0.0060731 0
0.00594883 0
0.00582024 0
0.00555745 0
0.00529261 0
0.00517876 0
0.00491032 0
0.0047815 0
0.0046556 0
0.00452441 0
0.00439791 0
0.00426884 0
0.00413312 0
0.00399898 0
0.00387046 0
0.003758 0
0.00363141 0
0.00350263 0
0.00325507 0
0.00312509 0
0.00299011 0
0.00286881 0
0.00273578 0
0.00260542 0
0.00247296 0
0.00221166 0
0.00195061 0
0.00181984 0
0.00169278 0
0.00142456 0
0.00129172 0
0.0011669 0
0.00103348 0
0.000904499 0
0.000782085 0
0.000642278 0
0.000521372 0
0.000392507 0
0.000263043 0
0.00013169 0
0 0
