0.198229 5
0.198113 5
0.197997 5
0.197874 5
0.197736 5
0.197476 5
0.197351 5
0.197157 4
0.19703 4
0.196649 4
0.196539 4
0.196317 4
0.196183 4
0.196049 4
0.19592 4
0.195789 4
0.19567 4
0.195552 4
0.19542 4
0.195287 4
0.195164 4
0.194912 4
0.194783 4
0.194303 4
0.194175 4
0.193771 4
0.193634 4
0.193505 4
0.193259 4
0.193144 4
0.192765 4
0.192635 4
0.192506 4
0.192379 4
0.192247 4
0.191997 4
0.191868 4
0.191743 4
0.19147 4
0.19121 4
0.190974 4
0.190197 4
0.189929 4
0.189662 4
0.189539 4
0.1894 4
0.188909 4
0.188535 4
0.1884 4
0.188285 4
0.188025 4
0.187669 4
0.187409 4
0.187153 4
0.187028 4
0.186539 4
0.186024 4
0.185775 4
0.185315 4
0.184697 4
0.184303 4
0.184031 4
0.183907 4
0.183671 4
0.183539 4
0.183153 4
0.182913 4
0.182652 4
0.182528 4
0.182136 4
0.18201 4
0.181883 4
0.181749 4
0.181002 4
0.180881 4
0.179854 4
0.179746 4
0.179369 4
0.178836 4
0.17821 4
0.177594 4
0.177094 4
0.176961 4
0.176682 4
0.17643 4
0.175902 4
0.175525 4
0.175292 4
0.175174 4
0.174933 4
0.174645 4
0.174122 4
0.173741 4
0.173113 4
0.172816 4
0.172321 4
0.171679 4
0.171049 4
0.170653 4
0.17028 4
0.169639 4
0.169287 3
0.168685 3
0.168309 3
0.167701 3
0.167441 3
0.167332 3
0.167064 3
0.166836 3
0.166575 3
0.166328 3
0.165946 3
0.165431 3
0.165189 3
0.164569 3
0.164075 3
0.162936 3
0.162553 3
0.162055 3
0.161273 3
0.161039 3
0.160661 3
0.160299 3
0.159252 3
0.158991 3
0.158491 3
0.157712 3
0.157588 3
0.157087 3
0.156743 2
0.156253 2
0.15575 2
0.155057 1
0.154172 1
0.15379 1
0.153531 1
0.153152 1
0.152103 1
0.151738 1
0.15124 1
0.150607 1
0.150016 1
0.14914 1
0.148868 1
0.147734 1
0.14657 1
0.146058 1
0.145163 1
0.143752 1
0.142967 1
0.141955 1
0.14145 1
0.140672 1
0.140026 1
0.139266 1
0.139017 1
0.138271 1
0.137645 1
0.136895 1
0.13637 1
0.135341 1
0.134854 1
0.133821 1
0.133437 1
0.132434 1
0.1318 1
0.131052 1
0.130928 1
0.129762 1
0.128494 1
0.127973 1
0.127345 1
0.126713 1
0.126179 1
0.125788 1
0.125389 1
0.125156 1
0.124002 1
0.12285 1
0.122588 1
0.121536 1
0.120663 1
0.12016 1
0.119556 1
0.118667 1
0.118031 1
0.117284 1
0.117006 1
0.116368 1
0.11575 1
0.115107 1
0.114334 1
0.113277 1
0.112379 1
0.111364 1
0.110725 1
0.109916 1
0.108903 1
0.108032 1
0.107646 1
0.106722 1
0.105682 1
0.105021 1
0.104393 1
0.103467 1
0.10258 1
0.101774 1
0.100999 1
0.100241 1
0.0995789 1
0.0986721 1
0.0977675 1
0.0966298 1
0.095749 1
0.0953707 1
0.094328 1
0.0934126 1
0.0925216 1
0.0914924 1
0.0907105 1
0.0903136 1
0.0885278 1
0.08802 0
0.0873557 0
0.0868538 0
0.0850759 0
0.084707 0
0.0836939 0
0.0832314 0
0.0828599 0
0.082342 0
0.0819511 0
0.0814292 0
0.080914 0
0.0800052 0
0.0796337 0
0.0788592 0
0.0780936 0
0.0774484 0
0.0768968 0
0.0766416 0
0.0762461 0
0.0754659 0
0.074312 0
0.0736788 0
0.0727861 0
0.0714801 0
0.0710987 0
0.0700388 0
0.0692536 0
0.0678256 0
0.0673188 0
0.0669524 0
0.0661938 0
0.0653182 0
0.064668 0
0.0641729 0
0.0637976 0
0.0632912 0
0.0627723 0
0.0622742 0
0.0617572 0
0.0611264 0
0.0607422 0
0.0602207 0
0.0593343 0
0.0584684 0
0.0582224 0
0.0580948 0
0.0577018 0
0.0568337 0
0.0561806 0
0.0551363 0
0.0543412 0
0.0537105 0
0.0529374 0
0.0522945 0
0.051513 0
0.0508903 0
0.0499828 0
0.0497499 0
0.0487402 0
0.0479524 0
0.0471952 0
0.0462769 0
0.0457525 0
0.0452317 0
0.044824 0
0.0439462 0
0.0434523 0
0.0426543 0
0.0422658 0
0.0417545 0
0.0412635 0
0.0402487 0
0.0401186 0
0.0394911 0
0.0387075 0
0.0383368 0
0.0378393 0
0.0372002 0
0.0361682 0
0.0353824 0
0.0348648 0
0.0343313 0
0.0338054 0
0.0334424 0
0.0330511 0
0.0326771 0
0.0314376 0
0.0309117 0
0.0307943 0
0.0303934 0
0.0301483 0
0.0300204 0
0.0296314 0
0.0289957 0
0.0286011 0
0.0280873 0
0.0273134 0
0.0265544 0
0.0259377 0
0.0255586 0
0.0249071 0
0.0245263 0
0.0242751 0
0.0238987 0
0.0235151 0
0.0234014 0
0.0230128 0
0.0228785 0
0.0223619 0
0.0221087 0
0.0217251 0
0.0214667 0
0.020951 0
0.0203324 0
0.0201988 0
0.0194031 0
0.0191495 0
0.0189051 0
0.0181484 0
0.0178889 0
0.0175203 0
0.0169936 0
0.0167055 0
0.0165822 0
0.0163169 0
0.0160572 0
0.0155328 0
0.0154153 0
0.0151416 0
0.0148823 0
0.0142261 0
0.0138286 0
0.0135948 0
0.0132287 0
0.0129664 0
0.0125852 0
0.0124593 0
0.0121923 0
0.0119269 0
0.0117954 0
0.0115512 0
0.0114238 0
0.0112829 0
0.0109086 0
0.0107726 0
0.0105304 0
0.0101448 0
0.0100237 0
0.00988849 0
0.00964066 0
0.0093719 0
0.0089858 0
0.00862339 0
0.00809975 0
0.00798751 0
0.00772385 0
0.00758932 0
0.0070619 0
0.0069292 0
0.00654833 0
0.00642498 0
0.00629426 0
0.00616608 0
0.00604135 0
0.0059173 0
0.00551386 0
0.00538099 0
0.00512372 0
0.00499063 0
0.00486441 0
0.00473009 0
0.00460411 0
0.00446889 0
0.00408243 0
0.00381896 0
0.00368196 0
0.00355947 0
0.00330812 0
0.00317177 0
0.0029148 0
0.00278376 0
0.00265039 0
0.00251474 0
0.00238625 0
0.00225418 0
0.00212265 0
0.00198945 0
0.00185707 0
0.00172253 0
0.00158475 0
0.00145155 0
0.00132157 0
0.00119161 0
0.00106599 0
0.000925471 0
0.00079362 0
0.000657149 0
0.000397294 0
0.000270758 0
0.000128305 0
0 0
