0.716496 154 54.22
0.716302 154 54.24
0.716302 153 54.53
0.716109 153 54.61
0.716109 152 54.64
0.716109 151 54.65
0.715916 151 54.67
0.715722 150 54.69
0.715529 150 54.72
0.715529 149 54.73
0.715529 148 54.75
0.715529 147 54.76
0.715336 147 54.83
0.715142 147 54.85
0.715142 145 54.86
0.714755 145 54.87
0.714755 143 54.88
0.714562 141 54.89
0.714562 140 54.91
0.714562 139 54.92
0.714369 139 54.93
0.714369 138 54.95
0.714369 137 54.96
0.714369 134 54.97
0.714175 133 54.98
0.713982 133 54.99
0.713982 132 55
0.713982 131 55.01
0.713015 131 55.02
0.713015 130 55.03
0.713015 128 55.04
0.712822 128 55.05
0.712435 126 55.09
0.712435 125 55.1
0.712435 124 55.12
0.712435 122 55.13
0.712048 118 55.14
0.711661 117 55.16
0.711468 115 55.17
0.711081 112 55.18
0.710114 111 55.19
0.709921 108 55.2
0.709921 107 55.21
0.709727 105 55.22
0.709341 104 55.23
0.708954 103 55.24
0.70876 102 55.25
0.70876 101 55.26
0.70876 99 55.27
0.708374 99 55.28
0.707987 97 55.29
0.707793 94 55.3
0.7076 94 55.31
0.706633 94 55.32
0.70644 94 55.33
0.705666 93 55.34
0.705086 92 55.35
0.704893 91 55.36
0.704699 89 55.37
0.704506 88 55.38
0.704119 88 55.39
0.703346 87 55.4
0.702185 85 55.41
0.701992 85 55.42
0.701218 84 55.43
0.701025 84 55.44
0.699865 84 55.45
0.699091 84 55.46
0.697931 84 55.47
0.697737 81 55.48
0.69619 80 55.49
0.69561 79 55.5
0.69445 78 55.51
0.692903 76 55.52
0.691936 74 55.53
0.691549 74 55.54
0.691356 73 55.55
0.690389 70 55.56
0.689422 68 55.57
0.688455 67 55.58
0.687875 67 55.59
0.686908 64 55.6
0.685554 62 55.61
0.6842 62 55.62
0.68246 60 55.63
0.681106 60 55.64
0.679946 60 55.65
0.678786 60 55.66
0.677625 58 55.67
0.676852 57 55.68
0.676272 56 55.69
0.674918 56 55.7
0.672017 55 55.71
0.670083 55 55.72
0.668343 53 55.73
0.667182 53 55.74
0.665635 52 55.75
0.663701 51 55.76
0.662154 51 55.77
0.660027 49 55.78
0.657706 48 55.79
0.657513 47 55.8
0.656353 46 55.81
0.654806 44 55.82
0.653065 43 55.83
0.651711 43 55.85
0.649584 43 55.86
0.648231 41 55.87
0.646683 40 55.88
0.64533 39 55.89
0.643009 37 55.9
0.640495 36 55.91
0.637208 36 55.92
0.634307 35 55.93
0.631793 34 55.94
0.630246 34 55.95
0.628505 31 55.96
0.626571 31 55.97
0.624251 31 55.98
0.62251 31 55.99
0.620576 30 56
0.617289 30 56.01
0.615935 29 56.02
0.613808 28 56.03
0.612454 27 56.04
0.610714 25 56.05
0.607813 23 56.06
0.607426 22 56.07
0.605105 22 56.08
0.602591 21 56.09
0.600464 20 56.1
0.59795 18 56.11
0.595049 18 56.12
0.591955 18 56.13
0.588861 18 56.14
0.58654 16 56.15
0.584413 16 56.16
0.581706 16 56.17
0.578418 15 56.18
0.577064 15 56.19
0.574744 14 56.2
0.57165 14 56.21
0.569329 14 56.22
0.567588 13 56.23
0.565461 13 56.24
0.562754 12 56.25
0.55966 12 56.26
0.555985 12 56.27
0.553665 12 56.28
0.550377 11 56.29
0.54709 11 56.3
0.544189 11 56.31
0.539934 11 56.32
0.537227 10 56.33
0.533553 10 56.34
0.529105 10 56.35
0.52311 10 56.36
0.519822 10 56.37
0.516728 10 56.38
0.514407 10 56.39
0.510733 10 56.4
0.506865 9 56.41
0.503771 9 56.42
0.500483 9 56.43
0.497389 9 56.44
0.493135 9 56.45
0.488687 9 56.46
0.485013 9 56.47
0.482885 9 56.48
0.478631 9 56.49
0.473796 9 56.5
0.468381 9 56.51
0.46432 9 56.52
0.459872 8 56.53
0.455038 8 56.54
0.453104 8 56.55
0.449816 8 56.56
0.444982 7 56.57
0.440534 7 56.58
0.43744 6 56.59
0.434152 6 56.6
0.431058 6 56.61
0.425643 6 56.62
0.421389 6 56.63
0.416167 4 56.64
0.41288 4 56.65
0.408432 4 56.66
0.404951 4 56.67
0.399923 4 56.68
0.395281 4 56.69
0.390253 4 56.7
0.386386 4 56.71
0.381744 4 56.72
0.377877 4 56.73
0.373429 3 56.74
0.368014 3 56.75
0.363953 3 56.76
0.359505 3 56.77
0.35467 3 56.78
0.349062 3 56.79
0.345001 3 56.8
0.340553 3 56.81
0.335525 3 56.82
0.330304 3 56.83
0.325276 3 56.84
0.320828 3 56.85
0.317347 3 56.86
0.313672 3 56.87
0.308838 3 56.88
0.305937 3 56.89
0.301296 3 56.9
0.296268 3 56.91
0.290853 2 56.92
0.285825 2 56.93
0.28157 2 56.94
0.277896 2 56.95
0.273641 2 56.96
0.269 2 56.97
0.265713 2 56.98
0.260491 2 56.99
0.25759 2 57
0.253143 2 57.01
0.250435 2 57.02
0.246567 2 57.03
0.242893 2 57.04
0.238639 2 57.05
0.233611 2 57.06
0.23071 2 57.07
0.227229 2 57.08
0.221814 2 57.09
0.2193 2 57.1
0.215432 2 57.11
0.211951 1 57.12
0.20789 1 57.13
0.204022 1 57.14
0.200735 1 57.15
0.197447 1 57.16
0.192999 1 57.17
0.189712 1 57.18
0.186424 1 57.19
0.18333 1 57.2
0.178689 1 57.21
0.174821 1 57.22
0.172887 1 57.23
0.1696 1 57.24
0.165539 1 57.25
0.162444 1 57.26
0.158383 0 57.27
0.156063 0 57.28
0.153742 0 57.29
0.150261 0 57.3
0.146587 0 57.31
0.143493 0 57.32
0.140592 0 57.33
0.137304 0 57.34
0.13421 0 57.35
0.131696 0 57.36
0.127055 0 57.37
0.123767 0 57.38
0.12164 0 57.39
0.119513 0 57.4
0.116418 0 57.41
0.112744 0 57.42
0.108876 0 57.43
0.106556 0 57.44
0.103268 0 57.45
0.101334 0 57.46
0.0984336 0 57.47
0.0959196 0 57.48
0.0941791 0 57.49
0.0918584 0 57.5
0.0897312 0 57.51
0.0879907 0 57.52
0.0868304 0 57.53
0.0839296 0 57.54
0.0808354 0 57.55
0.0773545 0 57.56
0.0752272 0 57.57
0.0731 0 57.58
0.0709727 0 57.59
0.0680719 0 57.6
0.0669116 0 57.61
0.0634307 0 57.62
0.0605299 0 57.63
0.0582092 0 57.64
0.0547283 0 57.65
0.0529878 0 57.66
0.0512473 0 57.67
0.0508606 0 57.68
0.0495069 0 57.69
0.0471862 0 57.7
0.0448656 0 57.71
0.0433185 0 57.72
0.0417714 0 57.73
0.0400309 0 57.74
0.0384839 0 57.75
0.0373235 0 57.76
0.0367434 0 57.77
0.0355831 0 57.78
0.0344227 0 57.79
0.0328757 0 57.8
0.0315219 0 57.81
0.0307484 0 57.82
0.0301682 0 57.83
0.0295881 0 57.84
0.0284278 0 57.85
0.0276542 0 57.86
0.0263005 0 57.87
0.0251402 0 57.88
0.0241733 0 57.89
0.0233997 0 57.9
0.0226262 0 57.91
0.0216593 0 57.92
0.0201122 0 57.93
0.0183717 0 57.94
0.0181783 0 57.95
0.0174048 0 57.96
0.0172114 0 57.97
0.017018 0 57.98
0.0160511 0 57.99
0.0156643 0 58
0.0152775 0 58.01
0.0146974 0 58.02
0.014504 0 58.03
0.013537 0 58.04
0.0131503 0 58.05
0.0123767 0 58.06
0.0116032 0 58.07
0.0114098 0 58.08
0.0106362 0 58.09
0.0102495 0 58.1
0.0098627 0 58.11
0.00928254 0 58.12
0.00850899 0 58.14
0.00812222 0 58.15
0.00754206 0 58.16
0.00734868 0 58.17
0.0069619 0 58.18
0.00676852 0 58.19
0.00657513 0 58.2
0.00638174 0 58.21
0.00580159 0 58.22
0.00541481 0 58.23
0.00483465 0 58.24
0.00444788 0 58.29
0.00406111 0 58.3
0.00348095 0 58.33
0.00309418 0 58.34
0.00290079 0 58.35
0.00270741 0 58.38
0.00251402 0 58.39
0.00212725 0 58.4
0.00193386 0 58.41
0.00174048 0 58.44
0.0013537 0 58.47
0.00116032 0 58.48
0.000966931 0 58.5
0.000773545 0 58.54
0.000580159 0 58.55
0.000386772 0 58.56
0.000193386 0 58.59
0 0 1.79769e+308
