0.662348 67 106.35
0.662348 66 106.46
0.662154 66 106.64
0.661961 66 106.65
0.661768 66 106.68
0.661574 66 106.72
0.661574 65 106.79
0.661574 64 106.81
0.661381 64 106.84
0.661381 63 106.89
0.661187 63 106.9
0.660994 63 106.95
0.660607 63 106.96
0.660414 62 106.98
0.660414 59 106.99
0.66022 59 107.02
0.660027 59 107.03
0.65964 59 107.05
0.659447 58 107.06
0.65906 57 107.07
0.658673 57 107.08
0.6579 56 107.1
0.657706 55 107.12
0.65732 54 107.14
0.65674 54 107.15
0.655966 54 107.16
0.655773 54 107.17
0.655192 53 107.18
0.654806 52 107.19
0.654612 52 107.21
0.654612 51 107.22
0.654612 50 107.23
0.654225 50 107.24
0.653645 49 107.25
0.653452 49 107.26
0.653259 49 107.27
0.652485 49 107.28
0.651905 49 107.29
0.651711 49 107.3
0.651131 47 107.31
0.649778 47 107.32
0.649584 47 107.33
0.649197 45 107.34
0.648424 44 107.35
0.64765 44 107.36
0.64707 44 107.37
0.646683 44 107.38
0.645716 44 107.39
0.64475 44 107.4
0.644169 44 107.41
0.643783 44 107.42
0.643396 44 107.43
0.642236 43 107.45
0.641269 43 107.46
0.640495 43 107.47
0.639141 43 107.48
0.638174 43 107.49
0.637594 41 107.5
0.637014 41 107.51
0.636241 40 107.52
0.63566 39 107.53
0.6345 39 107.54
0.63392 39 107.55
0.63276 39 107.56
0.630826 39 107.57
0.629859 39 107.58
0.629279 39 107.59
0.627538 38 107.6
0.625798 38 107.61
0.624251 38 107.62
0.622897 37 107.63
0.62077 37 107.64
0.619803 37 107.65
0.619029 37 107.66
0.617675 37 107.67
0.615742 36 107.68
0.614195 35 107.69
0.613228 35 107.7
0.611681 35 107.71
0.609747 34 107.72
0.608393 33 107.73
0.607813 33 107.74
0.606652 33 107.75
0.605105 33 107.76
0.602978 33 107.77
0.602398 33 107.78
0.601238 32 107.79
0.599304 32 107.8
0.597757 31 107.81
0.596016 31 107.82
0.595243 30 107.83
0.593309 30 107.84
0.591375 29 107.85
0.589828 29 107.86
0.588668 29 107.87
0.586154 29 107.88
0.584026 29 107.89
0.582092 28 107.9
0.580159 27 107.91
0.578998 26 107.92
0.576678 26 107.93
0.57455 26 107.94
0.57223 26 107.95
0.569716 26 107.96
0.567588 25 107.97
0.565074 25 107.98
0.562947 22 107.99
0.5614 21 108
0.558693 21 108.01
0.556759 20 108.02
0.553665 20 108.03
0.551344 20 108.04
0.549023 20 108.05
0.545929 20 108.06
0.543415 18 108.07
0.540128 18 108.08
0.537807 18 108.09
0.534713 17 108.1
0.530652 17 108.11
0.528138 17 108.12
0.526397 17 108.13
0.523303 16 108.14
0.520209 14 108.15
0.515181 14 108.16
0.51228 12 108.17
0.508219 12 108.18
0.504931 12 108.19
0.499517 12 108.2
0.497003 12 108.21
0.493328 12 108.22
0.490234 11 108.23
0.486946 11 108.24
0.482499 11 108.25
0.478051 11 108.26
0.47573 11 108.27
0.472442 11 108.28
0.467414 11 108.29
0.465094 11 108.3
0.461033 10 108.31
0.457745 10 108.32
0.454651 10 108.33
0.452137 9 108.34
0.449236 9 108.35
0.445562 8 108.36
0.443241 8 108.37
0.439373 8 108.38
0.434926 8 108.39
0.431445 8 108.4
0.427964 8 108.41
0.425063 8 108.42
0.422549 8 108.43
0.418488 8 108.44
0.4152 7 108.45
0.411139 7 108.46
0.407271 7 108.47
0.403017 7 108.48
0.399536 7 108.49
0.396055 6 108.5
0.3918 5 108.51
0.388706 5 108.52
0.383678 4 108.53
0.380197 3 108.54
0.375556 3 108.55
0.371688 3 108.56
0.368207 3 108.57
0.364726 3 108.58
0.361439 3 108.59
0.355637 3 108.6
0.351963 3 108.61
0.347128 3 108.62
0.343647 3 108.63
0.339006 3 108.64
0.332237 3 108.65
0.32895 2 108.66
0.325276 2 108.67
0.320634 2 108.68
0.316186 1 108.69
0.312899 1 108.7
0.308838 1 108.71
0.305937 1 108.72
0.300909 1 108.73
0.297041 1 108.74
0.293367 1 108.75
0.289306 1 108.76
0.285051 1 108.77
0.281184 1 108.78
0.276736 1 108.79
0.273255 1 108.8
0.269774 1 108.81
0.267066 1 108.82
0.262812 1 108.83
0.259524 1 108.84
0.255463 1 108.85
0.251982 0 108.86
0.247341 0 108.87
0.243667 0 108.88
0.241346 0 108.89
0.238639 0 108.9
0.234964 0 108.91
0.230903 0 108.92
0.228196 0 108.93
0.223748 0 108.94
0.219687 0 108.95
0.217366 0 108.96
0.214659 0 108.97
0.211178 0 108.98
0.208084 0 108.99
0.204603 0 109
0.200155 0 109.01
0.195127 0 109.02
0.191452 0 109.03
0.187198 0 109.04
0.184297 0 109.05
0.181783 0 109.06
0.178302 0 109.07
0.175015 0 109.08
0.17018 0 109.09
0.167086 0 109.1
0.164572 0 109.11
0.163025 0 109.12
0.15993 0 109.13
0.157803 0 109.14
0.155096 0 109.15
0.151808 0 109.16
0.148907 0 109.17
0.145426 0 109.18
0.143299 0 109.19
0.141559 0 109.2
0.139625 0 109.21
0.137111 0 109.22
0.134597 0 109.23
0.132856 0 109.24
0.128989 0 109.25
0.125508 0 109.26
0.122607 0 109.27
0.12106 0 109.28
0.118933 0 109.29
0.115645 0 109.3
0.11081 0 109.31
0.108876 0 109.32
0.106943 0 109.33
0.104235 0 109.34
0.102108 0 109.35
0.100174 0 109.36
0.0974666 0 109.37
0.0953394 0 109.38
0.0935989 0 109.39
0.0910849 0 109.4
0.0879907 0 109.41
0.086637 0 109.42
0.0845098 0 109.43
0.0819957 0 109.44
0.0798685 0 109.45
0.0779346 0 109.46
0.0763875 0 109.47
0.0752272 0 109.48
0.0732934 0 109.49
0.072133 0 109.5
0.0700058 0 109.51
0.0678786 0 109.52
0.0655579 0 109.53
0.0628505 0 109.54
0.0614968 0 109.55
0.0593696 0 109.56
0.0576291 0 109.57
0.0564688 0 109.58
0.0551151 0 109.59
0.0541481 0 109.6
0.0527944 0 109.61
0.0508606 0 109.62
0.0493135 0 109.63
0.0481532 0 109.64
0.0454458 0 109.65
0.0442854 0 109.66
0.0423516 0 109.67
0.0413846 0 109.68
0.0396442 0 109.69
0.0380971 0 109.7
0.0371301 0 109.71
0.0363566 0 109.72
0.0359698 0 109.73
0.0355831 0 109.74
0.0346161 0 109.75
0.033069 0 109.76
0.0326823 0 109.77
0.0313286 0 109.78
0.0309418 0 109.79
0.0303616 0 109.8
0.0290079 0 109.81
0.028041 0 109.82
0.0268807 0 109.83
0.0259137 0 109.84
0.0247534 0 109.85
0.0239799 0 109.86
0.0233997 0 109.87
0.0224328 0 109.88
0.0212725 0 109.9
0.0208857 0 109.91
0.0201122 0 109.92
0.0187585 0 109.93
0.0181783 0 109.94
0.0174048 0 109.95
0.0168246 0 109.96
0.0162444 0 109.98
0.0160511 0 110
0.0156643 0 110.01
0.0146974 0 110.02
0.013537 0 110.03
0.0125701 0 110.04
0.0123767 0 110.05
0.0121833 0 110.06
0.0117966 0 110.07
0.0112164 0 110.08
0.011023 0 110.09
0.0108296 0 110.1
0.0104429 0 110.11
0.0098627 0 110.12
0.00947592 0 110.13
0.00908915 0 110.14
0.00850899 0 110.15
0.00831561 0 110.16
0.00812222 0 110.18
0.00792883 0 110.2
0.00676852 0 110.21
0.00657513 0 110.22
0.00638174 0 110.23
0.00522143 0 110.26
0.00502804 0 110.28
0.00464127 0 110.3
0.00406111 0 110.35
0.00386772 0 110.37
0.00328757 0 110.41
0.00309418 0 110.43
0.00270741 0 110.44
0.00251402 0 110.45
0.00232063 0 110.46
0.00193386 0 110.47
0.00174048 0 110.48
0.0013537 0 110.56
0.00116032 0 110.64
0.000966931 0 110.65
0.000773545 0 110.66
0.000580159 0 110.92
0.000386772 0 110.99
0.000193386 0 111.01
0 0 1.79769e+308
