0.685554 155 106.29
0.685554 154 106.43
0.685554 153 106.51
0.685361 153 106.53
0.685361 152 106.54
0.685361 151 106.55
0.685361 150 106.59
0.685361 149 106.61
0.685361 147 106.62
0.685167 147 106.63
0.684974 146 106.66
0.684974 145 106.67
0.684974 144 106.69
0.684781 144 106.7
0.684587 143 106.72
0.684394 142 106.73
0.6842 142 106.76
0.684007 142 106.79
0.683814 142 106.8
0.683233 142 106.83
0.68304 142 106.85
0.682847 142 106.86
0.682653 141 106.87
0.682653 140 106.89
0.682653 139 106.9
0.68246 138 106.91
0.682266 137 106.92
0.682073 137 106.93
0.682073 136 106.94
0.681686 136 106.95
0.681493 136 106.96
0.681106 136 106.97
0.680719 133 106.98
0.680333 130 106.99
0.679946 130 107.01
0.679752 128 107.02
0.679752 127 107.03
0.679366 124 107.04
0.679366 123 107.05
0.679172 122 107.06
0.678979 119 107.07
0.678979 118 107.08
0.678205 118 107.1
0.678205 117 107.11
0.678012 116 107.12
0.677819 116 107.13
0.677238 115 107.14
0.677045 114 107.15
0.676658 114 107.16
0.676272 113 107.17
0.675885 112 107.18
0.675498 110 107.19
0.675111 110 107.2
0.674338 109 107.21
0.673371 106 107.22
0.672791 105 107.23
0.672404 105 107.24
0.67163 104 107.25
0.671437 102 107.26
0.67105 101 107.27
0.670277 100 107.28
0.670083 99 107.29
0.668729 97 107.3
0.667956 95 107.31
0.667376 92 107.32
0.666602 89 107.33
0.666409 88 107.34
0.665829 88 107.35
0.665249 87 107.36
0.664475 84 107.37
0.663315 83 107.38
0.662154 83 107.39
0.661961 83 107.4
0.661768 81 107.41
0.661574 81 107.42
0.660801 80 107.43
0.66022 79 107.44
0.659834 78 107.45
0.658673 77 107.46
0.657706 76 107.47
0.65674 76 107.48
0.656159 74 107.49
0.655579 71 107.5
0.654806 70 107.51
0.653839 69 107.52
0.653065 69 107.53
0.652292 68 107.54
0.651325 68 107.55
0.650358 67 107.56
0.649778 66 107.57
0.648811 65 107.58
0.647457 65 107.59
0.646297 65 107.6
0.64475 63 107.61
0.643783 63 107.62
0.642622 63 107.63
0.641269 63 107.64
0.640688 60 107.65
0.639722 60 107.66
0.638561 59 107.67
0.637208 59 107.68
0.636627 58 107.69
0.63566 58 107.7
0.633727 58 107.71
0.631599 58 107.72
0.629472 58 107.73
0.628118 56 107.74
0.626184 55 107.75
0.625024 54 107.76
0.623477 53 107.77
0.619996 53 107.78
0.618642 53 107.79
0.617289 53 107.8
0.616128 53 107.81
0.614968 53 107.82
0.613614 51 107.83
0.610907 51 107.84
0.610327 50 107.85
0.608973 49 107.86
0.607233 47 107.87
0.604332 47 107.88
0.602591 47 107.89
0.599691 46 107.9
0.598337 44 107.91
0.59679 44 107.92
0.595049 44 107.93
0.592922 41 107.94
0.591182 38 107.95
0.589054 38 107.96
0.585573 36 107.97
0.584606 36 107.98
0.582286 34 107.99
0.579385 34 108
0.576484 32 108.01
0.574164 30 108.02
0.571843 30 108.03
0.570102 29 108.04
0.567975 27 108.05
0.566235 26 108.06
0.561787 26 108.07
0.559853 26 108.08
0.558886 26 108.09
0.557339 26 108.1
0.555792 25 108.11
0.553665 24 108.12
0.551537 24 108.13
0.547863 23 108.14
0.544382 23 108.15
0.542448 23 108.16
0.540514 21 108.17
0.537227 21 108.18
0.534133 20 108.19
0.531038 20 108.2
0.528718 20 108.21
0.52601 19 108.22
0.522529 19 108.23
0.519049 19 108.24
0.516535 18 108.25
0.513247 18 108.26
0.509959 17 108.27
0.507639 16 108.28
0.505512 16 108.29
0.501837 15 108.3
0.498936 15 108.31
0.495842 15 108.32
0.492748 15 108.33
0.48946 14 108.34
0.48714 13 108.35
0.482692 13 108.36
0.479404 13 108.37
0.476504 13 108.38
0.473216 13 108.39
0.469348 12 108.4
0.466834 12 108.41
0.46316 11 108.42
0.460066 11 108.43
0.456972 11 108.44
0.454071 11 108.45
0.450783 11 108.46
0.447689 11 108.47
0.443048 10 108.48
0.43976 10 108.49
0.437053 9 108.5
0.433959 9 108.51
0.430091 9 108.52
0.42661 8 108.53
0.423709 8 108.54
0.418488 8 108.55
0.41462 7 108.56
0.411139 6 108.57
0.406304 6 108.58
0.403404 6 108.59
0.398569 6 108.6
0.396635 6 108.61
0.394121 6 108.62
0.389286 6 108.63
0.386192 6 108.64
0.380971 6 108.65
0.377683 5 108.66
0.372268 5 108.67
0.366854 5 108.68
0.362986 4 108.69
0.359505 3 108.7
0.356991 3 108.71
0.35467 3 108.72
0.350029 2 108.73
0.347322 2 108.74
0.34326 2 108.75
0.339006 2 108.76
0.335332 2 108.77
0.329723 2 108.78
0.325082 2 108.79
0.320441 2 108.8
0.31696 2 108.81
0.311545 2 108.82
0.307097 2 108.83
0.302069 2 108.84
0.297235 2 108.85
0.293173 2 108.86
0.289112 2 108.87
0.284664 2 108.88
0.28041 2 108.89
0.276349 1 108.9
0.271901 1 108.91
0.269 0 108.92
0.265713 0 108.93
0.260878 0 108.94
0.257397 0 108.95
0.252756 0 108.96
0.248114 0 108.97
0.24386 0 108.98
0.239025 0 108.99
0.235738 0 109
0.232257 0 109.01
0.228776 0 109.02
0.224908 0 109.03
0.222394 0 109.04
0.217753 0 109.05
0.214852 0 109.06
0.209437 0 109.07
0.204989 0 109.08
0.202475 0 109.09
0.198994 0 109.1
0.1959 0 109.11
0.192806 0 109.12
0.189905 0 109.13
0.187198 0 109.14
0.18449 0 109.15
0.18159 0 109.16
0.176368 0 109.17
0.1725 0 109.18
0.170567 0 109.19
0.16902 0 109.2
0.166506 0 109.21
0.163218 0 109.22
0.160511 0 109.23
0.15761 0 109.24
0.155482 0 109.25
0.152968 0 109.26
0.151228 0 109.27
0.14794 0 109.28
0.146393 0 109.29
0.141945 0 109.3
0.137304 0 109.31
0.134597 0 109.32
0.131503 0 109.33
0.129762 0 109.34
0.126475 0 109.35
0.124541 0 109.36
0.12222 0 109.37
0.118739 0 109.38
0.116805 0 109.39
0.114678 0 109.4
0.11139 0 109.41
0.109263 0 109.42
0.106943 0 109.43
0.103462 0 109.44
0.102688 0 109.45
0.0992071 0 109.46
0.0974666 0 109.47
0.0957262 0 109.48
0.0924386 0 109.49
0.0903114 0 109.5
0.0889576 0 109.51
0.0860569 0 109.52
0.0835428 0 109.53
0.080642 0 109.54
0.078128 0 109.55
0.0760008 0 109.56
0.0736801 0 109.57
0.072133 0 109.58
0.070586 0 109.59
0.0700058 0 109.6
0.0688455 0 109.61
0.0676852 0 109.62
0.067105 0 109.63
0.064591 0 109.64
0.0628505 0 109.65
0.0616902 0 109.66
0.0599497 0 109.67
0.0584026 0 109.68
0.0570489 0 109.69
0.0553085 0 109.7
0.0529878 0 109.71
0.0512473 0 109.72
0.0497003 0 109.73
0.0483465 0 109.74
0.0466061 0 109.75
0.0454458 0 109.76
0.0444788 0 109.77
0.0429317 0 109.78
0.0413846 0 109.79
0.0402243 0 109.8
0.0392574 0 109.81
0.0382905 0 109.82
0.0371301 0 109.83
0.0359698 0 109.84
0.0355831 0 109.85
0.0342294 0 109.86
0.0324889 0 109.87
0.0315219 0 109.88
0.0309418 0 109.89
0.030555 0 109.9
0.0299749 0 109.91
0.0290079 0 109.92
0.028041 0 109.93
0.0266873 0 109.94
0.0261071 0 109.95
0.0253336 0 109.96
0.0239799 0 109.97
0.0233997 0 109.98
0.023013 0 109.99
0.0214659 0 110
0.0210791 0 110.01
0.0204989 0 110.02
0.0187585 0 110.03
0.0175981 0 110.04
0.0174048 0 110.05
0.0164378 0 110.06
0.0160511 0 110.07
0.0156643 0 110.08
0.0150841 0 110.09
0.0146974 0 110.1
0.0139238 0 110.11
0.013537 0 110.12
0.0123767 0 110.13
0.0121833 0 110.14
0.0117966 0 110.15
0.0114098 0 110.16
0.011023 0 110.17
0.0108296 0 110.2
0.0104429 0 110.21
0.0100561 0 110.22
0.00966931 0 110.23
0.00928254 0 110.24
0.00908915 0 110.25
0.00870238 0 110.26
0.00831561 0 110.27
0.00812222 0 110.28
0.00773545 0 110.29
0.00734868 0 110.3
0.00715529 0 110.31
0.00657513 0 110.32
0.00638174 0 110.33
0.00618836 0 110.35
0.00580159 0 110.36
0.0056082 0 110.38
0.00541481 0 110.39
0.00483465 0 110.4
0.00444788 0 110.41
0.0042545 0 110.42
0.00386772 0 110.43
0.00328757 0 110.44
0.00309418 0 110.46
0.00290079 0 110.47
0.00270741 0 110.5
0.00251402 0 110.51
0.00212725 0 110.54
0.00174048 0 110.56
0.0013537 0 110.7
0.00116032 0 110.71
0.000966931 0 110.76
0.000773545 0 110.89
0.000580159 0 110.9
0.000386772 0 110.92
0.000193386 0 111.01
0 0 1.79769e+308
