0.665829 66 106.35
0.665829 65 106.46
0.665635 65 106.64
0.665442 65 106.65
0.665249 65 106.68
0.665055 65 106.72
0.665055 64 106.79
0.665055 63 106.81
0.664862 63 106.84
0.664862 62 106.89
0.664668 62 106.9
0.664475 62 106.95
0.664088 62 106.96
0.663895 61 106.98
0.663895 58 106.99
0.663701 58 107.02
0.663508 58 107.03
0.663121 58 107.05
0.662928 57 107.06
0.662541 56 107.07
0.662154 56 107.08
0.661381 55 107.1
0.661187 54 107.12
0.660801 53 107.14
0.66022 53 107.15
0.659447 53 107.16
0.659254 53 107.17
0.658673 52 107.18
0.658287 51 107.19
0.658093 51 107.21
0.658093 50 107.22
0.658093 49 107.23
0.657706 49 107.24
0.657126 48 107.25
0.656933 48 107.26
0.65674 48 107.27
0.655966 48 107.28
0.655386 48 107.29
0.655192 48 107.3
0.654612 46 107.31
0.653259 46 107.32
0.653065 46 107.33
0.652678 44 107.34
0.651905 43 107.35
0.651131 43 107.36
0.650551 43 107.37
0.650164 43 107.38
0.649197 43 107.39
0.648231 43 107.4
0.64765 43 107.41
0.647264 43 107.42
0.646877 43 107.43
0.645523 43 107.45
0.644556 43 107.46
0.643783 43 107.47
0.642429 43 107.48
0.641462 43 107.49
0.640882 41 107.5
0.640302 41 107.51
0.639528 40 107.52
0.638948 39 107.53
0.637788 39 107.54
0.637208 39 107.55
0.636047 39 107.56
0.634113 39 107.57
0.632953 39 107.58
0.632373 39 107.59
0.630632 38 107.6
0.628892 38 107.61
0.627345 38 107.62
0.625991 37 107.63
0.623864 37 107.64
0.622897 37 107.65
0.621737 37 107.66
0.62019 37 107.67
0.618256 36 107.68
0.616709 35 107.69
0.615742 35 107.7
0.614195 35 107.71
0.612261 34 107.72
0.610907 33 107.73
0.610327 33 107.74
0.609167 33 107.75
0.607619 33 107.76
0.605492 33 107.77
0.604912 33 107.78
0.603752 32 107.79
0.601818 32 107.8
0.600271 31 107.81
0.59853 31 107.82
0.597757 30 107.83
0.595823 30 107.84
0.593889 29 107.85
0.592342 29 107.86
0.591182 29 107.87
0.588668 29 107.88
0.58654 29 107.89
0.584606 28 107.9
0.582673 27 107.91
0.581512 26 107.92
0.579192 26 107.93
0.577064 26 107.94
0.574744 26 107.95
0.572036 26 107.96
0.569909 25 107.97
0.567395 25 107.98
0.565268 22 107.99
0.563721 21 108
0.561013 21 108.01
0.559079 20 108.02
0.555985 20 108.03
0.553665 20 108.04
0.551344 20 108.05
0.54825 20 108.06
0.545736 18 108.07
0.542448 18 108.08
0.540128 18 108.09
0.537033 17 108.1
0.532972 17 108.11
0.530265 17 108.12
0.528524 17 108.13
0.52543 16 108.14
0.522336 14 108.15
0.517308 14 108.16
0.514407 12 108.17
0.510346 12 108.18
0.507059 12 108.19
0.501644 12 108.2
0.49913 12 108.21
0.495455 12 108.22
0.492361 11 108.23
0.489074 11 108.24
0.484626 11 108.25
0.479985 11 108.26
0.477664 11 108.27
0.474376 11 108.28
0.469348 11 108.29
0.467028 11 108.3
0.462967 10 108.31
0.459679 10 108.32
0.456391 10 108.33
0.453877 9 108.34
0.450977 9 108.35
0.447302 8 108.36
0.444982 8 108.37
0.441114 8 108.38
0.436666 8 108.39
0.433185 8 108.4
0.429704 8 108.41
0.426803 8 108.42
0.424289 8 108.43
0.420228 8 108.44
0.416941 7 108.45
0.41288 7 108.46
0.409012 7 108.47
0.404564 7 108.48
0.40089 7 108.49
0.397409 6 108.5
0.393154 5 108.51
0.389867 5 108.52
0.384839 4 108.53
0.381358 3 108.54
0.376716 3 108.55
0.372849 3 108.56
0.369368 3 108.57
0.365887 3 108.58
0.362599 3 108.59
0.356798 3 108.6
0.353123 3 108.61
0.348095 3 108.62
0.344614 3 108.63
0.339973 3 108.64
0.333204 3 108.65
0.329917 2 108.66
0.326243 2 108.67
0.321601 2 108.68
0.317153 1 108.69
0.313866 1 108.7
0.309805 1 108.71
0.306904 1 108.72
0.301876 1 108.73
0.298008 1 108.74
0.29414 1 108.75
0.290079 1 108.76
0.285825 1 108.77
0.281957 1 108.78
0.277509 1 108.79
0.274028 1 108.8
0.270547 1 108.81
0.26784 1 108.82
0.263585 1 108.83
0.260298 1 108.84
0.256237 1 108.85
0.252756 0 108.86
0.248114 0 108.87
0.24444 0 108.88
0.24212 0 108.89
0.239412 0 108.9
0.235738 0 108.91
0.231677 0 108.92
0.228969 0 108.93
0.224521 0 108.94
0.22046 0 108.95
0.217753 0 108.96
0.215045 0 108.97
0.211564 0 108.98
0.20847 0 108.99
0.204989 0 109
0.200541 0 109.01
0.195513 0 109.02
0.191839 0 109.03
0.187585 0 109.04
0.184684 0 109.05
0.18217 0 109.06
0.178689 0 109.07
0.175401 0 109.08
0.170567 0 109.09
0.167472 0 109.1
0.164958 0 109.11
0.163411 0 109.12
0.160317 0 109.13
0.15819 0 109.14
0.155482 0 109.15
0.152195 0 109.16
0.149294 0 109.17
0.145813 0 109.18
0.143686 0 109.19
0.141945 0 109.2
0.140012 0 109.21
0.137498 0 109.22
0.134984 0 109.23
0.133243 0 109.24
0.129375 0 109.25
0.125894 0 109.26
0.122994 0 109.27
0.121447 0 109.28
0.119319 0 109.29
0.116032 0 109.3
0.111197 0 109.31
0.10907 0 109.32
0.107136 0 109.33
0.104429 0 109.34
0.102301 0 109.35
0.100367 0 109.36
0.0974666 0 109.37
0.0953394 0 109.38
0.0935989 0 109.39
0.0910849 0 109.4
0.0879907 0 109.41
0.086637 0 109.42
0.0845098 0 109.43
0.0819957 0 109.44
0.0798685 0 109.45
0.0779346 0 109.46
0.0763875 0 109.47
0.0752272 0 109.48
0.0732934 0 109.49
0.072133 0 109.5
0.0700058 0 109.51
0.0678786 0 109.52
0.0655579 0 109.53
0.0628505 0 109.54
0.0614968 0 109.55
0.0593696 0 109.56
0.0576291 0 109.57
0.0564688 0 109.58
0.0551151 0 109.59
0.0541481 0 109.6
0.0527944 0 109.61
0.0508606 0 109.62
0.0493135 0 109.63
0.0481532 0 109.64
0.0454458 0 109.65
0.0442854 0 109.66
0.0423516 0 109.67
0.0413846 0 109.68
0.0396442 0 109.69
0.0380971 0 109.7
0.0371301 0 109.71
0.0363566 0 109.72
0.0359698 0 109.73
0.0355831 0 109.74
0.0346161 0 109.75
0.033069 0 109.76
0.0326823 0 109.77
0.0313286 0 109.78
0.0309418 0 109.79
0.0303616 0 109.8
0.0290079 0 109.81
0.028041 0 109.82
0.0268807 0 109.83
0.0259137 0 109.84
0.0247534 0 109.85
0.0239799 0 109.86
0.0233997 0 109.87
0.0224328 0 109.88
0.0212725 0 109.9
0.0208857 0 109.91
0.0201122 0 109.92
0.0187585 0 109.93
0.0181783 0 109.94
0.0174048 0 109.95
0.0168246 0 109.96
0.0162444 0 109.98
0.0160511 0 110
0.0156643 0 110.01
0.0146974 0 110.02
0.013537 0 110.03
0.0125701 0 110.04
0.0123767 0 110.05
0.0121833 0 110.06
0.0117966 0 110.07
0.0112164 0 110.08
0.011023 0 110.09
0.0108296 0 110.1
0.0104429 0 110.11
0.0098627 0 110.12
0.00947592 0 110.13
0.00908915 0 110.14
0.00850899 0 110.15
0.00831561 0 110.16
0.00812222 0 110.18
0.00792883 0 110.2
0.00676852 0 110.21
0.00657513 0 110.22
0.00638174 0 110.23
0.00522143 0 110.26
0.00502804 0 110.28
0.00464127 0 110.3
0.00406111 0 110.35
0.00386772 0 110.37
0.00328757 0 110.41
0.00309418 0 110.43
0.00270741 0 110.44
0.00251402 0 110.45
0.00232063 0 110.46
0.00193386 0 110.47
0.00174048 0 110.48
0.0013537 0 110.56
0.00116032 0 110.64
0.000966931 0 110.65
0.000773545 0 110.66
0.000580159 0 110.92
0.000386772 0 110.99
0.000193386 0 111.01
0 0 1.79769e+308
