0.140921 2
0.140788 2
0.140662 2
0.140529 2
0.140406 2
0.140281 2
0.140164 2
0.140033 2
0.139897 2
0.139773 2
0.139645 2
0.139514 2
0.139378 2
0.139247 2
0.13912 2
0.138998 2
0.138747 2
0.138494 2
0.138364 2
0.138241 2
0.137995 2
0.137867 2
0.137737 2
0.137603 2
0.137468 2
0.137339 2
0.137212 2
0.137094 2
0.136984 2
0.136877 2
0.13677 2
0.136515 2
0.13626 2
0.136142 2
0.135866 2
0.13573 2
0.135604 2
0.135482 2
0.135363 2
0.135247 2
0.135112 2
0.134848 2
0.134723 2
0.134344 2
0.134221 2
0.134101 2
0.133843 2
0.133464 2
0.1332 2
0.132949 2
0.132829 2
0.132454 2
0.132198 2
0.132056 2
0.131808 2
0.131548 2
0.131295 2
0.130901 2
0.130764 2
0.130388 2
0.130276 2
0.130161 2
0.129653 2
0.129145 2
0.129018 2
0.128766 2
0.127899 2
0.127771 2
0.127375 2
0.126501 2
0.126142 2
0.125758 2
0.125256 2
0.125122 2
0.124741 2
0.124477 2
0.12435 2
0.12358 2
0.123187 2
0.123053 2
0.122926 2
0.12268 2
0.122324 1
0.122212 1
0.122085 1
0.121705 1
0.121466 1
0.121218 1
0.120731 1
0.120616 1
0.119957 1
0.119557 1
0.119447 1
0.118641 1
0.118249 1
0.117872 1
0.117475 1
0.117109 1
0.116333 1
0.115936 1
0.115807 1
0.115286 1
0.114908 1
0.114409 1
0.114054 1
0.11393 1
0.113793 1
0.113315 1
0.112664 1
0.111658 1
0.111028 1
0.110414 1
0.109633 1
0.108886 1
0.108231 1
0.107477 1
0.106998 0
0.106743 0
0.106484 0
0.105808 0
0.105015 0
0.104891 0
0.104 0
0.103866 0
0.103116 0
0.102358 0
0.101575 0
0.100903 0
0.100385 0
0.1 0
0.0998783 0
0.0993606 0
0.0988661 0
0.0986116 0
0.0981109 0
0.097353 0
0.0972252 0
0.0965049 0
0.0953546 0
0.0944482 0
0.093942 0
0.0935655 0
0.0930774 0
0.0928253 0
0.0919115 0
0.0916815 0
0.0913104 0
0.0910715 0
0.0905561 0
0.0900546 0
0.0896396 0
0.0888687 0
0.0886162 0
0.0883569 0
0.0874522 0
0.0868304 0
0.0863316 0
0.0859489 0
0.0856944 0
0.0855822 0
0.0853234 0
0.0847981 0
0.084271 0
0.0837653 0
0.083354 0
0.0827237 0
0.0821026 0
0.081585 0
0.0808178 0
0.0802083 0
0.0800868 0
0.0785423 0
0.0776667 0
0.0769036 0
0.0765337 0
0.0760275 0
0.07525 0
0.0751253 0
0.0743656 0
0.073869 0
0.0729376 0
0.0723005 0
0.0715595 0
0.0703977 0
0.0696166 0
0.0692199 0
0.0689496 0
0.0684335 0
0.0674012 0
0.0668867 0
0.0665009 0
0.0659782 0
0.0658527 0
0.0654553 0
0.0651875 0
0.0646739 0
0.0641071 0
0.0633363 0
0.062421 0
0.0620592 0
0.0618074 0
0.0614261 0
0.0611643 0
0.060646 0
0.0603991 0
0.0600187 0
0.0595107 0
0.0591396 0
0.0588796 0
0.0582446 0
0.057614 0
0.0574849 0
0.0567131 0
0.0562164 0
0.055833 0
0.055577 0
0.0546778 0
0.0541693 0
0.0532558 0
0.0526291 0
0.052387 0
0.0518635 0
0.0512194 0
0.0500873 0
0.0494253 0
0.0490366 0
0.0487774 0
0.048257 0
0.0477496 0
0.0474949 0
0.0471196 0
0.0467395 0
0.0460808 0
0.0455955 0
0.0453439 0
0.0449509 0
0.0446971 0
0.0444499 0
0.0442052 0
0.0434482 0
0.0427984 0
0.0425456 0
0.0417655 0
0.0416458 0
0.0415341 0
0.0410094 0
0.0403654 0
0.0398092 0
0.0394326 0
0.038921 0
0.0381676 0
0.0379187 0
0.0371732 0
0.0367886 0
0.0361654 0
0.0360325 0
0.0359039 0
0.0355105 0
0.0351205 0
0.0339411 0
0.0333103 0
0.033161 0
0.0322657 0
0.031493 0
0.0312425 0
0.030359 0
0.0298667 0
0.0294838 0
0.0287226 0
0.0283234 0
0.0279514 0
0.0274349 0
0.0267117 0
0.0260716 0
0.0257082 0
0.0252037 0
0.0249444 0
0.0248205 0
0.0245662 0
0.0244349 0
0.0236667 0
0.023173 0
0.0230452 0
0.0228026 0
0.0222998 0
0.0220414 0
0.0212939 0
0.0210137 0
0.0206248 0
0.0202471 0
0.0199801 0
0.0191918 0
0.0186813 0
0.0181638 0
0.0176409 0
0.017515 0
0.0171298 0
0.0169976 0
0.0166274 0
0.0162462 0
0.0159883 0
0.0155871 0
0.0153375 0
0.015204 0
0.0149534 0
0.0146963 0
0.0144383 0
0.0141809 0
0.0139217 0
0.0136558 0
0.0133935 0
0.0130025 0
0.0126298 0
0.0125179 0
0.0121245 0
0.0117573 0
0.0115133 0
0.0113766 0
0.0111452 0
0.0108808 0
0.0106313 0
0.0105077 0
0.00998172 0
0.0098565 0
0.00958963 0
0.00946682 0
0.00934833 0
0.00922941 0
0.00910206 0
0.00897051 0
0.0088464 0
0.00872646 0
0.00848371 0
0.00836428 0
0.00824192 0
0.00811136 0
0.00798483 0
0.00785718 0
0.00761216 0
0.00721835 0
0.00709029 0
0.00670625 0
0.00658198 0
0.00645339 0
0.0061906 0
0.00592576 0
0.00581191 0
0.00568328 0
0.00541483 0
0.00528602 0
0.00516011 0
0.00502893 0
0.00476956 0
0.00464049 0
0.00450708 0
0.00437293 0
0.00424947 0
0.00412096 0
0.0040085 0
0.00388191 0
0.00375313 0
0.00338606 0
0.00325607 0
0.00312109 0
0.00299979 0
0.00286677 0
0.00273641 0
0.00260394 0
0.00234303 0
0.00208198 0
0.00195121 0
0.00182415 0
0.00142456 0
0.00129172 0
0.0011669 0
0.00103348 0
0.000904499 0
0.000782085 0
0.000642278 0
0.000521372 0
0.000392507 0
0.000263043 0
0.00013169 0
0 0
