0.450228 127
0.450228 126
0.450228 125
0.450228 124
0.450228 123
0.450228 122
0.450104 122
0.449973 122
0.449973 121
0.44986 121
0.449731 120
0.449627 120
0.449476 120
0.44934 120
0.449219 120
0.448945 120
0.448821 120
0.448701 120
0.448582 119
0.448577 118
0.448576 117
0.448462 116
0.448321 116
0.448081 116
0.447939 116
0.447681 116
0.447421 113
0.44709 112
0.446845 112
0.446732 111
0.446405 109
0.446271 108
0.446141 105
0.446052 104
0.445576 104
0.445442 104
0.44532 104
0.44507 103
0.44507 102
0.444822 102
0.444596 101
0.444348 100
0.444101 98
0.443983 98
0.443529 97
0.442958 95
0.442565 94
0.442312 94
0.441827 93
0.441628 92
0.441394 91
0.44097 90
0.440834 90
0.44021 89
0.439665 88
0.439197 86
0.43873 84
0.438602 83
0.438363 83
0.437963 82
0.437281 79
0.436729 78
0.436053 78
0.435919 78
0.435688 77
0.435572 77
0.435334 76
0.435099 75
0.434785 74
0.433942 73
0.433257 72
0.432765 72
0.43236 70
0.431889 67
0.431485 66
0.430976 66
0.430496 66
0.429899 65
0.429283 65
0.428644 64
0.428272 63
0.427523 62
0.426647 62
0.425905 62
0.424975 60
0.42438 60
0.423744 60
0.423124 60
0.42266 57
0.422083 57
0.421334 56
0.420466 56
0.420225 56
0.419591 56
0.418409 56
0.417033 56
0.415661 56
0.414712 54
0.413536 53
0.412833 52
0.411823 51
0.409681 51
0.408842 51
0.407959 51
0.407212 51
0.406501 51
0.405447 49
0.403689 49
0.403297 48
0.402456 47
0.401356 45
0.399469 45
0.398385 45
0.396453 44
0.395394 42
0.394504 42
0.393439 42
0.39199 39
0.390776 36
0.389413 36
0.386914 34
0.386278 34
0.384583 32
0.382758 32
0.380835 30
0.379189 28
0.377676 28
0.376684 27
0.375117 25
0.374011 24
0.371237 24
0.370026 24
0.369452 24
0.368468 24
0.367365 23
0.365902 22
0.364612 22
0.362257 21
0.360006 21
0.358799 21
0.357367 19
0.355295 19
0.353294 19
0.351362 19
0.349924 19
0.348187 18
0.345862 18
0.343747 18
0.341995 17
0.339838 17
0.337731 16
0.336142 15
0.334775 15
0.332295 14
0.330381 14
0.328351 14
0.326304 14
0.324028 13
0.32248 13
0.319568 13
0.317374 13
0.315517 13
0.313476 13
0.310967 12
0.309335 12
0.306869 11
0.304816 11
0.302785 11
0.300898 11
0.298808 11
0.296831 11
0.293727 10
0.29162 10
0.289742 9
0.287713 9
0.28518 9
0.282764 8
0.280891 8
0.277527 8
0.274846 7
0.272502 6
0.269306 6
0.26735 6
0.264164 6
0.262975 6
0.261374 6
0.258342 6
0.256377 6
0.253083 6
0.25081 5
0.247245 5
0.243677 5
0.241081 4
0.23875 3
0.237121 3
0.235561 3
0.232348 2
0.230612 2
0.227881 2
0.225068 2
0.222606 2
0.218947 2
0.215804 2
0.212847 2
0.210633 2
0.207059 2
0.204113 2
0.200721 2
0.19751 2
0.194827 2
0.192142 2
0.1892 2
0.18641 2
0.183648 1
0.180743 1
0.178772 0
0.176614 0
0.173416 0
0.17114 0
0.168095 0
0.164966 0
0.162125 0
0.158974 0
0.156766 0
0.154473 0
0.15216 0
0.149608 0
0.147915 0
0.144871 0
0.143001 0
0.139383 0
0.136437 0
0.134791 0
0.132459 0
0.130412 0
0.128372 0
0.126467 0
0.124659 0
0.122881 0
0.120927 0
0.117516 0
0.11493 0
0.113652 0
0.112611 0
0.110981 0
0.108782 0
0.106991 0
0.105069 0
0.103678 0
0.102055 0
0.100873 0
0.098662 0
0.0976542 0
0.094635 0
0.0915344 0
0.0897476 0
0.0877062 0
0.0865412 0
0.0843131 0
0.0830394 0
0.0814665 0
0.0791909 0
0.0779 0
0.0765359 0
0.0743444 0
0.0729519 0
0.0714156 0
0.0690424 0
0.0685219 0
0.0662643 0
0.0651102 0
0.0639505 0
0.0617383 0
0.0603578 0
0.0594821 0
0.0575429 0
0.0558395 0
0.0539282 0
0.0522734 0
0.0508634 0
0.0492758 0
0.0482456 0
0.0472033 0
0.0468153 0
0.0460552 0
0.0453034 0
0.0449128 0
0.0432503 0
0.0420361 0
0.0412519 0
0.0400611 0
0.0390374 0
0.038133 0
0.0369993 0
0.0354467 0
0.0342571 0
0.0332619 0
0.0323438 0
0.031192 0
0.0303896 0
0.0297268 0
0.0286816 0
0.0276579 0
0.0268955 0
0.0262412 0
0.0255772 0
0.0248054 0
0.0240209 0
0.0237625 0
0.0228494 0
0.0217104 0
0.0210774 0
0.0207017 0
0.0204423 0
0.0200899 0
0.0194419 0
0.018799 0
0.0178714 0
0.0174888 0
0.0169629 0
0.0160382 0
0.0156601 0
0.0154032 0
0.014389 0
0.0141339 0
0.013756 0
0.0125913 0
0.0117882 0
0.0116613 0
0.0110497 0
0.010801 0
0.0105357 0
0.010128 0
0.00985306 0
0.00933475 0
0.00906102 0
0.0082718 0
0.00813809 0
0.00788446 0
0.0076186 0
0.00736772 0
0.00724737 0
0.00699028 0
0.00672861 0
0.00647975 0
0.00621688 0
0.00608844 0
0.00582152 0
0.00556058 0
0.00542805 0
0.00517265 0
0.00491429 0
0.00477738 0
0.00440518 0
0.00426984 0
0.00414214 0
0.00390059 0
0.00377243 0
0.00363501 0
0.00324435 0
0.00299506 0
0.00286165 0
0.00260872 0
0.00220662 0
0.0020719 0
0.00194203 0
0.00181634 0
0.00167935 0
0.0014206 0
0.00116497 0
0.000913719 0
0.000780229 0
0.000649198 0
0.000521402 0
0.000396658 0
0.000266277 0
0.00012734 0
0 0
