0.716689 155 106.29
0.716689 154 106.32
0.716689 153 106.39
0.716689 152 106.43
0.716689 151 106.48
0.716689 150 106.51
0.716496 149 106.53
0.716496 148 106.54
0.716496 147 106.55
0.716496 146 106.58
0.716496 145 106.59
0.716496 144 106.61
0.716496 142 106.62
0.716302 142 106.63
0.716109 141 106.65
0.715916 141 106.66
0.715916 140 106.67
0.715916 139 106.69
0.715722 139 106.7
0.715529 138 106.71
0.715529 137 106.72
0.715336 136 106.73
0.715142 136 106.75
0.715142 135 106.76
0.714949 135 106.8
0.714369 135 106.83
0.714175 135 106.85
0.713982 135 106.86
0.713595 133 106.87
0.713595 132 106.89
0.713595 131 106.9
0.713402 130 106.91
0.713208 130 106.92
0.713015 130 106.93
0.712822 129 106.94
0.712435 129 106.95
0.712241 129 106.96
0.711661 129 106.97
0.711274 125 106.98
0.710694 123 106.99
0.710114 123 107.01
0.709534 121 107.02
0.709534 120 107.03
0.709534 117 107.04
0.709534 116 107.05
0.709147 115 107.06
0.70876 112 107.07
0.70876 111 107.08
0.707987 111 107.09
0.707793 111 107.1
0.7076 110 107.11
0.707407 110 107.12
0.707213 110 107.13
0.706633 110 107.14
0.705666 109 107.15
0.705279 109 107.16
0.705086 108 107.17
0.704893 106 107.18
0.704313 104 107.19
0.703732 104 107.2
0.703152 102 107.21
0.702185 100 107.22
0.701605 99 107.23
0.701025 99 107.24
0.700445 99 107.25
0.700058 97 107.26
0.699671 96 107.27
0.698511 94 107.28
0.698318 93 107.29
0.697157 91 107.3
0.696384 89 107.31
0.695804 86 107.32
0.695223 83 107.33
0.694837 81 107.34
0.694256 81 107.35
0.693676 80 107.36
0.692903 79 107.37
0.692129 78 107.38
0.691162 78 107.39
0.690969 78 107.4
0.690389 76 107.41
0.690195 76 107.42
0.689615 74 107.43
0.688842 73 107.44
0.688648 72 107.45
0.687295 72 107.46
0.686521 71 107.47
0.685554 71 107.48
0.684781 69 107.49
0.6842 66 107.5
0.683233 65 107.51
0.682073 65 107.52
0.681493 65 107.53
0.680913 63 107.54
0.680139 63 107.55
0.679366 62 107.56
0.678786 61 107.57
0.678205 60 107.58
0.677045 60 107.59
0.675885 60 107.6
0.674531 58 107.61
0.673564 58 107.62
0.672597 57 107.63
0.671243 57 107.64
0.67047 55 107.65
0.669503 55 107.66
0.668536 54 107.67
0.667182 54 107.68
0.666022 53 107.69
0.665442 53 107.7
0.663508 52 107.71
0.661574 52 107.72
0.659254 52 107.73
0.6579 50 107.74
0.655773 48 107.75
0.654612 47 107.76
0.653065 47 107.77
0.649778 47 107.78
0.648617 47 107.79
0.64707 47 107.8
0.64591 47 107.81
0.64475 47 107.82
0.643396 45 107.83
0.640882 44 107.84
0.640108 43 107.85
0.639335 42 107.86
0.637788 40 107.87
0.635274 40 107.88
0.63392 40 107.89
0.631213 39 107.9
0.629859 36 107.91
0.628118 36 107.92
0.626378 36 107.93
0.624057 35 107.94
0.622123 33 107.95
0.619996 33 107.96
0.616128 31 107.97
0.615355 31 107.98
0.612841 30 107.99
0.60994 30 108
0.607619 28 108.01
0.606072 26 108.02
0.603365 26 108.03
0.601818 25 108.04
0.600077 23 108.05
0.59853 22 108.06
0.594082 22 108.07
0.592342 22 108.08
0.591375 22 108.09
0.589441 22 108.1
0.587507 21 108.11
0.5848 19 108.12
0.582866 19 108.13
0.579578 18 108.14
0.576291 18 108.15
0.574357 18 108.16
0.57223 16 108.17
0.569136 16 108.18
0.566041 15 108.19
0.562367 15 108.2
0.560046 15 108.21
0.557919 14 108.22
0.554051 13 108.23
0.550184 13 108.24
0.547476 13 108.25
0.543609 13 108.26
0.540321 12 108.27
0.537807 11 108.28
0.535293 11 108.29
0.531619 11 108.3
0.528718 11 108.31
0.525624 11 108.32
0.522336 11 108.33
0.519049 10 108.34
0.516728 9 108.35
0.51228 9 108.36
0.508992 9 108.37
0.505898 9 108.38
0.502611 9 108.39
0.49913 8 108.4
0.496422 8 108.41
0.492361 8 108.42
0.489654 8 108.43
0.486753 8 108.44
0.483465 8 108.45
0.480178 8 108.46
0.476697 8 108.47
0.471476 7 108.48
0.467801 7 108.49
0.464707 6 108.5
0.461419 6 108.51
0.457939 6 108.52
0.454264 5 108.53
0.45175 5 108.54
0.446335 5 108.55
0.442468 5 108.56
0.4386 4 108.57
0.433378 4 108.58
0.430478 4 108.59
0.425836 3 108.6
0.423709 3 108.61
0.420808 3 108.62
0.4152 3 108.63
0.412106 3 108.64
0.407465 3 108.65
0.403984 2 108.66
0.398182 2 108.67
0.392574 2 108.68
0.3889 1 108.69
0.385032 1 108.7
0.382325 1 108.71
0.379617 1 108.72
0.374976 1 108.73
0.372462 1 108.74
0.368207 1 108.75
0.363953 1 108.76
0.360278 1 108.77
0.353703 1 108.78
0.349255 1 108.79
0.344421 1 108.8
0.340166 1 108.81
0.335138 1 108.82
0.329917 1 108.83
0.324889 1 108.84
0.320248 1 108.85
0.316767 1 108.86
0.312319 1 108.87
0.307677 1 108.88
0.303616 1 108.89
0.299362 1 108.9
0.295301 1 108.91
0.292013 0 108.92
0.288339 0 108.93
0.283504 0 108.94
0.279056 0 108.95
0.274028 0 108.96
0.269387 0 108.97
0.264746 0 108.98
0.259718 0 108.99
0.25643 0 109
0.252756 0 109.01
0.248888 0 109.02
0.24502 0 109.03
0.2427 0 109.04
0.238252 0 109.05
0.234964 0 109.06
0.229356 0 109.07
0.224328 0 109.08
0.221234 0 109.09
0.216979 0 109.1
0.213498 0 109.11
0.210211 0 109.12
0.207117 0 109.13
0.203829 0 109.14
0.200735 0 109.15
0.197447 0 109.16
0.192032 0 109.17
0.187778 0 109.18
0.185457 0 109.19
0.184104 0 109.2
0.181396 0 109.21
0.177722 0 109.22
0.174241 0 109.23
0.171147 0 109.24
0.168826 0 109.25
0.166119 0 109.26
0.163991 0 109.27
0.160317 0 109.28
0.158577 0 109.29
0.153935 0 109.3
0.149294 0 109.31
0.146587 0 109.32
0.143106 0 109.33
0.141172 0 109.34
0.137691 0 109.35
0.13595 0 109.36
0.133243 0 109.37
0.129762 0 109.38
0.128022 0 109.39
0.125508 0 109.4
0.122027 0 109.41
0.119706 0 109.42
0.117385 0 109.43
0.113904 0 109.44
0.112551 0 109.45
0.108876 0 109.46
0.107136 0 109.47
0.105589 0 109.48
0.101915 0 109.49
0.0992071 0 109.5
0.09766 0 109.51
0.0945658 0 109.52
0.0920518 0 109.53
0.0889576 0 109.54
0.0862502 0 109.55
0.0837362 0 109.56
0.0812222 0 109.57
0.0796751 0 109.58
0.078128 0 109.59
0.0771611 0 109.6
0.075614 0 109.61
0.0742603 0 109.62
0.0734868 0 109.63
0.0709727 0 109.64
0.0692323 0 109.65
0.0678786 0 109.66
0.0661381 0 109.67
0.064591 0 109.68
0.0632373 0 109.69
0.0614968 0 109.7
0.0591762 0 109.71
0.0570489 0 109.72
0.0555018 0 109.73
0.0541481 0 109.74
0.0524077 0 109.75
0.051054 0 109.76
0.0498936 0 109.77
0.0481532 0 109.78
0.0464127 0 109.79
0.045059 0 109.8
0.0438987 0 109.81
0.0423516 0 109.82
0.0411913 0 109.83
0.0400309 0 109.84
0.0396442 0 109.85
0.0382905 0 109.86
0.0363566 0 109.87
0.0353897 0 109.88
0.0348095 0 109.89
0.0344227 0 109.9
0.0338426 0 109.91
0.0328757 0 109.92
0.0319087 0 109.93
0.0301682 0 109.94
0.0295881 0 109.95
0.0288145 0 109.96
0.0272675 0 109.97
0.0264939 0 109.98
0.0261071 0 109.99
0.0243667 0 110
0.0237865 0 110.01
0.023013 0 110.02
0.0210791 0 110.03
0.0197254 0 110.04
0.0193386 0 110.05
0.0183717 0 110.06
0.0179849 0 110.07
0.0175981 0 110.08
0.017018 0 110.09
0.0166312 0 110.1
0.0158577 0 110.11
0.0154709 0 110.12
0.0143106 0 110.13
0.0141172 0 110.14
0.013537 0 110.15
0.0131503 0 110.16
0.0127635 0 110.17
0.0125701 0 110.19
0.0121833 0 110.2
0.0117966 0 110.21
0.0112164 0 110.22
0.0106362 0 110.23
0.0102495 0 110.24
0.0098627 0 110.25
0.00947592 0 110.26
0.00908915 0 110.27
0.00889576 0 110.28
0.00850899 0 110.29
0.00812222 0 110.3
0.00792883 0 110.31
0.00734868 0 110.32
0.00715529 0 110.33
0.0069619 0 110.35
0.00657513 0 110.36
0.00638174 0 110.38
0.00618836 0 110.39
0.0056082 0 110.4
0.00502804 0 110.41
0.00483465 0 110.42
0.00444788 0 110.43
0.00386772 0 110.44
0.00367434 0 110.46
0.00348095 0 110.47
0.00328757 0 110.5
0.00309418 0 110.51
0.00270741 0 110.54
0.00232063 0 110.56
0.00193386 0 110.68
0.00174048 0 110.7
0.0013537 0 110.71
0.00116032 0 110.76
0.000966931 0 110.79
0.000773545 0 110.89
0.000580159 0 110.9
0.000386772 0 110.92
0.000193386 0 111.01
0 0 1.79769e+308
