0.706246 253 54.22
0.706053 253 54.24
0.706053 252 54.35
0.706053 251 54.39
0.706053 250 54.4
0.706053 249 54.43
0.706053 248 54.51
0.706053 247 54.52
0.70586 246 54.53
0.705666 246 54.6
0.705473 245 54.61
0.705473 244 54.62
0.705473 243 54.64
0.705473 242 54.65
0.705279 241 54.66
0.705279 239 54.67
0.705086 238 54.68
0.705086 237 54.69
0.704893 237 54.7
0.704699 236 54.71
0.704699 234 54.72
0.704699 232 54.73
0.704699 230 54.75
0.704699 227 54.76
0.704506 225 54.78
0.704313 224 54.79
0.704119 223 54.81
0.704119 222 54.83
0.703926 222 54.84
0.703732 222 54.85
0.703539 219 54.86
0.702959 219 54.87
0.702959 217 54.88
0.702765 215 54.89
0.702572 214 54.91
0.702572 211 54.92
0.702379 209 54.93
0.702379 207 54.95
0.702379 205 54.96
0.701992 201 54.97
0.701798 198 54.98
0.701605 197 54.99
0.701412 196 55
0.701218 195 55.01
0.700251 193 55.02
0.700251 192 55.03
0.700058 189 55.04
0.699865 187 55.05
0.699478 184 55.06
0.699284 183 55.07
0.699284 182 55.08
0.699284 181 55.09
0.698898 180 55.1
0.698704 178 55.12
0.698704 176 55.13
0.697931 171 55.14
0.697157 169 55.15
0.69677 166 55.16
0.696384 164 55.17
0.695804 161 55.18
0.694837 159 55.19
0.69445 156 55.2
0.69445 155 55.21
0.694063 154 55.22
0.693289 153 55.23
0.692903 152 55.24
0.692709 150 55.25
0.692709 148 55.26
0.692516 146 55.27
0.692129 145 55.28
0.691549 143 55.29
0.691356 140 55.3
0.691162 137 55.31
0.690195 136 55.32
0.689809 133 55.33
0.689228 131 55.34
0.688648 128 55.35
0.688261 127 55.36
0.687875 125 55.37
0.687488 123 55.38
0.687101 122 55.39
0.686134 121 55.4
0.684974 117 55.41
0.684587 116 55.42
0.683814 115 55.43
0.683233 114 55.44
0.682266 114 55.45
0.681686 114 55.46
0.680719 114 55.47
0.680333 111 55.48
0.678979 109 55.49
0.678205 108 55.5
0.676658 104 55.51
0.674918 102 55.52
0.673951 100 55.53
0.673371 100 55.54
0.672984 98 55.55
0.671437 95 55.56
0.670277 93 55.57
0.668923 92 55.58
0.667956 91 55.59
0.666796 88 55.6
0.665249 86 55.61
0.663895 86 55.62
0.662348 84 55.63
0.660607 83 55.64
0.659254 83 55.65
0.6579 83 55.66
0.656546 81 55.67
0.655579 79 55.68
0.655192 78 55.69
0.653452 76 55.7
0.650358 74 55.71
0.648424 74 55.72
0.64649 71 55.73
0.64533 71 55.74
0.643589 70 55.75
0.641849 69 55.76
0.639722 69 55.77
0.637594 67 55.78
0.634887 64 55.79
0.634693 63 55.8
0.633533 62 55.81
0.631986 60 55.82
0.630632 57 55.83
0.628505 57 55.84
0.628118 57 55.85
0.625604 57 55.86
0.624251 55 55.87
0.62251 54 55.88
0.620963 53 55.89
0.618449 48 55.9
0.615548 47 55.91
0.612647 46 55.92
0.60936 45 55.93
0.607039 43 55.94
0.605105 42 55.95
0.602785 39 55.96
0.600658 39 55.97
0.59853 39 55.98
0.59679 39 55.99
0.594663 38 56
0.591955 38 56.01
0.590408 36 56.02
0.588281 35 56.03
0.586734 34 56.04
0.584993 32 56.05
0.581899 30 56.06
0.580545 29 56.07
0.578031 29 56.08
0.574937 28 56.09
0.572423 27 56.1
0.569716 25 56.11
0.566235 25 56.12
0.562754 25 56.13
0.559853 24 56.14
0.557339 22 56.15
0.555018 22 56.16
0.552891 22 56.17
0.549604 21 56.18
0.548443 21 56.19
0.546316 20 56.2
0.543222 20 56.21
0.540514 20 56.22
0.538774 18 56.23
0.536453 18 56.24
0.534133 17 56.25
0.531038 17 56.26
0.527171 17 56.27
0.52485 17 56.28
0.521563 15 56.29
0.517888 14 56.3
0.514987 13 56.31
0.510346 13 56.32
0.507252 12 56.33
0.504158 12 56.34
0.49971 12 56.35
0.494102 12 56.36
0.491008 12 56.37
0.4883 11 56.38
0.486173 11 56.39
0.482692 11 56.4
0.478824 10 56.41
0.475923 10 56.42
0.473216 10 56.43
0.470122 10 56.44
0.465481 10 56.45
0.461226 10 56.46
0.456972 10 56.47
0.455618 10 56.48
0.451557 10 56.49
0.446335 10 56.5
0.440727 10 56.51
0.436473 10 56.52
0.432218 9 56.53
0.42777 9 56.54
0.42603 9 56.55
0.422549 9 56.56
0.418294 8 56.57
0.414233 8 56.58
0.411139 7 56.59
0.407851 7 56.6
0.404564 7 56.61
0.399536 7 56.62
0.395281 7 56.63
0.39064 5 56.64
0.387159 5 56.65
0.382711 5 56.66
0.379424 5 56.67
0.374976 5 56.68
0.370721 5 56.69
0.3655 5 56.7
0.361826 5 56.71
0.356991 5 56.72
0.353703 5 56.73
0.349062 4 56.74
0.343647 4 56.75
0.339973 4 56.76
0.335912 4 56.77
0.331464 3 56.78
0.326629 3 56.79
0.322375 3 56.8
0.317927 3 56.81
0.313479 3 56.82
0.308258 3 56.83
0.303616 3 56.84
0.300135 3 56.85
0.297041 3 56.86
0.293173 3 56.87
0.288919 3 56.88
0.285825 3 56.89
0.281184 3 56.9
0.276349 3 56.91
0.270934 2 56.92
0.266293 2 56.93
0.262232 2 56.94
0.258557 2 56.95
0.25469 2 56.96
0.250435 2 56.97
0.247534 2 56.98
0.242893 2 56.99
0.239992 2 57
0.235738 2 57.01
0.23303 2 57.02
0.229163 2 57.03
0.225102 2 57.04
0.22104 2 57.05
0.216206 2 57.06
0.213498 2 57.07
0.210598 2 57.08
0.205183 2 57.09
0.202475 2 57.1
0.198994 2 57.11
0.1959 1 57.12
0.192032 1 57.13
0.188165 1 57.14
0.185071 1 57.15
0.18217 1 57.16
0.178302 1 57.17
0.175208 1 57.18
0.171727 1 57.19
0.16902 1 57.2
0.165152 1 57.21
0.161671 1 57.22
0.159737 1 57.23
0.156643 1 57.24
0.152968 1 57.25
0.150068 1 57.26
0.1462 0 57.27
0.143879 0 57.28
0.141559 0 57.29
0.138078 0 57.3
0.134984 0 57.31
0.131889 0 57.32
0.129375 0 57.33
0.125894 0 57.34
0.122994 0 57.35
0.121253 0 57.36
0.116805 0 57.37
0.113518 0 57.38
0.11139 0 57.39
0.109843 0 57.4
0.107523 0 57.41
0.104235 0 57.42
0.100561 0 57.43
0.0984336 0 57.44
0.095146 0 57.45
0.0932121 0 57.46
0.0903114 0 57.47
0.0881841 0 57.48
0.0864436 0 57.49
0.0843164 0 57.5
0.0821891 0 57.51
0.080642 0 57.52
0.0794817 0 57.53
0.0767743 0 57.54
0.0742603 0 57.55
0.0711661 0 57.56
0.0688455 0 57.57
0.0667182 0 57.58
0.064591 0 57.59
0.062077 0 57.6
0.06111 0 57.61
0.0582092 0 57.62
0.0555018 0 57.63
0.0533746 0 57.64
0.0506672 0 57.65
0.0491201 0 57.66
0.0471862 0 57.67
0.0467995 0 57.68
0.0454458 0 57.69
0.0435119 0 57.7
0.0413846 0 57.71
0.0398376 0 57.72
0.0384839 0 57.73
0.0369368 0 57.74
0.0355831 0 57.75
0.0344227 0 57.76
0.0338426 0 57.77
0.0326823 0 57.78
0.0315219 0 57.79
0.0299749 0 57.8
0.0290079 0 57.81
0.0284278 0 57.82
0.0278476 0 57.83
0.0272675 0 57.84
0.0263005 0 57.85
0.0257204 0 57.86
0.0243667 0 57.87
0.0232063 0 57.88
0.0222394 0 57.89
0.0214659 0 57.9
0.0206923 0 57.91
0.0199188 0 57.92
0.0187585 0 57.93
0.017018 0 57.94
0.0168246 0 57.95
0.0160511 0 57.96
0.0158577 0 57.97
0.0156643 0 57.98
0.014504 0 57.99
0.0141172 0 58
0.0137304 0 58.01
0.0131503 0 58.02
0.0129569 0 58.03
0.0119899 0 58.04
0.0116032 0 58.05
0.0108296 0 58.06
0.0102495 0 58.08
0.00947592 0 58.09
0.00908915 0 58.1
0.00870238 0 58.11
0.00831561 0 58.12
0.00754206 0 58.14
0.00715529 0 58.15
0.00657513 0 58.16
0.00638174 0 58.17
0.00599497 0 58.18
0.00580159 0 58.19
0.0056082 0 58.21
0.00502804 0 58.22
0.00464127 0 58.23
0.0042545 0 58.24
0.00386772 0 58.29
0.00348095 0 58.3
0.00309418 0 58.33
0.00270741 0 58.34
0.00251402 0 58.35
0.00232063 0 58.38
0.00212725 0 58.39
0.00174048 0 58.4
0.00154709 0 58.41
0.0013537 0 58.44
0.000966931 0 58.48
0.000773545 0 58.5
0.000580159 0 58.55
0.000386772 0 58.56
0.000193386 0 58.59
0 0 1.79769e+308
