0.698511 171 54.22
0.698318 171 54.24
0.698318 170 54.53
0.698124 170 54.61
0.698124 169 54.64
0.698124 168 54.65
0.697931 168 54.67
0.697737 167 54.69
0.697544 167 54.7
0.697351 167 54.72
0.697351 166 54.73
0.697351 165 54.75
0.697351 164 54.76
0.697157 164 54.83
0.696964 164 54.85
0.696964 162 54.86
0.696577 162 54.87
0.696577 160 54.88
0.696384 158 54.89
0.696384 157 54.9
0.69619 157 54.91
0.69619 156 54.92
0.695997 156 54.93
0.695997 155 54.95
0.695997 154 54.96
0.695997 151 54.97
0.695804 150 54.98
0.69561 150 54.99
0.69561 149 55
0.69561 148 55.01
0.694643 148 55.02
0.694643 147 55.03
0.694643 145 55.04
0.69445 145 55.05
0.694063 143 55.06
0.694063 142 55.07
0.694063 141 55.08
0.694063 140 55.09
0.694063 139 55.1
0.694063 138 55.12
0.694063 136 55.13
0.693483 132 55.14
0.692903 131 55.16
0.692709 129 55.17
0.692323 126 55.18
0.691356 125 55.19
0.690775 122 55.2
0.690775 121 55.21
0.690389 120 55.22
0.689615 119 55.23
0.689228 118 55.24
0.689035 117 55.25
0.689035 116 55.26
0.688842 114 55.27
0.688455 114 55.28
0.687875 112 55.29
0.687681 109 55.3
0.687488 108 55.31
0.686521 108 55.32
0.686328 108 55.33
0.685747 107 55.34
0.685554 106 55.35
0.685361 105 55.36
0.685167 103 55.37
0.684974 102 55.38
0.684587 102 55.39
0.683814 101 55.4
0.682653 98 55.41
0.682073 98 55.42
0.6813 96 55.43
0.681106 96 55.44
0.680139 96 55.45
0.679559 96 55.46
0.678592 96 55.47
0.678205 93 55.48
0.676852 92 55.49
0.676078 91 55.5
0.674724 90 55.51
0.673177 88 55.52
0.67221 87 55.53
0.671824 87 55.54
0.671437 86 55.55
0.670277 84 55.56
0.669116 82 55.57
0.667763 81 55.58
0.666989 81 55.59
0.665829 78 55.6
0.664282 76 55.61
0.663121 76 55.62
0.661768 74 55.63
0.660607 74 55.64
0.659447 74 55.65
0.658093 74 55.66
0.65674 72 55.67
0.655773 71 55.68
0.655386 69 55.69
0.653839 68 55.7
0.650745 67 55.71
0.648811 67 55.72
0.64707 64 55.73
0.64591 64 55.74
0.644169 63 55.75
0.642429 62 55.76
0.640108 62 55.77
0.638174 60 55.78
0.635467 59 55.79
0.635274 58 55.8
0.63392 57 55.81
0.632566 55 55.82
0.631213 54 55.83
0.629279 54 55.84
0.628892 54 55.85
0.626184 54 55.86
0.624637 52 55.87
0.62309 51 55.88
0.621543 50 55.89
0.618836 46 55.9
0.615742 45 55.91
0.612841 44 55.92
0.609553 43 55.93
0.607233 41 55.94
0.605299 40 55.95
0.602978 37 55.96
0.600851 37 55.97
0.598724 37 55.98
0.59679 37 55.99
0.594663 36 56
0.591955 36 56.01
0.590215 35 56.02
0.587894 34 56.03
0.58654 33 56.04
0.584606 31 56.05
0.581512 29 56.06
0.580739 28 56.07
0.578225 28 56.08
0.575324 27 56.09
0.57281 26 56.1
0.570296 24 56.11
0.567008 24 56.12
0.563721 24 56.13
0.561013 23 56.14
0.558499 21 56.15
0.556179 21 56.16
0.554051 21 56.17
0.550764 20 56.18
0.549604 20 56.19
0.547283 19 56.2
0.544189 19 56.21
0.541675 19 56.22
0.539934 17 56.23
0.537807 17 56.24
0.535486 16 56.25
0.532392 16 56.26
0.528524 16 56.27
0.526204 16 56.28
0.522916 14 56.29
0.519435 13 56.3
0.516535 13 56.31
0.5117 13 56.32
0.508606 12 56.33
0.505318 12 56.34
0.50087 12 56.35
0.495262 12 56.36
0.492168 12 56.37
0.48946 11 56.38
0.487333 11 56.39
0.484046 11 56.4
0.480178 10 56.41
0.477277 10 56.42
0.47457 10 56.43
0.471476 10 56.44
0.466834 10 56.45
0.46258 10 56.46
0.458519 10 56.47
0.457165 10 56.48
0.453104 10 56.49
0.447882 10 56.5
0.442274 10 56.51
0.437826 10 56.52
0.433572 9 56.53
0.429124 9 56.54
0.427383 9 56.55
0.423903 9 56.56
0.419648 8 56.57
0.415587 8 56.58
0.412686 7 56.59
0.409399 7 56.6
0.406111 7 56.61
0.401083 7 56.62
0.396635 7 56.63
0.391994 5 56.64
0.388513 5 56.65
0.383872 5 56.66
0.380391 5 56.67
0.375943 5 56.68
0.371688 5 56.69
0.366467 5 56.7
0.362792 5 56.71
0.357958 5 56.72
0.35467 5 56.73
0.350029 4 56.74
0.344614 4 56.75
0.34094 4 56.76
0.336879 4 56.77
0.332237 3 56.78
0.327403 3 56.79
0.323148 3 56.8
0.3187 3 56.81
0.314253 3 56.82
0.309031 3 56.83
0.304583 3 56.84
0.300909 3 56.85
0.297815 3 56.86
0.293947 3 56.87
0.289693 3 56.88
0.286405 3 56.89
0.281764 3 56.9
0.276929 3 56.91
0.271514 2 56.92
0.266873 2 56.93
0.262812 2 56.94
0.259137 2 56.95
0.25527 2 56.96
0.251015 2 56.97
0.248114 2 56.98
0.243473 2 56.99
0.240572 2 57
0.236318 2 57.01
0.233611 2 57.02
0.229743 2 57.03
0.225682 2 57.04
0.221621 2 57.05
0.216786 2 57.06
0.214079 2 57.07
0.211178 2 57.08
0.205763 2 57.09
0.203056 2 57.1
0.199575 2 57.11
0.19648 1 57.12
0.192419 1 57.13
0.188552 1 57.14
0.185457 1 57.15
0.182557 1 57.16
0.178689 1 57.17
0.175595 1 57.18
0.172114 1 57.19
0.169406 1 57.2
0.165539 1 57.21
0.162058 1 57.22
0.160124 1 57.23
0.15703 1 57.24
0.153355 1 57.25
0.150454 1 57.26
0.146587 0 57.27
0.144266 0 57.28
0.141945 0 57.29
0.138465 0 57.3
0.13537 0 57.31
0.132276 0 57.32
0.129762 0 57.33
0.126281 0 57.34
0.12338 0 57.35
0.12164 0 57.36
0.117192 0 57.37
0.113904 0 57.38
0.111777 0 57.39
0.11023 0 57.4
0.107909 0 57.41
0.104622 0 57.42
0.100948 0 57.43
0.0988203 0 57.44
0.0955328 0 57.45
0.0935989 0 57.46
0.0906981 0 57.47
0.0885709 0 57.48
0.086637 0 57.49
0.0845098 0 57.5
0.0823825 0 57.51
0.080642 0 57.52
0.0794817 0 57.53
0.0767743 0 57.54
0.0742603 0 57.55
0.0711661 0 57.56
0.0688455 0 57.57
0.0667182 0 57.58
0.064591 0 57.59
0.062077 0 57.6
0.06111 0 57.61
0.0582092 0 57.62
0.0555018 0 57.63
0.0533746 0 57.64
0.0506672 0 57.65
0.0491201 0 57.66
0.0471862 0 57.67
0.0467995 0 57.68
0.0454458 0 57.69
0.0435119 0 57.7
0.0413846 0 57.71
0.0398376 0 57.72
0.0384839 0 57.73
0.0369368 0 57.74
0.0355831 0 57.75
0.0344227 0 57.76
0.0338426 0 57.77
0.0326823 0 57.78
0.0315219 0 57.79
0.0299749 0 57.8
0.0290079 0 57.81
0.0284278 0 57.82
0.0278476 0 57.83
0.0272675 0 57.84
0.0263005 0 57.85
0.0257204 0 57.86
0.0243667 0 57.87
0.0232063 0 57.88
0.0222394 0 57.89
0.0214659 0 57.9
0.0206923 0 57.91
0.0199188 0 57.92
0.0187585 0 57.93
0.017018 0 57.94
0.0168246 0 57.95
0.0160511 0 57.96
0.0158577 0 57.97
0.0156643 0 57.98
0.014504 0 57.99
0.0141172 0 58
0.0137304 0 58.01
0.0131503 0 58.02
0.0129569 0 58.03
0.0119899 0 58.04
0.0116032 0 58.05
0.0108296 0 58.06
0.0102495 0 58.08
0.00947592 0 58.09
0.00908915 0 58.1
0.00870238 0 58.11
0.00831561 0 58.12
0.00754206 0 58.14
0.00715529 0 58.15
0.00657513 0 58.16
0.00638174 0 58.17
0.00599497 0 58.18
0.00580159 0 58.19
0.0056082 0 58.21
0.00502804 0 58.22
0.00464127 0 58.23
0.0042545 0 58.24
0.00386772 0 58.29
0.00348095 0 58.3
0.00309418 0 58.33
0.00270741 0 58.34
0.00251402 0 58.35
0.00232063 0 58.38
0.00212725 0 58.39
0.00174048 0 58.4
0.00154709 0 58.41
0.0013537 0 58.44
0.000966931 0 58.48
0.000773545 0 58.5
0.000580159 0 58.55
0.000386772 0 58.56
0.000193386 0 58.59
0 0 1.79769e+308
