0.421794 71
0.421794 70
0.421658 70
0.421533 70
0.421418 70
0.421301 70
0.421301 69
0.421301 68
0.421171 68
0.421154 67
0.421043 67
0.420887 67
0.42065 67
0.420561 66
0.420404 63
0.420268 63
0.420146 63
0.420029 63
0.419894 62
0.41956 61
0.41932 61
0.418988 60
0.418859 59
0.418603 58
0.418252 58
0.417763 58
0.417626 58
0.417172 57
0.416903 56
0.41677 56
0.41677 55
0.41668 54
0.416415 54
0.415984 52
0.415868 52
0.415383 52
0.415027 52
0.414907 52
0.414539 50
0.413715 50
0.413591 50
0.41315 48
0.412686 47
0.412033 47
0.411903 47
0.411402 47
0.41091 47
0.41016 47
0.409588 47
0.409346 47
0.409204 47
0.408454 47
0.408245 47
0.407508 46
0.407095 46
0.406242 46
0.405577 46
0.405243 44
0.404967 44
0.404365 43
0.404019 42
0.403254 42
0.402508 42
0.401871 42
0.400701 42
0.399819 42
0.399375 41
0.398173 40
0.397156 40
0.395942 40
0.394999 39
0.393514 39
0.39265 39
0.391783 39
0.390911 39
0.389613 38
0.388717 37
0.387781 37
0.386915 37
0.386039 36
0.385242 35
0.384635 35
0.384013 35
0.383065 35
0.38154 35
0.380901 35
0.380071 34
0.378638 34
0.37746 33
0.376314 33
0.375778 32
0.374411 32
0.372959 31
0.371834 31
0.371183 31
0.369927 31
0.368542 31
0.367398 30
0.36587 29
0.365002 28
0.363318 28
0.361806 27
0.360105 27
0.358347 27
0.357088 26
0.355331 25
0.353798 22
0.35276 21
0.351327 21
0.350057 20
0.347754 20
0.346864 20
0.345331 20
0.343323 20
0.341814 18
0.339619 18
0.337737 18
0.335952 17
0.333529 17
0.331834 17
0.33059 17
0.328603 16
0.326203 14
0.323092 14
0.320858 12
0.318478 12
0.316712 12
0.313209 12
0.311687 12
0.309207 12
0.30725 11
0.305358 11
0.302825 11
0.299935 11
0.298298 11
0.296023 11
0.292843 11
0.291095 10
0.288563 9
0.286287 9
0.284286 9
0.282823 9
0.280322 9
0.277817 8
0.276416 8
0.273689 8
0.270934 8
0.268907 8
0.266825 8
0.265299 8
0.263904 8
0.261058 8
0.258425 8
0.256158 8
0.253823 8
0.251035 8
0.248483 8
0.246712 7
0.243846 6
0.241951 6
0.238487 5
0.236222 4
0.233005 4
0.230709 4
0.228819 4
0.226478 4
0.224468 4
0.220833 4
0.218166 4
0.214918 4
0.212564 4
0.209583 4
0.204988 4
0.202535 3
0.200603 3
0.197638 3
0.194887 2
0.19296 2
0.190289 2
0.188634 2
0.185715 2
0.183173 2
0.180386 2
0.177821 2
0.174994 2
0.172451 2
0.169762 2
0.167773 2
0.165935 2
0.164095 2
0.161457 2
0.159661 2
0.157634 2
0.155515 1
0.152791 1
0.150485 1
0.148826 1
0.147247 0
0.144704 0
0.142181 0
0.140477 0
0.137421 0
0.134662 0
0.132763 0
0.131075 0
0.129071 0
0.126997 0
0.124534 0
0.121709 0
0.118635 0
0.116358 0
0.113856 0
0.111988 0
0.110453 0
0.108317 0
0.106247 0
0.103153 0
0.101586 0
0.100136 0
0.0990073 0
0.0974328 0
0.0961143 0
0.0944694 0
0.0925857 0
0.090794 0
0.0886198 0
0.0875983 0
0.0865989 0
0.0857209 0
0.08408 0
0.082552 0
0.0813907 0
0.079053 0
0.0770176 0
0.0751204 0
0.074366 0
0.07308 0
0.0711345 0
0.0679999 0
0.0669706 0
0.0657714 0
0.0642445 0
0.0629442 0
0.0616646 0
0.0600002 0
0.0585872 0
0.057446 0
0.0559176 0
0.054089 0
0.0531814 0
0.0517614 0
0.0502172 0
0.048909 0
0.0476234 0
0.0466141 0
0.045988 0
0.0448435 0
0.0440655 0
0.0426641 0
0.0413568 0
0.0399457 0
0.0382906 0
0.0374972 0
0.0361873 0
0.0350509 0
0.0343906 0
0.0337701 0
0.0332551 0
0.0324689 0
0.0311407 0
0.030258 0
0.0296002 0
0.0278979 0
0.0271327 0
0.0258884 0
0.0252558 0
0.0242026 0
0.0231565 0
0.0225124 0
0.022002 0
0.0217556 0
0.0215066 0
0.0208896 0
0.0201236 0
0.0199938 0
0.0190945 0
0.0188335 0
0.0184376 0
0.0176512 0
0.0170148 0
0.0162379 0
0.0155683 0
0.0147733 0
0.0141309 0
0.0137168 0
0.0130915 0
0.0123415 0
0.0120783 0
0.0116846 0
0.0109115 0
0.0106497 0
0.010133 0
0.00985342 0
0.00958965 0
0.00945608 0
0.00919724 0
0.00855042 0
0.00790836 0
0.00724782 0
0.00712157 0
0.00700598 0
0.00675086 0
0.00661507 0
0.00647368 0
0.00619818 0
0.00594671 0
0.0056802 0
0.00540475 0
0.00502251 0
0.0048947 0
0.00477336 0
0.00465088 0
0.00390092 0
0.00377076 0
0.00311989 0
0.00299008 0
0.00273865 0
0.00260415 0
0.00247857 0
0.00222319 0
0.0020894 0
0.00184077 0
0.00170786 0
0.00158167 0
0.0013171 0
0.00118504 0
0.00092636 0
0.000787969 0
0.000658487 0
0.000521702 0
0.000402937 0
0.000264001 0
0.000127951 0
0 0
