0.643589 75 54.36
0.643589 74 54.62
0.643396 74 54.74
0.643009 74 54.76
0.642816 74 54.79
0.642622 74 54.89
0.642429 74 54.92
0.642236 74 54.96
0.642042 74 54.98
0.641849 74 55
0.641655 73 55.01
0.641655 72 55.04
0.641462 72 55.06
0.641462 70 55.08
0.641269 70 55.1
0.641269 69 55.11
0.641075 69 55.12
0.640688 69 55.13
0.640688 68 55.15
0.640495 68 55.17
0.640302 68 55.18
0.639915 68 55.19
0.639915 66 55.2
0.639722 66 55.21
0.638948 64 55.22
0.638368 63 55.23
0.638368 62 55.24
0.638174 62 55.25
0.637788 62 55.26
0.637014 62 55.27
0.636627 62 55.28
0.635854 61 55.29
0.6345 61 55.3
0.633533 61 55.31
0.633533 60 55.32
0.63334 59 55.33
0.632566 59 55.34
0.631793 59 55.35
0.631599 59 55.36
0.630826 58 55.37
0.630439 58 55.38
0.630052 57 55.39
0.629665 57 55.4
0.629279 57 55.41
0.628699 56 55.42
0.627925 56 55.43
0.626765 56 55.45
0.625798 56 55.46
0.624831 56 55.47
0.624251 56 55.48
0.62309 55 55.49
0.622317 55 55.5
0.621156 54 55.51
0.620383 53 55.52
0.619029 53 55.53
0.618836 53 55.54
0.617869 53 55.55
0.617289 53 55.56
0.616515 52 55.57
0.615548 52 55.58
0.614195 50 55.59
0.612454 50 55.6
0.6111 50 55.61
0.60936 50 55.62
0.608006 49 55.63
0.607039 48 55.64
0.605492 48 55.65
0.604719 48 55.66
0.602398 48 55.67
0.601044 47 55.68
0.599497 47 55.69
0.598337 47 55.7
0.59737 47 55.71
0.595823 46 55.72
0.594276 46 55.73
0.593115 46 55.74
0.591568 46 55.75
0.590215 46 55.76
0.588087 46 55.77
0.586734 45 55.78
0.584606 43 55.79
0.581319 41 55.8
0.579578 40 55.81
0.577064 40 55.82
0.57455 40 55.83
0.57281 40 55.84
0.571456 40 55.85
0.569909 39 55.86
0.568362 37 55.87
0.566428 36 55.88
0.563914 34 55.89
0.563141 33 55.9
0.559273 32 55.91
0.555985 32 55.92
0.554245 32 55.93
0.551924 32 55.94
0.549797 32 55.95
0.548056 31 55.96
0.544962 30 55.97
0.543802 30 55.98
0.542061 29 55.99
0.540321 27 56
0.538387 26 56.01
0.537033 26 56.02
0.534133 26 56.03
0.531038 25 56.04
0.528331 24 56.05
0.52601 22 56.06
0.523496 22 56.07
0.520402 21 56.08
0.518468 21 56.09
0.514407 21 56.1
0.510733 21 56.11
0.508992 20 56.12
0.506478 18 56.13
0.503771 18 56.14
0.50087 18 56.15
0.497969 18 56.16
0.495649 18 56.17
0.493908 18 56.18
0.491781 18 56.19
0.488687 18 56.2
0.484819 16 56.21
0.480565 16 56.22
0.477664 16 56.23
0.47457 16 56.24
0.472442 16 56.25
0.468768 16 56.26
0.464707 16 56.27
0.461806 16 56.28
0.459292 15 56.29
0.455811 14 56.3
0.452524 13 56.31
0.447689 13 56.32
0.445368 13 56.33
0.443241 13 56.34
0.43918 12 56.35
0.436666 12 56.36
0.433378 12 56.37
0.431831 12 56.38
0.42777 11 56.39
0.424289 10 56.4
0.420422 10 56.41
0.41578 8 56.42
0.411913 8 56.43
0.409205 8 56.44
0.405144 7 56.45
0.400309 7 56.46
0.397022 7 56.47
0.393734 7 56.48
0.389093 7 56.49
0.384065 7 56.5
0.380584 7 56.51
0.377296 7 56.52
0.373429 7 56.53
0.369561 7 56.54
0.365693 7 56.55
0.362212 7 56.56
0.359698 7 56.57
0.354477 7 56.58
0.349062 7 56.59
0.345775 7 56.6
0.34094 7 56.61
0.335912 7 56.62
0.331077 7 56.63
0.326243 7 56.64
0.321988 7 56.65
0.317927 7 56.66
0.313286 7 56.67
0.309611 7 56.68
0.30613 6 56.69
0.300522 6 56.7
0.295881 6 56.71
0.291046 6 56.72
0.285245 6 56.73
0.280217 6 56.74
0.276349 5 56.75
0.273061 5 56.76
0.270161 5 56.77
0.267066 5 56.78
0.262232 4 56.79
0.257397 4 56.8
0.254883 4 56.81
0.250435 3 56.82
0.246181 3 56.83
0.241346 3 56.84
0.239025 3 56.85
0.235738 2 56.86
0.232063 2 56.87
0.228389 2 56.88
0.223554 2 56.89
0.22046 2 56.9
0.216012 2 56.91
0.209824 2 56.92
0.205183 2 56.93
0.202475 2 56.94
0.198994 2 56.95
0.195127 2 56.96
0.192032 2 56.97
0.187778 2 56.98
0.18217 2 56.99
0.178495 2 57
0.175788 2 57.01
0.171727 2 57.02
0.168439 2 57.03
0.166699 2 57.04
0.163411 1 57.05
0.160317 1 57.06
0.157997 1 57.07
0.154902 1 57.08
0.152195 1 57.09
0.150068 1 57.1
0.147167 0 57.11
0.144459 0 57.12
0.140785 0 57.13
0.137884 0 57.14
0.135177 0 57.15
0.13247 0 57.16
0.129762 0 57.17
0.127055 0 57.18
0.123767 0 57.19
0.121447 0 57.2
0.118739 0 57.21
0.116032 0 57.22
0.114291 0 57.23
0.110617 0 57.24
0.108103 0 57.25
0.105976 0 57.26
0.104235 0 57.27
0.101721 0 57.28
0.098627 0 57.29
0.0966931 0 57.3
0.0945658 0 57.31
0.0930188 0 57.32
0.0903114 0 57.33
0.0877973 0 57.34
0.0860569 0 57.35
0.0847032 0 57.36
0.0823825 0 57.37
0.0798685 0 57.38
0.0775479 0 57.39
0.0761942 0 57.4
0.0748405 0 57.41
0.0723264 0 57.42
0.0701992 0 57.43
0.0680719 0 57.44
0.0665249 0 57.45
0.064591 0 57.46
0.0616902 0 57.47
0.0605299 0 57.48
0.0593696 0 57.49
0.0574357 0 57.5
0.0555018 0 57.51
0.053568 0 57.52
0.0524077 0 57.53
0.0506672 0 57.54
0.0493135 0 57.55
0.0489267 0 57.56
0.0477664 0 57.57
0.0464127 0 57.58
0.0448656 0 57.59
0.0433185 0 57.6
0.042545 0 57.61
0.041578 0 57.62
0.0394508 0 57.63
0.0379037 0 57.64
0.0371301 0 57.65
0.03655 0 57.66
0.0355831 0 57.67
0.0342294 0 57.68
0.0332624 0 57.69
0.0328757 0 57.7
0.0309418 0 57.71
0.0301682 0 57.72
0.0292013 0 57.73
0.0278476 0 57.74
0.0266873 0 57.75
0.0259137 0 57.76
0.0247534 0 57.77
0.0239799 0 57.78
0.0224328 0 57.79
0.0204989 0 57.8
0.0191452 0 57.81
0.0189518 0 57.82
0.0185651 0 57.83
0.0175981 0 57.84
0.0172114 0 57.85
0.0164378 0 57.86
0.0154709 0 57.87
0.0146974 0 57.88
0.0143106 0 57.89
0.0139238 0 57.9
0.0137304 0 57.91
0.0133436 0 57.92
0.0125701 0 57.93
0.0116032 0 57.94
0.0114098 0 57.95
0.011023 0 57.96
0.0108296 0 57.97
0.0102495 0 57.98
0.00947592 0 57.99
0.00889576 0 58.01
0.00870238 0 58.02
0.00812222 0 58.03
0.00773545 0 58.04
0.0069619 0 58.05
0.00599497 0 58.06
0.00580159 0 58.08
0.00541481 0 58.09
0.00502804 0 58.11
0.00464127 0 58.14
0.0042545 0 58.15
0.00386772 0 58.16
0.00328757 0 58.18
0.00309418 0 58.19
0.00290079 0 58.2
0.00270741 0 58.22
0.00251402 0 58.23
0.00232063 0 58.24
0.00193386 0 58.25
0.00174048 0 58.29
0.00154709 0 58.32
0.0013537 0 58.38
0.00116032 0 58.39
0.000966931 0 58.5
0.000773545 0 58.51
0.000580159 0 58.54
0.000386772 0 58.55
0.000193386 0 58.68
0 0 1.79769e+308
