0.621543 61 106.46
0.62135 61 106.64
0.621156 61 106.68
0.620963 61 106.81
0.62077 61 106.84
0.62077 60 106.95
0.620383 60 106.96
0.620383 59 106.98
0.620383 56 107.02
0.62019 56 107.03
0.619996 56 107.05
0.619996 55 107.06
0.619609 55 107.07
0.619416 55 107.08
0.619223 54 107.1
0.619223 53 107.12
0.618836 53 107.14
0.618256 53 107.15
0.617869 53 107.16
0.617675 53 107.17
0.617095 53 107.18
0.616709 53 107.19
0.616515 53 107.21
0.616515 52 107.22
0.616515 51 107.23
0.616128 51 107.24
0.615548 49 107.27
0.614775 49 107.28
0.614195 49 107.29
0.614001 49 107.3
0.613421 47 107.31
0.612261 47 107.32
0.612067 47 107.33
0.611874 45 107.34
0.611294 44 107.35
0.61052 44 107.37
0.609747 44 107.38
0.608973 44 107.39
0.608006 44 107.4
0.607426 44 107.41
0.607039 44 107.42
0.606846 44 107.43
0.605879 43 107.44
0.605492 43 107.45
0.604719 42 107.46
0.604138 42 107.47
0.602785 42 107.48
0.601818 42 107.49
0.601431 40 107.5
0.601044 40 107.51
0.600271 39 107.52
0.599691 38 107.53
0.598724 38 107.54
0.597757 38 107.55
0.59679 38 107.56
0.594856 38 107.57
0.593889 38 107.58
0.593309 38 107.59
0.591762 37 107.6
0.590601 37 107.61
0.588861 37 107.62
0.587507 36 107.63
0.585187 36 107.64
0.583833 36 107.65
0.582866 36 107.66
0.581706 36 107.67
0.579772 35 107.68
0.578611 34 107.69
0.577258 34 107.7
0.575904 34 107.71
0.574744 33 107.72
0.573583 32 107.73
0.57281 32 107.74
0.571843 32 107.75
0.570296 32 107.76
0.568169 32 107.77
0.567202 32 107.78
0.566041 31 107.79
0.563914 31 107.8
0.562174 30 107.81
0.560433 30 107.82
0.55966 30 107.83
0.557726 30 107.84
0.555792 29 107.85
0.554051 29 107.86
0.553085 29 107.87
0.551151 29 107.88
0.549023 29 107.89
0.547476 29 107.9
0.545349 28 107.91
0.544189 27 107.92
0.541481 27 107.93
0.539547 26 107.94
0.53684 26 107.95
0.534326 26 107.96
0.532586 25 107.97
0.529878 24 107.98
0.527751 21 107.99
0.526204 20 108
0.524077 20 108.01
0.522336 19 108.02
0.519049 19 108.03
0.517695 19 108.04
0.515374 19 108.05
0.51228 19 108.06
0.510153 18 108.07
0.507059 18 108.08
0.504545 18 108.09
0.501837 17 108.1
0.498163 17 108.11
0.496036 17 108.12
0.494295 17 108.13
0.491588 16 108.14
0.488107 14 108.15
0.483272 14 108.16
0.480178 12 108.17
0.476504 12 108.18
0.47399 12 108.19
0.468962 12 108.2
0.467028 12 108.21
0.46316 12 108.22
0.460259 11 108.23
0.457358 11 108.24
0.453491 11 108.25
0.449236 11 108.26
0.446722 11 108.27
0.443241 11 108.28
0.4386 11 108.29
0.436086 10 108.3
0.432218 9 108.31
0.428931 9 108.32
0.42603 9 108.33
0.423709 9 108.34
0.419841 9 108.35
0.41636 8 108.36
0.414427 8 108.37
0.410365 8 108.38
0.406111 8 108.39
0.403017 8 108.4
0.399729 8 108.41
0.397409 8 108.42
0.395088 8 108.43
0.390833 8 108.44
0.386966 8 108.45
0.383485 8 108.46
0.37981 8 108.47
0.375749 8 108.48
0.372268 8 108.49
0.369754 7 108.5
0.365307 6 108.51
0.362599 6 108.52
0.357378 5 108.53
0.35409 4 108.54
0.349255 4 108.55
0.345775 4 108.56
0.342874 4 108.57
0.339393 4 108.58
0.336299 4 108.59
0.33069 4 108.6
0.326823 4 108.61
0.322181 4 108.62
0.318507 4 108.63
0.314253 4 108.64
0.307291 4 108.65
0.30381 3 108.66
0.300909 3 108.67
0.296461 3 108.68
0.2924 2 108.69
0.289499 2 108.7
0.285438 2 108.71
0.282924 2 108.72
0.278476 2 108.73
0.274608 2 108.74
0.270547 2 108.75
0.26668 2 108.76
0.262425 2 108.77
0.258557 2 108.78
0.254496 2 108.79
0.251595 2 108.8
0.248888 2 108.81
0.246181 2 108.82
0.24212 2 108.83
0.239412 2 108.84
0.236318 2 108.85
0.233224 1 108.86
0.229163 1 108.87
0.225682 1 108.88
0.223168 1 108.89
0.220847 0 108.9
0.216979 0 108.91
0.213112 0 108.92
0.210598 0 108.93
0.205956 0 108.94
0.201895 0 108.95
0.199381 0 108.96
0.196867 0 108.97
0.193773 0 108.98
0.190679 0 108.99
0.187004 0 109
0.18275 0 109.01
0.178109 0 109.02
0.174628 0 109.03
0.17076 0 109.04
0.167859 0 109.05
0.165539 0 109.06
0.162251 0 109.07
0.159157 0 109.08
0.154516 0 109.09
0.152195 0 109.1
0.150068 0 109.11
0.148327 0 109.12
0.146007 0 109.13
0.144073 0 109.14
0.141559 0 109.15
0.138658 0 109.16
0.13595 0 109.17
0.132663 0 109.18
0.131116 0 109.19
0.129569 0 109.2
0.128215 0 109.21
0.125701 0 109.22
0.12338 0 109.23
0.12164 0 109.24
0.118159 0 109.25
0.115065 0 109.26
0.112164 0 109.27
0.111004 0 109.28
0.10907 0 109.29
0.106169 0 109.3
0.101528 0 109.31
0.100174 0 109.32
0.0984336 0 109.33
0.0961129 0 109.34
0.0941791 0 109.35
0.0922452 0 109.36
0.0899246 0 109.37
0.0877973 0 109.38
0.0860569 0 109.39
0.0837362 0 109.4
0.0810288 0 109.41
0.0796751 0 109.42
0.0775479 0 109.43
0.0752272 0 109.44
0.0732934 0 109.45
0.0713595 0 109.46
0.0698124 0 109.47
0.0688455 0 109.48
0.067105 0 109.49
0.0659447 0 109.5
0.0638174 0 109.51
0.0618836 0 109.52
0.0597563 0 109.53
0.0572423 0 109.54
0.056082 0 109.55
0.0541481 0 109.56
0.0524077 0 109.57
0.0514407 0 109.58
0.0504738 0 109.59
0.0497003 0 109.6
0.0485399 0 109.61
0.0466061 0 109.62
0.0452524 0 109.63
0.0442854 0 109.64
0.0417714 0 109.65
0.0406111 0 109.66
0.0386772 0 109.67
0.0377103 0 109.68
0.0361632 0 109.69
0.0346161 0 109.7
0.0336492 0 109.71
0.0328757 0 109.72
0.0324889 0 109.73
0.0321021 0 109.74
0.0311352 0 109.75
0.0299749 0 109.76
0.0297815 0 109.77
0.0284278 0 109.78
0.028041 0 109.79
0.0274608 0 109.8
0.0263005 0 109.81
0.0253336 0 109.82
0.0241733 0 109.83
0.0232063 0 109.84
0.022046 0 109.85
0.0210791 0 109.86
0.0204989 0 109.87
0.019532 0 109.88
0.0183717 0 109.9
0.0179849 0 109.91
0.0174048 0 109.92
0.0162444 0 109.93
0.0158577 0 109.94
0.0150841 0 109.95
0.0146974 0 109.96
0.0143106 0 109.98
0.0141172 0 110
0.0137304 0 110.01
0.0127635 0 110.02
0.0117966 0 110.03
0.0108296 0 110.04
0.0106362 0 110.06
0.0104429 0 110.07
0.0100561 0 110.08
0.0098627 0 110.09
0.00966931 0 110.1
0.00928254 0 110.11
0.00889576 0 110.12
0.00850899 0 110.13
0.00812222 0 110.14
0.00754206 0 110.15
0.00734868 0 110.16
0.00715529 0 110.18
0.0069619 0 110.2
0.00580159 0 110.22
0.0056082 0 110.23
0.00464127 0 110.26
0.00444788 0 110.28
0.00406111 0 110.3
0.00386772 0 110.35
0.00367434 0 110.37
0.00328757 0 110.41
0.00309418 0 110.43
0.00270741 0 110.44
0.00251402 0 110.45
0.00232063 0 110.46
0.00193386 0 110.47
0.00174048 0 110.48
0.0013537 0 110.56
0.00116032 0 110.64
0.000966931 0 110.65
0.000773545 0 110.66
0.000580159 0 110.92
0.000386772 0 110.99
0.000193386 0 111.01
0 0 1.79769e+308
