0.710307 107 106.29
0.710307 106 106.53
0.710307 105 106.54
0.710307 104 106.59
0.710307 103 106.61
0.710307 102 106.62
0.710114 102 106.63
0.709921 102 106.65
0.709727 102 106.67
0.709727 101 106.69
0.709534 101 106.7
0.709341 100 106.72
0.709147 100 106.73
0.708954 100 106.76
0.70876 100 106.8
0.708374 100 106.83
0.70818 100 106.85
0.707987 100 106.86
0.707793 99 106.87
0.707793 98 106.89
0.707793 97 106.9
0.7076 96 106.92
0.707407 96 106.93
0.707213 96 106.94
0.70702 96 106.95
0.706827 96 106.96
0.70644 96 106.97
0.706053 93 106.98
0.705666 93 106.99
0.705279 93 107.01
0.704893 92 107.03
0.704893 90 107.05
0.704506 89 107.06
0.704313 86 107.07
0.704313 85 107.08
0.703539 85 107.1
0.703346 85 107.11
0.703152 85 107.12
0.702959 85 107.13
0.702572 85 107.14
0.701992 84 107.15
0.701605 84 107.16
0.701412 83 107.17
0.701218 82 107.18
0.700832 80 107.19
0.700638 80 107.2
0.700058 79 107.21
0.699284 78 107.22
0.698704 76 107.23
0.698124 76 107.24
0.697544 76 107.25
0.697157 75 107.26
0.69677 74 107.27
0.695997 73 107.28
0.695804 73 107.29
0.69503 72 107.3
0.694256 71 107.31
0.69387 69 107.32
0.693289 68 107.33
0.693096 67 107.34
0.692709 67 107.35
0.692129 66 107.36
0.691356 65 107.37
0.690775 64 107.38
0.689809 64 107.39
0.689615 64 107.4
0.689228 63 107.41
0.689035 63 107.42
0.688648 62 107.43
0.688261 61 107.44
0.688068 60 107.45
0.687101 60 107.46
0.686328 59 107.47
0.685554 59 107.48
0.684974 57 107.49
0.684394 54 107.5
0.68362 53 107.51
0.682653 53 107.52
0.682073 53 107.53
0.681493 53 107.54
0.680719 53 107.55
0.679946 52 107.56
0.679366 51 107.57
0.678786 50 107.58
0.677625 50 107.59
0.676465 50 107.6
0.675111 48 107.61
0.674144 48 107.62
0.673177 48 107.63
0.672017 48 107.64
0.671243 46 107.65
0.67047 46 107.66
0.669503 45 107.67
0.667956 45 107.68
0.666989 45 107.69
0.666409 45 107.7
0.664475 45 107.71
0.662541 45 107.72
0.660607 45 107.73
0.659447 43 107.74
0.657513 42 107.75
0.656159 41 107.76
0.654612 41 107.77
0.651325 41 107.78
0.650164 41 107.79
0.648617 41 107.8
0.64765 41 107.81
0.646297 41 107.82
0.644943 39 107.83
0.642622 39 107.84
0.641655 38 107.85
0.640688 37 107.86
0.639141 35 107.87
0.636627 35 107.88
0.63508 35 107.89
0.632179 34 107.9
0.630826 32 107.91
0.629279 32 107.92
0.627538 32 107.93
0.625411 31 107.94
0.623477 29 107.95
0.62135 29 107.96
0.617675 27 107.97
0.616902 27 107.98
0.614388 26 107.99
0.611487 26 108
0.60936 24 108.01
0.607813 22 108.02
0.605105 22 108.03
0.603752 21 108.04
0.602011 19 108.05
0.600464 18 108.06
0.59621 18 108.07
0.594469 18 108.08
0.593696 18 108.09
0.591762 18 108.1
0.589635 17 108.11
0.586927 16 108.12
0.584993 16 108.13
0.581706 15 108.14
0.578031 15 108.15
0.576097 15 108.16
0.573777 13 108.17
0.570683 13 108.18
0.567395 13 108.19
0.563721 13 108.2
0.5614 13 108.21
0.559273 12 108.22
0.555599 12 108.23
0.551731 12 108.24
0.549023 12 108.25
0.544962 12 108.26
0.541675 11 108.27
0.539161 10 108.28
0.536647 10 108.29
0.532972 10 108.3
0.530072 10 108.31
0.526977 10 108.32
0.52369 10 108.33
0.520402 9 108.34
0.518082 9 108.35
0.513634 9 108.36
0.510346 9 108.37
0.507252 9 108.38
0.503771 9 108.39
0.500483 8 108.4
0.497776 8 108.41
0.493715 8 108.42
0.491008 8 108.43
0.488107 8 108.44
0.484626 8 108.45
0.481338 8 108.46
0.477664 8 108.47
0.472442 7 108.48
0.468962 7 108.49
0.465867 6 108.5
0.46258 6 108.51
0.459099 6 108.52
0.455424 5 108.53
0.452524 5 108.54
0.447109 5 108.55
0.442854 5 108.56
0.438987 4 108.57
0.433765 4 108.58
0.430864 4 108.59
0.426223 3 108.6
0.424096 3 108.61
0.421389 3 108.62
0.415974 3 108.63
0.41288 3 108.64
0.408238 3 108.65
0.404564 2 108.66
0.398762 2 108.67
0.393154 2 108.68
0.38948 1 108.69
0.385612 1 108.7
0.382905 1 108.71
0.380197 1 108.72
0.375556 1 108.73
0.373042 1 108.74
0.368787 1 108.75
0.364533 1 108.76
0.360472 1 108.77
0.353897 1 108.78
0.349449 1 108.79
0.344614 1 108.8
0.34036 1 108.81
0.335332 1 108.82
0.33011 1 108.83
0.325082 1 108.84
0.320441 1 108.85
0.31696 1 108.86
0.312512 1 108.87
0.307871 1 108.88
0.30381 1 108.89
0.299555 1 108.9
0.295494 1 108.91
0.292207 0 108.92
0.288532 0 108.93
0.283698 0 108.94
0.27925 0 108.95
0.274222 0 108.96
0.26958 0 108.97
0.264939 0 108.98
0.259911 0 108.99
0.256623 0 109
0.252949 0 109.01
0.249081 0 109.02
0.245214 0 109.03
0.242893 0 109.04
0.238445 0 109.05
0.235158 0 109.06
0.229549 0 109.07
0.224521 0 109.08
0.221427 0 109.09
0.217173 0 109.1
0.213692 0 109.11
0.210404 0 109.12
0.20731 0 109.13
0.204022 0 109.14
0.200928 0 109.15
0.197641 0 109.16
0.192226 0 109.17
0.187971 0 109.18
0.185651 0 109.19
0.184297 0 109.2
0.18159 0 109.21
0.177915 0 109.22
0.174434 0 109.23
0.17134 0 109.24
0.16902 0 109.25
0.166312 0 109.26
0.164185 0 109.27
0.160511 0 109.28
0.15877 0 109.29
0.154129 0 109.3
0.149488 0 109.31
0.14678 0 109.32
0.143106 0 109.33
0.141172 0 109.34
0.137691 0 109.35
0.13595 0 109.36
0.133243 0 109.37
0.129762 0 109.38
0.128022 0 109.39
0.125508 0 109.4
0.122027 0 109.41
0.119706 0 109.42
0.117385 0 109.43
0.113904 0 109.44
0.112551 0 109.45
0.108876 0 109.46
0.107136 0 109.47
0.105589 0 109.48
0.101915 0 109.49
0.0992071 0 109.5
0.09766 0 109.51
0.0945658 0 109.52
0.0920518 0 109.53
0.0889576 0 109.54
0.0862502 0 109.55
0.0837362 0 109.56
0.0812222 0 109.57
0.0796751 0 109.58
0.078128 0 109.59
0.0771611 0 109.6
0.075614 0 109.61
0.0742603 0 109.62
0.0734868 0 109.63
0.0709727 0 109.64
0.0692323 0 109.65
0.0678786 0 109.66
0.0661381 0 109.67
0.064591 0 109.68
0.0632373 0 109.69
0.0614968 0 109.7
0.0591762 0 109.71
0.0570489 0 109.72
0.0555018 0 109.73
0.0541481 0 109.74
0.0524077 0 109.75
0.051054 0 109.76
0.0498936 0 109.77
0.0481532 0 109.78
0.0464127 0 109.79
0.045059 0 109.8
0.0438987 0 109.81
0.0423516 0 109.82
0.0411913 0 109.83
0.0400309 0 109.84
0.0396442 0 109.85
0.0382905 0 109.86
0.0363566 0 109.87
0.0353897 0 109.88
0.0348095 0 109.89
0.0344227 0 109.9
0.0338426 0 109.91
0.0328757 0 109.92
0.0319087 0 109.93
0.0301682 0 109.94
0.0295881 0 109.95
0.0288145 0 109.96
0.0272675 0 109.97
0.0264939 0 109.98
0.0261071 0 109.99
0.0243667 0 110
0.0237865 0 110.01
0.023013 0 110.02
0.0210791 0 110.03
0.0197254 0 110.04
0.0193386 0 110.05
0.0183717 0 110.06
0.0179849 0 110.07
0.0175981 0 110.08
0.017018 0 110.09
0.0166312 0 110.1
0.0158577 0 110.11
0.0154709 0 110.12
0.0143106 0 110.13
0.0141172 0 110.14
0.013537 0 110.15
0.0131503 0 110.16
0.0127635 0 110.17
0.0125701 0 110.19
0.0121833 0 110.2
0.0117966 0 110.21
0.0112164 0 110.22
0.0106362 0 110.23
0.0102495 0 110.24
0.0098627 0 110.25
0.00947592 0 110.26
0.00908915 0 110.27
0.00889576 0 110.28
0.00850899 0 110.29
0.00812222 0 110.3
0.00792883 0 110.31
0.00734868 0 110.32
0.00715529 0 110.33
0.0069619 0 110.35
0.00657513 0 110.36
0.00638174 0 110.38
0.00618836 0 110.39
0.0056082 0 110.4
0.00502804 0 110.41
0.00483465 0 110.42
0.00444788 0 110.43
0.00386772 0 110.44
0.00367434 0 110.46
0.00348095 0 110.47
0.00328757 0 110.5
0.00309418 0 110.51
0.00270741 0 110.54
0.00232063 0 110.56
0.00193386 0 110.68
0.00174048 0 110.7
0.0013537 0 110.71
0.00116032 0 110.76
0.000966931 0 110.79
0.000773545 0 110.89
0.000580159 0 110.9
0.000386772 0 110.92
0.000193386 0 111.01
0 0 1.79769e+308
