0.164958 1 1.48
0.164765 1 1.49
0.164572 1 1.55
0.164378 1 1.62
0.164185 1 1.64
0.163991 1 1.66
0.163798 1 1.68
0.163605 1 1.7
0.163218 1 1.79
0.163025 1 1.81
0.162831 1 1.83
0.162638 1 1.87
0.162444 1 1.9
0.162251 1 1.95
0.162058 1 2.03
0.161864 1 2.04
0.161671 1 2.07
0.161477 1 2.14
0.161284 1 2.16
0.160897 1 2.18
0.160704 1 2.2
0.160511 1 2.22
0.160124 1 2.23
0.15993 1 2.24
0.159544 1 2.28
0.15935 1 2.3
0.158963 1 2.31
0.15877 1 2.32
0.158577 1 2.33
0.15819 1 2.35
0.157997 1 2.38
0.157803 1 2.39
0.15761 1 2.42
0.15703 1 2.44
0.156836 1 2.45
0.156256 1 2.46
0.155676 1 2.47
0.155482 1 2.48
0.155096 1 2.49
0.153935 1 2.5
0.153742 1 2.51
0.153549 1 2.53
0.152388 1 2.54
0.152002 1 2.55
0.151421 1 2.56
0.150841 1 2.57
0.150648 1 2.58
0.150454 1 2.59
0.150068 1 2.6
0.149874 1 2.61
0.148907 1 2.62
0.148714 1 2.63
0.148521 1 2.65
0.148327 1 2.66
0.148134 1 2.67
0.147747 0 2.68
0.147554 0 2.72
0.14736 0 2.73
0.14678 0 2.75
0.146393 0 2.76
0.145426 0 2.78
0.144846 0 2.79
0.144459 0 2.8
0.144266 0 2.81
0.143299 0 2.82
0.143106 0 2.83
0.142526 0 2.84
0.141945 0 2.85
0.141752 0 2.86
0.140785 0 2.87
0.140592 0 2.88
0.140398 0 2.89
0.139818 0 2.9
0.139431 0 2.91
0.138851 0 2.92
0.138271 0 2.93
0.138078 0 2.94
0.137884 0 2.95
0.137111 0 2.96
0.136531 0 2.97
0.135564 0 2.98
0.13479 0 2.99
0.133823 0 3
0.132856 0 3.01
0.131889 0 3.02
0.131309 0 3.03
0.130149 0 3.04
0.129569 0 3.05
0.129375 0 3.06
0.129182 0 3.07
0.128795 0 3.08
0.127828 0 3.09
0.127635 0 3.1
0.127055 0 3.12
0.125894 0 3.13
0.124734 0 3.14
0.123961 0 3.15
0.123187 0 3.17
0.122607 0 3.18
0.12222 0 3.2
0.121833 0 3.21
0.121447 0 3.22
0.121253 0 3.23
0.120673 0 3.24
0.119899 0 3.26
0.118739 0 3.27
0.117192 0 3.28
0.116032 0 3.29
0.115645 0 3.3
0.115258 0 3.31
0.114871 0 3.32
0.114485 0 3.33
0.113324 0 3.34
0.112938 0 3.36
0.112357 0 3.37
0.111971 0 3.38
0.11139 0 3.39
0.11081 0 3.41
0.110617 0 3.42
0.10965 0 3.43
0.109263 0 3.44
0.108876 0 3.45
0.107716 0 3.46
0.107136 0 3.47
0.106749 0 3.48
0.106169 0 3.49
0.105782 0 3.51
0.105589 0 3.52
0.104815 0 3.53
0.104235 0 3.54
0.103655 0 3.55
0.103268 0 3.56
0.102688 0 3.57
0.101721 0 3.58
0.101141 0 3.59
0.0999807 0 3.6
0.0994005 0 3.61
0.0992071 0 3.62
0.09766 0 3.63
0.0966931 0 3.64
0.0959196 0 3.65
0.0955328 0 3.66
0.0953394 0 3.67
0.0941791 0 3.68
0.0939857 0 3.69
0.0932121 0 3.7
0.0924386 0 3.71
0.0912783 0 3.72
0.0906981 0 3.73
0.0897312 0 3.74
0.0881841 0 3.75
0.0874106 0 3.76
0.0872172 0 3.77
0.0870238 0 3.78
0.0862502 0 3.79
0.0847032 0 3.8
0.084123 0 3.81
0.0835428 0 3.82
0.0829627 0 3.83
0.0827693 0 3.85
0.0825759 0 3.86
0.0819957 0 3.87
0.0814156 0 3.88
0.0802553 0 3.89
0.0794817 0 3.9
0.079095 0 3.91
0.0787082 0 3.93
0.0783214 0 3.94
0.0779346 0 3.95
0.0773545 0 3.96
0.0769677 0 3.97
0.0763875 0 3.98
0.075614 0 3.99
0.0752272 0 4
0.0748405 0 4.01
0.0740669 0 4.02
0.0732934 0 4.03
0.0731 0 4.04
0.0723264 0 4.05
0.0715529 0 4.06
0.070586 0 4.07
0.0701992 0 4.08
0.0688455 0 4.09
0.0684587 0 4.1
0.0672984 0 4.11
0.0665249 0 4.12
0.0661381 0 4.13
0.0653645 0 4.14
0.064591 0 4.15
0.0630439 0 4.16
0.0624637 0 4.17
0.0618836 0 4.18
0.0616902 0 4.19
0.06111 0 4.2
0.0603365 0 4.21
0.0599497 0 4.22
0.0595629 0 4.23
0.0591762 0 4.24
0.058596 0 4.25
0.0580159 0 4.26
0.0578225 0 4.27
0.0572423 0 4.28
0.0568555 0 4.29
0.0564688 0 4.3
0.0562754 0 4.31
0.0551151 0 4.32
0.0543415 0 4.33
0.0539547 0 4.34
0.0529878 0 4.35
0.0527944 0 4.36
0.052601 0 4.37
0.0520209 0 4.38
0.051054 0 4.39
0.0508606 0 4.4
0.0502804 0 4.41
0.0497003 0 4.42
0.0487333 0 4.43
0.0483465 0 4.44
0.0473796 0 4.45
0.0467995 0 4.46
0.0460259 0 4.47
0.0458325 0 4.48
0.0456391 0 4.49
0.045059 0 4.5
0.0446722 0 4.51
0.0433185 0 4.52
0.0427383 0 4.53
0.042545 0 4.54
0.0413846 0 4.55
0.0402243 0 4.56
0.0398376 0 4.57
0.0384839 0 4.58
0.0377103 0 4.59
0.0375169 0 4.6
0.03655 0 4.61
0.0361632 0 4.62
0.0357764 0 4.64
0.0351963 0 4.65
0.034036 0 4.66
0.033069 0 4.68
0.0322955 0 4.69
0.0319087 0 4.7
0.0317153 0 4.71
0.0313286 0 4.72
0.0311352 0 4.73
0.0301682 0 4.74
0.0293947 0 4.75
0.0292013 0 4.76
0.0290079 0 4.78
0.0286212 0 4.79
0.0282344 0 4.8
0.0272675 0 4.81
0.0268807 0 4.82
0.0263005 0 4.83
0.0257204 0 4.84
0.0253336 0 4.85
0.0247534 0 4.86
0.0239799 0 4.87
0.0232063 0 4.88
0.0226262 0 4.89
0.0224328 0 4.9
0.0218526 0 4.91
0.0216593 0 4.92
0.0210791 0 4.93
0.0206923 0 4.94
0.0204989 0 4.95
0.0201122 0 4.96
0.0197254 0 4.97
0.019532 0 4.98
0.0193386 0 4.99
0.0189518 0 5
0.0187585 0 5.01
0.0185651 0 5.03
0.0181783 0 5.05
0.0179849 0 5.07
0.0175981 0 5.08
0.017018 0 5.09
0.0164378 0 5.1
0.0162444 0 5.11
0.0156643 0 5.12
0.0152775 0 5.13
0.0150841 0 5.14
0.0148907 0 5.15
0.014504 0 5.16
0.0141172 0 5.17
0.0139238 0 5.18
0.0137304 0 5.19
0.0129569 0 5.2
0.0127635 0 5.21
0.0125701 0 5.23
0.0123767 0 5.24
0.0121833 0 5.26
0.0119899 0 5.3
0.0116032 0 5.31
0.0114098 0 5.32
0.0112164 0 5.35
0.011023 0 5.37
0.0108296 0 5.39
0.0106362 0 5.4
0.0102495 0 5.44
0.0098627 0 5.45
0.00966931 0 5.46
0.00908915 0 5.49
0.00889576 0 5.53
0.00870238 0 5.55
0.00831561 0 5.56
0.00792883 0 5.57
0.00773545 0 5.66
0.00734868 0 5.68
0.00715529 0 5.69
0.0069619 0 5.71
0.00676852 0 5.72
0.00657513 0 5.73
0.00638174 0 5.77
0.00618836 0 5.78
0.00599497 0 5.81
0.00580159 0 5.82
0.0056082 0 5.85
0.00541481 0 5.88
0.00522143 0 5.91
0.00483465 0 5.96
0.00464127 0 5.98
0.00444788 0 6.06
0.0042545 0 6.07
0.00406111 0 6.1
0.00386772 0 6.11
0.00367434 0 6.13
0.00328757 0 6.15
0.00290079 0 6.16
0.00270741 0 6.2
0.00251402 0 6.28
0.00212725 0 6.29
0.00193386 0 6.32
0.00174048 0 6.37
0.00154709 0 6.43
0.0013537 0 6.46
0.00116032 0 6.51
0.000966931 0 6.53
0.000773545 0 6.61
0.000580159 0 6.67
0.000386772 0 7.1
0.000193386 0 7.51
0 0 1.79769e+308
