0.468558 708
0.468558 707
0.468558 706
0.468558 705
0.468452 705
0.468452 704
0.468452 703
0.468452 702
0.468452 701
0.468452 700
0.468452 699
0.468333 699
0.468333 698
0.468333 696
0.468331 694
0.468331 693
0.468207 693
0.468207 691
0.468207 690
0.468207 689
0.468207 688
0.468207 687
0.468207 685
0.468207 684
0.468207 683
0.468074 683
0.468074 682
0.46798 680
0.46798 679
0.46798 678
0.46798 677
0.467846 677
0.467846 676
0.467717 676
0.467627 674
0.467627 673
0.467573 672
0.467448 671
0.467448 669
0.467448 668
0.467448 666
0.467328 666
0.467328 665
0.467328 664
0.467328 663
0.467292 660
0.467292 659
0.467292 658
0.467292 656
0.467175 656
0.467153 656
0.467153 655
0.467153 654
0.467052 653
0.466934 653
0.466934 651
0.466934 649
0.466803 648
0.466803 646
0.466803 644
0.466803 641
0.466684 638
0.466683 637
0.466683 636
0.466683 634
0.466683 633
0.466683 632
0.466683 630
0.466521 629
0.466521 627
0.466521 626
0.466392 626
0.466171 625
0.466171 624
0.466158 621
0.466158 619
0.466158 617
0.466158 615
0.465908 614
0.465703 609
0.465703 608
0.465572 606
0.465565 601
0.465565 599
0.465565 598
0.465565 597
0.465385 596
0.465385 595
0.465385 594
0.465261 594
0.465261 591
0.465144 591
0.465144 589
0.464914 586
0.464914 584
0.464912 583
0.464912 582
0.464673 582
0.464641 579
0.46455 577
0.46455 575
0.464435 574
0.464435 571
0.464182 569
0.464182 568
0.464182 567
0.464038 567
0.46394 565
0.463813 564
0.463689 563
0.463439 561
0.463439 560
0.463439 559
0.463439 558
0.463323 557
0.463323 554
0.463323 553
0.463323 552
0.463205 549
0.463205 548
0.463205 546
0.463198 543
0.463198 541
0.463066 540
0.463066 539
0.463066 538
0.462931 535
0.462931 534
0.462931 532
0.462931 530
0.4628 530
0.462646 529
0.462646 528
0.462646 527
0.462629 526
0.462525 526
0.462525 523
0.46242 521
0.462418 516
0.462418 514
0.46239 513
0.462153 513
0.462153 512
0.462153 511
0.462153 510
0.462153 509
0.462068 507
0.462068 504
0.462068 502
0.461938 501
0.461792 499
0.461683 498
0.461683 496
0.461484 493
0.461364 493
0.461237 491
0.461124 490
0.461016 490
0.461016 487
0.460899 484
0.460781 484
0.460699 482
0.460699 480
0.460429 479
0.460183 478
0.459801 476
0.459801 474
0.459801 472
0.459801 471
0.459794 469
0.459794 467
0.459668 467
0.459342 466
0.459119 464
0.459119 463
0.459035 460
0.458788 456
0.458525 455
0.45851 453
0.458436 451
0.458315 449
0.458315 448
0.458178 445
0.458178 443
0.458178 441
0.458052 441
0.457995 440
0.457995 437
0.457995 436
0.457632 435
0.457627 433
0.457506 432
0.457376 432
0.457133 430
0.456756 428
0.456481 428
0.456481 425
0.456341 425
0.45615 421
0.456144 419
0.456018 416
0.455797 412
0.455239 409
0.455239 408
0.455099 407
0.455099 406
0.454917 404
0.454667 404
0.454588 400
0.454588 398
0.454314 398
0.45407 396
0.45407 394
0.453824 393
0.453631 391
0.453513 391
0.453513 390
0.453513 389
0.453153 388
0.45302 384
0.452911 382
0.452911 380
0.45281 379
0.45268 377
0.45268 375
0.45268 374
0.452417 373
0.452268 369
0.452147 367
0.452147 366
0.452147 364
0.452013 362
0.452013 360
0.451958 359
0.451826 358
0.451693 358
0.451425 356
0.451217 356
0.450955 352
0.450697 352
0.450697 351
0.450697 350
0.450473 349
0.450374 348
0.450147 348
0.450017 348
0.450017 347
0.449762 347
0.449631 347
0.449504 345
0.449368 345
0.44897 343
0.448859 343
0.448859 342
0.448743 342
0.448344 338
0.448081 338
0.448081 337
0.447834 336
0.447569 335
0.447179 332
0.447065 329
0.447065 325
0.446655 324
0.446345 318
0.446345 317
0.446213 317
0.445972 316
0.445972 314
0.44596 312
0.445833 312
0.445833 311
0.445705 310
0.445452 307
0.445452 306
0.445399 303
0.445012 302
0.444806 299
0.444559 298
0.44451 296
0.444366 292
0.444112 290
0.443724 289
0.443724 287
0.443248 286
0.443131 285
0.443017 283
0.442368 282
0.441851 280
0.441353 277
0.441125 275
0.440753 271
0.440627 270
0.44049 269
0.440364 269
0.440131 267
0.439896 267
0.439772 266
0.439404 266
0.439299 265
0.439195 265
0.438719 264
0.438578 261
0.43847 260
0.438387 258
0.438253 258
0.437897 256
0.43765 256
0.43765 255
0.437393 254
0.437269 252
0.437032 251
0.436778 247
0.436418 246
0.435813 245
0.435587 241
0.43557 238
0.435187 236
0.435078 234
0.434689 232
0.434442 232
0.434327 231
0.433949 229
0.433692 227
0.433571 224
0.4331 223
0.432937 221
0.432603 218
0.432492 218
0.43227 213
0.431511 213
0.431213 212
0.431213 211
0.430957 210
0.430957 209
0.430573 208
0.430329 207
0.429676 207
0.429446 207
0.428952 205
0.428444 200
0.427905 198
0.427443 198
0.427339 198
0.426872 198
0.426534 198
0.426269 197
0.425916 195
0.425655 194
0.425076 193
0.424595 192
0.424354 192
0.424119 191
0.423866 190
0.42334 190
0.42311 190
0.422838 189
0.42223 187
0.421963 187
0.42188 186
0.421636 185
0.421417 183
0.421273 181
0.420934 179
0.420209 179
0.419968 179
0.419486 177
0.419121 177
0.418991 177
0.4186 176
0.418105 176
0.417978 174
0.417391 173
0.416802 171
0.416306 170
0.41591 170
0.415173 169
0.414829 167
0.414723 167
0.414398 166
0.414025 164
0.413714 160
0.413086 159
0.412954 159
0.412599 159
0.41223 159
0.411591 159
0.411459 159
0.410974 157
0.41087 157
0.410635 157
0.410426 155
0.409793 152
0.409368 151
0.40925 151
0.408998 151
0.408646 148
0.408281 147
0.407917 147
0.407677 146
0.407616 145
0.407378 145
0.407247 143
0.406967 142
0.406715 139
0.406359 137
0.406001 136
0.405771 135
0.40545 134
0.405189 134
0.404591 134
0.404187 133
0.40378 133
0.403414 132
0.403277 128
0.402654 128
0.40258 127
0.402107 127
0.401733 127
0.401484 126
0.401143 125
0.400406 125
0.399784 125
0.399174 124
0.398823 124
0.39847 124
0.397614 122
0.396507 122
0.396375 121
0.39576 121
0.395241 119
0.394877 119
0.394355 119
0.394139 118
0.393515 117
0.393196 115
0.39282 115
0.392485 113
0.391991 112
0.391748 112
0.391157 107
0.390811 107
0.390238 106
0.389716 106
0.389201 106
0.388579 106
0.388579 105
0.388263 104
0.387267 104
0.386784 103
0.386273 103
0.385421 101
0.384681 101
0.384055 100
0.383922 100
0.383451 100
0.382699 100
0.382185 99
0.381427 99
0.380957 99
0.380696 98
0.380596 98
0.379342 97
0.378856 96
0.378471 94
0.377596 94
0.377454 94
0.376947 93
0.376581 92
0.375983 91
0.374725 90
0.374121 90
0.373961 89
0.373331 88
0.373206 87
0.372517 86
0.37221 85
0.371972 85
0.371717 85
0.370553 84
0.370058 83
0.369957 81
0.369836 81
0.369323 81
0.368703 80
0.368337 79
0.367712 78
0.366902 76
0.365591 74
0.365248 73
0.364675 73
0.364403 73
0.363908 73
0.363427 72
0.362677 70
0.362442 70
0.361937 70
0.361557 70
0.360104 69
0.359719 69
0.359044 68
0.35851 68
0.357863 68
0.357472 68
0.356821 68
0.35659 67
0.356122 66
0.355744 66
0.354975 65
0.354632 65
0.354253 65
0.353957 64
0.352968 63
0.351574 63
0.35075 61
0.350123 61
0.34943 60
0.348836 59
0.348356 59
0.347354 59
0.34657 58
0.345965 58
0.345338 57
0.344229 57
0.34398 57
0.342949 57
0.342578 57
0.342115 55
0.341488 53
0.340871 52
0.340263 52
0.340134 52
0.339478 51
0.339348 51
0.338808 51
0.338188 50
0.337202 49
0.33631 49
0.335647 48
0.335407 48
0.334393 47
0.333358 47
0.332556 46
0.332169 46
0.332026 46
0.331768 44
0.331107 44
0.330603 44
0.329875 44
0.328254 44
0.327467 44
0.326445 44
0.325935 44
0.325206 44
0.324685 44
0.324311 44
0.323211 44
0.321882 44
0.321369 44
0.320285 41
0.319676 41
0.318691 41
0.318315 41
0.317943 41
0.316885 40
0.316505 40
0.316119 39
0.315493 39
0.31527 38
0.314695 37
0.313915 37
0.313011 37
0.31251 37
0.311598 37
0.310961 37
0.310477 37
0.3097 37
0.309435 37
0.308942 37
0.308016 37
0.307258 37
0.306761 37
0.305629 37
0.305232 37
0.305125 37
0.304485 37
0.303837 37
0.303594 37
0.302757 36
0.302378 36
0.301897 35
0.301765 35
0.300889 35
0.300277 34
0.300018 34
0.299366 34
0.298494 34
0.298235 34
0.297851 34
0.296985 34
0.296426 34
0.295444 32
0.294906 31
0.293782 31
0.29315 31
0.292636 31
0.292124 31
0.291378 31
0.290874 31
0.289828 31
0.289203 31
0.288582 31
0.288029 30
0.287023 30
0.286898 30
0.286171 29
0.285672 28
0.285193 26
0.284927 25
0.283896 25
0.283268 25
0.282217 25
0.281593 25
0.280814 25
0.279595 24
0.279221 23
0.278488 23
0.277753 21
0.277122 21
0.276013 21
0.275228 21
0.274606 21
0.273593 20
0.272713 20
0.272178 20
0.271284 20
0.270687 20
0.269911 20
0.269634 19
0.268687 18
0.267345 17
0.266425 16
0.265542 16
0.264916 16
0.264025 16
0.263156 16
0.262408 16
0.261766 15
0.260998 15
0.260271 15
0.260019 15
0.259623 15
0.25911 15
0.258113 15
0.257108 15
0.256093 15
0.255276 15
0.254613 15
0.253825 15
0.253021 15
0.252289 15
0.251784 15
0.250547 14
0.250054 14
0.249152 14
0.248414 14
0.24829 14
0.24766 14
0.247279 14
0.24654 14
0.246417 14
0.245518 14
0.243969 14
0.243191 14
0.242066 13
0.241672 13
0.240893 13
0.239745 13
0.238819 12
0.237811 12
0.23732 12
0.236254 11
0.235739 11
0.23459 11
0.233969 11
0.232642 11
0.231246 11
0.230993 11
0.230733 10
0.229956 10
0.228925 9
0.228164 9
0.227438 9
0.226704 9
0.226182 9
0.225808 9
0.224776 9
0.223606 9
0.2219 9
0.221378 9
0.220557 9
0.219545 9
0.219018 9
0.218033 9
0.217767 9
0.217446 8
0.216925 8
0.216508 8
0.215627 8
0.215371 8
0.21435 8
0.213577 8
0.212367 7
0.211224 7
0.210453 7
0.20995 7
0.208944 7
0.208186 7
0.207807 7
0.207161 7
0.206241 7
0.20509 7
0.204467 7
0.203837 7
0.203575 7
0.203075 7
0.202817 7
0.201564 7
0.199837 7
0.198967 7
0.198111 6
0.197479 6
0.196178 6
0.195407 6
0.194893 6
0.19385 6
0.192596 6
0.192227 6
0.191975 6
0.190924 6
0.190805 6
0.190064 6
0.188913 6
0.18851 6
0.187503 6
0.186593 6
0.185543 6
0.18518 6
0.184139 6
0.182777 6
0.182196 6
0.18181 6
0.181416 6
0.180816 6
0.180043 6
0.178998 6
0.178611 6
0.177977 6
0.176577 6
0.175833 6
0.175037 6
0.173846 5
0.173103 5
0.172836 5
0.172342 5
0.171471 5
0.17075 5
0.169963 5
0.168329 4
0.167679 4
0.166933 4
0.16594 4
0.16492 4
0.16416 4
0.163552 4
0.163284 4
0.162354 4
0.161763 4
0.16151 4
0.160518 4
0.159887 4
0.158997 4
0.157962 4
0.156831 4
0.155895 4
0.155529 4
0.154882 4
0.153887 4
0.15338 4
0.152744 4
0.152265 4
0.151394 3
0.150912 3
0.150419 3
0.149688 3
0.149037 3
0.148378 3
0.148017 3
0.147021 3
0.146365 3
0.145471 3
0.14485 3
0.144093 3
0.143096 3
0.141848 3
0.140684 3
0.140162 3
0.139149 3
0.138639 3
0.137902 3
0.137124 3
0.136489 3
0.135994 3
0.135606 3
0.135099 3
0.134573 3
0.13381 3
0.133433 3
0.132531 3
0.131746 3
0.130848 3
0.130083 3
0.129463 3
0.128263 3
0.127877 3
0.127249 3
0.126488 3
0.125881 3
0.125402 3
0.124901 3
0.124519 3
0.123722 3
0.12247 3
0.121825 3
0.12105 3
0.120669 2
0.120188 2
0.119312 2
0.118809 2
0.118042 2
0.117503 2
0.116398 2
0.115632 2
0.115259 2
0.114603 2
0.113678 2
0.113293 2
0.112276 2
0.111522 2
0.11126 2
0.110761 2
0.110285 2
0.109752 2
0.10937 2
0.109236 2
0.108959 2
0.108333 2
0.107835 2
0.107331 2
0.10682 2
0.106462 2
0.105708 2
0.105051 2
0.104443 2
0.103661 2
0.102637 2
0.102499 2
0.101881 2
0.101107 2
0.10048 2
0.0994354 2
0.0986663 2
0.0984268 2
0.0980582 2
0.0971469 2
0.0964981 2
0.0961038 2
0.0953482 2
0.0949849 2
0.0943677 2
0.0941138 2
0.0932189 2
0.0923525 2
0.0919818 2
0.0912323 2
0.0908531 2
0.0903127 2
0.0894272 2
0.0888773 2
0.088512 2
0.0882726 2
0.0869845 2
0.0864946 2
0.0858473 2
0.0853243 2
0.084696 2
0.0840243 2
0.0832948 2
0.0825049 2
0.0823896 2
0.0822555 2
0.0816591 2
0.0814121 2
0.0812888 2
0.080786 2
0.0803046 2
0.0798481 1
0.0794473 1
0.0787931 1
0.0785436 1
0.0779075 1
0.0776491 1
0.0771408 1
0.0768616 1
0.0763609 1
0.0759557 1
0.0752103 1
0.0749481 1
0.0745835 1
0.0738149 1
0.0734173 1
0.0731576 1
0.0725373 1
0.0724005 1
0.0717654 1
0.0711469 1
0.0705061 1
0.0702581 1
0.0698697 1
0.0693651 1
0.068601 1
0.0680763 1
0.0678175 1
0.0673215 1
0.066819 1
0.0663253 1
0.0659626 1
0.065353 1
0.0649729 1
0.0648328 1
0.0644412 1
0.0641676 1
0.064048 1
0.0636749 1
0.0631848 1
0.0629211 1
0.06267 1
0.062177 1
0.0617938 1
0.0609577 1
0.0604631 1
0.060081 1
0.0595664 1
0.0593194 1
0.0584149 1
0.057905 1
0.0575467 1
0.0569031 1
0.056362 1
0.0558185 1
0.0550591 1
0.0546763 1
0.0541685 1
0.0537882 1
0.053122 1
0.0526056 1
0.051943 1
0.0510766 1
0.0506881 1
0.050156 1
0.0500206 1
0.0496187 1
0.0492367 1
0.0488316 1
0.0483373 1
0.0478076 1
0.0476686 1
0.0469028 1
0.0462641 1
0.0459985 1
0.0454963 1
0.045234 1
0.044965 1
0.0448306 1
0.0445898 1
0.0438009 1
0.0436782 1
0.0432843 1
0.042776 1
0.0423914 1
0.0417661 1
0.0411359 1
0.0407514 1
0.0406314 1
0.0402858 1
0.03965 1
0.0391628 1
0.0390275 1
0.0389039 1
0.0387725 1
0.0379776 1
0.0378551 1
0.0376108 1
0.0374896 1
0.0369632 1
0.0367142 1
0.0362035 1
0.035816 1
0.0356811 1
0.0354317 1
0.0353046 1
0.0350455 1
0.034306 1
0.0340454 1
0.0332556 1
0.0331306 1
0.0327525 1
0.0324952 1
0.0319729 1
0.0317136 1
0.0310774 1
0.0307086 1
0.0305804 1
0.0304588 1
0.0300848 1
0.029958 1
0.0294242 1
0.0290612 1
0.0287999 1
0.0286613 1
0.0285337 1
0.0284269 1
0.0282979 1
0.0280477 1
0.0277835 1
0.027542 1
0.0271767 1
0.0267805 1
0.0265285 1
0.0262662 1
0.0260407 0
0.0259172 0
0.0256525 0
0.0252786 0
0.0250243 0
0.0246471 0
0.0245179 0
0.0242422 0
0.0239909 0
0.0238567 0
0.023723 0
0.023588 0
0.0232032 0
0.0229447 0
0.0225818 0
0.0224513 0
0.0222047 0
0.0220789 0
0.0215662 0
0.0212972 0
0.0211677 0
0.021034 0
0.0207834 0
0.0202815 0
0.0197802 0
0.0196444 0
0.0192706 0
0.0190102 0
0.0188945 0
0.0186372 0
0.0185121 0
0.018374 0
0.018228 0
0.0179767 0
0.0178534 0
0.0177289 0
0.0176021 0
0.0174701 0
0.0169676 0
0.0166081 0
0.0164755 0
0.0161972 0
0.0160691 0
0.0159323 0
0.0155214 0
0.0153892 0
0.0150119 0
0.0148899 0
0.0146342 0
0.0144987 0
0.0143733 0
0.0142411 0
0.0141126 0
0.0137273 0
0.0136012 0
0.0133532 0
0.0132177 0
0.013094 0
0.0129649 0
0.0128304 0
0.0126992 0
0.012564 0
0.0123145 0
0.0120372 0
0.0119135 0
0.0117938 0
0.0115426 0
0.011281 0
0.011153 0
0.0110218 0
0.0107838 0
0.0105161 0
0.0102625 0
0.00999734 0
0.00986437 0
0.00973547 0
0.00960624 0
0.00948138 0
0.00935249 0
0.00922716 0
0.00909937 0
0.00897624 0
0.00883976 0
0.00870131 0
0.00832063 0
0.00820795 0
0.00799398 0
0.00786148 0
0.00772258 0
0.00758673 0
0.0074578 0
0.00732734 0
0.00719812 0
0.0070624 0
0.00679187 0
0.00665764 0
0.00652695 0
0.00638272 0
0.00625505 0
0.00612872 0
0.00600575 0
0.00588043 0
0.00575308 0
0.00561473 0
0.00549789 0
0.00537944 0
0.00523903 0
0.00499485 0
0.00486876 0
0.00474148 0
0.00461268 0
0.00449284 0
0.00436105 0
0.00397166 0
0.00383986 0
0.00371629 0
0.00345015 0
0.00331666 0
0.00318547 0
0.0030502 0
0.00292811 0
0.00265795 0
0.00252648 0
0.00239429 0
0.00214541 0
0.00201645 0
0.00188107 0
0.00176473 0
0.0016279 0
0.00150118 0
0.00124828 0
0.00112388 0
0.00099699 0
0.000889218 0
0.000756921 0
0.00062607 0
0.000502307 0
0.000374857 0
0.000245358 0
0.000121955 0
0 0
