0.43198 57
0.431844 57
0.431719 57
0.431602 57
0.431472 57
0.431455 56
0.431217 56
0.431 55
0.430832 52
0.43071 52
0.430474 52
0.43046 51
0.430206 51
0.430088 51
0.429985 50
0.429985 49
0.429736 49
0.429384 49
0.429133 49
0.428996 49
0.428637 49
0.428382 49
0.428253 49
0.428253 48
0.428163 47
0.427898 47
0.427554 46
0.427441 46
0.426955 46
0.426599 46
0.426479 46
0.426112 44
0.425403 44
0.425279 44
0.424964 42
0.424499 41
0.424098 41
0.423968 41
0.4237 41
0.423081 41
0.422444 41
0.422204 41
0.421962 41
0.421689 41
0.420824 40
0.420334 40
0.419807 40
0.418948 40
0.418284 40
0.418051 38
0.417646 38
0.417044 37
0.416712 36
0.416083 36
0.415691 36
0.414925 36
0.413752 36
0.413267 36
0.412915 36
0.411817 35
0.410945 35
0.410089 35
0.409137 34
0.407766 34
0.407118 34
0.406628 34
0.405781 34
0.404479 33
0.403457 32
0.402801 32
0.401797 32
0.400678 31
0.399882 30
0.399524 30
0.398774 30
0.397826 30
0.396559 30
0.396175 30
0.395596 29
0.394294 29
0.393235 28
0.392197 28
0.391661 28
0.390536 28
0.38934 27
0.38834 27
0.387568 27
0.385944 27
0.384567 27
0.383432 27
0.382008 26
0.381136 25
0.379707 25
0.378403 25
0.376943 25
0.375283 25
0.373774 24
0.372226 24
0.370692 21
0.369658 20
0.367821 20
0.366416 19
0.364494 19
0.362937 19
0.361375 19
0.359367 19
0.357707 18
0.355627 18
0.354229 18
0.352201 17
0.349514 17
0.347925 17
0.346912 17
0.344927 16
0.342781 14
0.339551 14
0.337428 12
0.334792 12
0.33279 12
0.329549 12
0.328162 12
0.325782 12
0.323686 11
0.321531 11
0.318628 11
0.315742 11
0.314235 11
0.312073 11
0.308893 11
0.307353 11
0.304726 10
0.302702 10
0.300663 10
0.298958 9
0.297044 9
0.294668 8
0.293133 8
0.290536 8
0.287679 8
0.285402 8
0.28317 8
0.281237 8
0.279684 8
0.276968 8
0.274653 7
0.272206 7
0.269711 7
0.266934 7
0.264747 7
0.262363 6
0.259617 5
0.257591 5
0.254265 4
0.251876 3
0.248793 3
0.246234 3
0.243957 3
0.241584 3
0.239435 3
0.235638 3
0.233334 3
0.230207 3
0.227973 3
0.224982 3
0.22051 3
0.218172 2
0.215722 2
0.212628 2
0.209584 1
0.207411 1
0.204753 1
0.202862 1
0.199551 1
0.197004 1
0.194618 1
0.191932 1
0.189131 1
0.186613 1
0.183672 1
0.181526 1
0.179178 1
0.17734 1
0.174687 1
0.17247 1
0.169773 1
0.167401 0
0.164301 0
0.161876 0
0.160324 0
0.158623 0
0.156237 0
0.153579 0
0.151736 0
0.148814 0
0.146056 0
0.144531 0
0.142713 0
0.140404 0
0.13834 0
0.13599 0
0.133052 0
0.129732 0
0.127322 0
0.124572 0
0.122688 0
0.121004 0
0.118693 0
0.116477 0
0.113255 0
0.111171 0
0.10945 0
0.10845 0
0.106377 0
0.104931 0
0.103166 0
0.101015 0
0.0990903 0
0.0967907 0
0.0953694 0
0.0942336 0
0.0929802 0
0.0913426 0
0.0896892 0
0.0885325 0
0.0859502 0
0.0836879 0
0.0817908 0
0.0807716 0
0.0793617 0
0.0771685 0
0.0739111 0
0.0726262 0
0.0713002 0
0.0695107 0
0.0680752 0
0.0667992 0
0.0650198 0
0.0636083 0
0.0624649 0
0.0608152 0
0.0587243 0
0.0578174 0
0.0564086 0
0.054732 0
0.0532852 0
0.0519956 0
0.0509863 0
0.0502304 0
0.0489634 0
0.0481868 0
0.0467909 0
0.0453536 0
0.0438032 0
0.042026 0
0.0410985 0
0.0396537 0
0.0385172 0
0.0377442 0
0.0368713 0
0.0362303 0
0.0353265 0
0.033992 0
0.0329929 0
0.0322087 0
0.0303638 0
0.0295985 0
0.028356 0
0.0277241 0
0.0265454 0
0.0255039 0
0.0248597 0
0.0243494 0
0.0241029 0
0.0238517 0
0.0232402 0
0.0221926 0
0.0219294 0
0.0210383 0
0.0207774 0
0.0203817 0
0.0194714 0
0.018835 0
0.0180581 0
0.0173885 0
0.0165956 0
0.0160909 0
0.0156767 0
0.0150557 0
0.0143056 0
0.0140425 0
0.0135007 0
0.0125898 0
0.0121881 0
0.0116808 0
0.0112813 0
0.0108885 0
0.0107549 0
0.0104961 0
0.00984927 0
0.00906821 0
0.00840784 0
0.00828159 0
0.00815929 0
0.00790829 0
0.00750608 0
0.00737349 0
0.0072321 0
0.00695625 0
0.00657097 0
0.00631528 0
0.00604437 0
0.00566476 0
0.00553696 0
0.00541694 0
0.00529446 0
0.00454848 0
0.00441152 0
0.00428135 0
0.00349715 0
0.00336734 0
0.00311591 0
0.00272292 0
0.00259733 0
0.00221046 0
0.00207667 0
0.00183433 0
0.00170143 0
0.00157524 0
0.0013115 0
0.00117944 0
0.000920762 0
0.000787969 0
0.000658487 0
0.000521702 0
0.000402937 0
0.000264001 0
0.000127951 0
0 0
