0.173959 1
0.173843 1
0.173727 1
0.173604 1
0.173466 1
0.173341 1
0.173217 1
0.173079 1
0.172968 1
0.17285 1
0.172716 1
0.172597 1
0.17248 1
0.172347 1
0.172224 1
0.172101 1
0.171972 1
0.171862 1
0.171601 1
0.171472 1
0.171227 1
0.171111 1
0.170733 1
0.170603 1
0.170476 1
0.170344 1
0.170094 1
0.169955 1
0.169831 1
0.169595 1
0.169203 1
0.168936 1
0.168813 1
0.168572 1
0.168445 1
0.168329 1
0.16807 1
0.167714 1
0.167453 1
0.167323 1
0.167198 1
0.167085 1
0.16657 1
0.166442 1
0.166108 1
0.16549 1
0.165225 1
0.165085 1
0.164969 1
0.164837 1
0.164587 1
0.164347 1
0.164086 1
0.163963 1
0.163828 1
0.163703 1
0.163576 1
0.163442 1
0.163083 1
0.162186 1
0.162078 1
0.161812 1
0.161408 1
0.160782 1
0.16043 1
0.160054 1
0.159921 1
0.159643 1
0.15939 1
0.159116 1
0.158739 1
0.158506 1
0.158389 1
0.158252 1
0.158114 1
0.157591 1
0.15721 1
0.156824 1
0.156527 1
0.156152 1
0.155769 1
0.155259 1
0.155002 1
0.154748 1
0.154108 1
0.153756 0
0.153393 0
0.152913 0
0.152653 0
0.152544 0
0.152275 0
0.152048 0
0.151924 0
0.1518 0
0.151418 0
0.151164 0
0.150923 0
0.150587 0
0.150223 0
0.149211 0
0.148828 0
0.148576 0
0.147794 0
0.147677 0
0.147298 0
0.147164 0
0.146117 0
0.145856 0
0.145356 0
0.144705 0
0.14458 0
0.1442 0
0.144068 0
0.143577 0
0.14333 0
0.142953 0
0.142333 0
0.141951 0
0.141692 0
0.141313 0
0.140535 0
0.140282 0
0.139897 0
0.139402 0
0.138936 0
0.138187 0
0.138048 0
0.137047 0
0.136017 0
0.135505 0
0.134737 0
0.133592 0
0.132807 0
0.131928 0
0.131547 0
0.130895 0
0.130383 0
0.129623 0
0.129494 0
0.129005 0
0.128379 0
0.127629 0
0.127104 0
0.126208 0
0.125965 0
0.125183 0
0.1248 0
0.124073 0
0.123438 0
0.122819 0
0.122695 0
0.121657 0
0.120389 0
0.119868 0
0.11924 0
0.118841 0
0.118307 0
0.11805 0
0.117651 0
0.117531 0
0.116506 0
0.115628 0
0.115367 0
0.114436 0
0.113563 0
0.11306 0
0.112456 0
0.111567 0
0.110931 0
0.110313 0
0.110035 0
0.109528 0
0.109159 0
0.108662 0
0.107889 0
0.1071 0
0.10633 0
0.105315 0
0.104804 0
0.104133 0
0.10312 0
0.102249 0
0.101863 0
0.101204 0
0.100164 0
0.0995029 0
0.0989972 0
0.0981874 0
0.0974253 0
0.0966193 0
0.0958442 0
0.0950867 0
0.094565 0
0.0936582 0
0.0927537 0
0.0919986 0
0.0912466 0
0.0910031 0
0.0899604 0
0.0891798 0
0.0884212 0
0.0878029 0
0.087148 0
0.0868827 0
0.0850968 0
0.084589 0
0.0839248 0
0.083541 0
0.0817631 0
0.0815206 0
0.0808797 0
0.0804172 0
0.0800457 0
0.0795278 0
0.0791369 0
0.0786151 0
0.0780998 0
0.077191 0
0.0768195 0
0.076045 0
0.0752795 0
0.0746342 0
0.0740826 0
0.0738274 0
0.0734319 0
0.0726517 0
0.0716325 0
0.0709993 0
0.0701066 0
0.0688006 0
0.0684192 0
0.0674838 0
0.0666986 0
0.065398 0
0.0648912 0
0.0645248 0
0.0638893 0
0.0632512 0
0.0629774 0
0.0624823 0
0.0621069 0
0.0616005 0
0.0610816 0
0.0605835 0
0.0600666 0
0.0595554 0
0.0591712 0
0.0587838 0
0.0578974 0
0.0570315 0
0.0567856 0
0.0566579 0
0.056265 0
0.0553969 0
0.0547437 0
0.0536994 0
0.0530309 0
0.0524002 0
0.0516271 0
0.0509841 0
0.0503303 0
0.0497076 0
0.0489364 0
0.0487036 0
0.0477987 0
0.0471505 0
0.0463934 0
0.045475 0
0.0449507 0
0.0444298 0
0.0440221 0
0.0432703 0
0.0427764 0
0.0421195 0
0.041731 0
0.0412197 0
0.0407287 0
0.0397139 0
0.0395838 0
0.0389563 0
0.0381727 0
0.037802 0
0.0373045 0
0.0366654 0
0.0357595 0
0.0349737 0
0.0345909 0
0.0340574 0
0.0335315 0
0.0331685 0
0.0327772 0
0.0324033 0
0.0311637 0
0.0306378 0
0.0305204 0
0.0301195 0
0.0298744 0
0.0297465 0
0.0293575 0
0.0287218 0
0.0283272 0
0.0278134 0
0.0270395 0
0.0262805 0
0.0256638 0
0.0252847 0
0.0246332 0
0.0242524 0
0.0240012 0
0.0236248 0
0.0232412 0
0.0231275 0
0.0227389 0
0.0226046 0
0.022088 0
0.0218348 0
0.0214512 0
0.0211929 0
0.0206771 0
0.0200585 0
0.019925 0
0.0192715 0
0.0190179 0
0.0187735 0
0.0180168 0
0.0178889 0
0.0175203 0
0.0169936 0
0.0167055 0
0.0165822 0
0.0163169 0
0.0160572 0
0.0155328 0
0.0154153 0
0.0151416 0
0.0148823 0
0.0142261 0
0.0138286 0
0.0135948 0
0.0132287 0
0.0129664 0
0.0125852 0
0.0124593 0
0.0121923 0
0.0119269 0
0.0117954 0
0.0115512 0
0.0114238 0
0.0112829 0
0.0109086 0
0.0107726 0
0.0105304 0
0.0101448 0
0.0100237 0
0.00988849 0
0.00964066 0
0.0093719 0
0.0089858 0
0.00862339 0
0.00809975 0
0.00798751 0
0.00772385 0
0.00758932 0
0.0070619 0
0.0069292 0
0.00654833 0
0.00642498 0
0.00629426 0
0.00616608 0
0.00604135 0
0.0059173 0
0.00551386 0
0.00538099 0
0.00512372 0
0.00499063 0
0.00486441 0
0.00473009 0
0.00460411 0
0.00446889 0
0.00408243 0
0.00381896 0
0.00368196 0
0.00355947 0
0.00330812 0
0.00317177 0
0.0029148 0
0.00278376 0
0.00265039 0
0.00251474 0
0.00238625 0
0.00225418 0
0.00212265 0
0.00198945 0
0.00185707 0
0.00172253 0
0.00158475 0
0.00145155 0
0.00132157 0
0.00119161 0
0.00106599 0
0.000925471 0
0.00079362 0
0.000657149 0
0.000397294 0
0.000270758 0
0.000128305 0
0 0
