0.198471 5
0.198355 5
0.198239 5
0.198116 5
0.197978 5
0.197717 5
0.197593 5
0.197398 4
0.197272 4
0.196891 4
0.196781 4
0.196558 4
0.196425 4
0.196291 4
0.196161 4
0.19603 4
0.195911 4
0.195794 4
0.195661 4
0.195529 4
0.195406 4
0.195154 4
0.195025 4
0.194545 4
0.194417 4
0.194013 4
0.193876 4
0.193746 4
0.193501 4
0.193386 4
0.193007 4
0.192877 4
0.192747 4
0.192621 4
0.192488 4
0.192239 4
0.19211 4
0.191984 4
0.191712 4
0.191451 4
0.191216 4
0.190439 4
0.19017 4
0.189904 4
0.189781 4
0.189642 4
0.189151 4
0.188777 4
0.188642 4
0.188527 4
0.188267 4
0.187911 4
0.18765 4
0.187394 4
0.187269 4
0.186781 4
0.186265 4
0.186017 4
0.185556 4
0.184938 4
0.184545 4
0.184273 4
0.184149 4
0.183912 4
0.18378 4
0.183394 4
0.183154 4
0.182893 4
0.18277 4
0.182377 4
0.182252 4
0.182125 4
0.181991 4
0.181244 4
0.181123 4
0.180096 4
0.179988 4
0.179611 4
0.179078 4
0.178452 4
0.177835 4
0.177335 4
0.177202 4
0.176924 4
0.176671 4
0.176144 4
0.175767 4
0.175533 4
0.175416 4
0.175175 4
0.174886 4
0.174363 4
0.173982 4
0.173355 4
0.173058 4
0.172563 4
0.171921 4
0.171291 4
0.170895 4
0.170521 4
0.169881 4
0.169529 3
0.168927 3
0.168551 3
0.167943 3
0.167683 3
0.167574 3
0.167306 3
0.167078 3
0.166817 3
0.16657 3
0.166187 3
0.165672 3
0.165431 3
0.164811 3
0.164316 3
0.163177 3
0.162794 3
0.162297 3
0.161515 3
0.161281 3
0.160902 3
0.16054 3
0.159494 3
0.159233 3
0.158732 3
0.157954 3
0.157829 3
0.157329 3
0.156985 2
0.156494 2
0.155992 2
0.155299 1
0.154414 1
0.154032 1
0.153773 1
0.153394 1
0.152345 1
0.151979 1
0.151482 1
0.150848 1
0.150258 1
0.149382 1
0.14911 1
0.147976 1
0.146812 1
0.1463 1
0.145404 1
0.143994 1
0.143209 1
0.142196 1
0.141692 1
0.140913 1
0.140268 1
0.139507 1
0.139258 1
0.138377 1
0.137751 1
0.137 1
0.136475 1
0.135447 1
0.134959 1
0.133926 1
0.133543 1
0.13254 1
0.131905 1
0.131157 1
0.131033 1
0.129868 1
0.128599 1
0.128079 1
0.127451 1
0.126819 1
0.126284 1
0.125894 1
0.125494 1
0.125261 1
0.124108 1
0.122955 1
0.122694 1
0.121642 1
0.120768 1
0.120266 1
0.119662 1
0.118773 1
0.118136 1
0.11739 1
0.117112 1
0.116474 1
0.115856 1
0.115212 1
0.114439 1
0.113382 1
0.112485 1
0.111469 1
0.110831 1
0.110021 1
0.109008 1
0.108137 1
0.107751 1
0.106828 1
0.105788 1
0.105127 1
0.104498 1
0.103572 1
0.102685 1
0.101879 1
0.101104 1
0.100347 1
0.0996844 1
0.0987776 1
0.0978731 1
0.0967353 1
0.0958545 1
0.0954762 1
0.0944336 1
0.0935181 1
0.0926271 1
0.0915979 1
0.090816 1
0.0904192 1
0.0886333 1
0.0881255 0
0.0874613 0
0.0869593 0
0.0851815 0
0.0848125 0
0.0837995 0
0.0833369 0
0.0829655 0
0.0824475 0
0.0820566 0
0.0815348 0
0.0810195 0
0.0801107 0
0.0797393 0
0.0789647 0
0.0781992 0
0.077554 0
0.0770024 0
0.0767471 0
0.0763516 0
0.0755715 0
0.0744175 0
0.0737843 0
0.0728916 0
0.0715857 0
0.0712043 0
0.0701443 0
0.0693592 0
0.0679312 0
0.0674244 0
0.067058 0
0.0662993 0
0.0654237 0
0.0647736 0
0.0642785 0
0.0639031 0
0.0633967 0
0.0628778 0
0.0623797 0
0.0618628 0
0.061232 0
0.0608478 0
0.0602207 0
0.0593343 0
0.0584684 0
0.0582224 0
0.0580948 0
0.0577018 0
0.0568337 0
0.0561806 0
0.0551363 0
0.0543412 0
0.0537105 0
0.0529374 0
0.0522945 0
0.051513 0
0.0508903 0
0.0499828 0
0.0497499 0
0.0487402 0
0.0479524 0
0.0471952 0
0.0462769 0
0.0457525 0
0.0452317 0
0.044824 0
0.0439462 0
0.0434523 0
0.0426543 0
0.0422658 0
0.0417545 0
0.0412635 0
0.0402487 0
0.0401186 0
0.0394911 0
0.0387075 0
0.0383368 0
0.0378393 0
0.0372002 0
0.0361682 0
0.0353824 0
0.0348648 0
0.0343313 0
0.0338054 0
0.0334424 0
0.0330511 0
0.0326771 0
0.0314376 0
0.0309117 0
0.0307943 0
0.0303934 0
0.0301483 0
0.0300204 0
0.0296314 0
0.0289957 0
0.0286011 0
0.0280873 0
0.0273134 0
0.0265544 0
0.0259377 0
0.0255586 0
0.0249071 0
0.0245263 0
0.0242751 0
0.0238987 0
0.0235151 0
0.0234014 0
0.0230128 0
0.0228785 0
0.0223619 0
0.0221087 0
0.0217251 0
0.0214667 0
0.020951 0
0.0203324 0
0.0201988 0
0.0194031 0
0.0191495 0
0.0189051 0
0.0181484 0
0.0178889 0
0.0175203 0
0.0169936 0
0.0167055 0
0.0165822 0
0.0163169 0
0.0160572 0
0.0155328 0
0.0154153 0
0.0151416 0
0.0148823 0
0.0142261 0
0.0138286 0
0.0135948 0
0.0132287 0
0.0129664 0
0.0125852 0
0.0124593 0
0.0121923 0
0.0119269 0
0.0117954 0
0.0115512 0
0.0114238 0
0.0112829 0
0.0109086 0
0.0107726 0
0.0105304 0
0.0101448 0
0.0100237 0
0.00988849 0
0.00964066 0
0.0093719 0
0.0089858 0
0.00862339 0
0.00809975 0
0.00798751 0
0.00772385 0
0.00758932 0
0.0070619 0
0.0069292 0
0.00654833 0
0.00642498 0
0.00629426 0
0.00616608 0
0.00604135 0
0.0059173 0
0.00551386 0
0.00538099 0
0.00512372 0
0.00499063 0
0.00486441 0
0.00473009 0
0.00460411 0
0.00446889 0
0.00408243 0
0.00381896 0
0.00368196 0
0.00355947 0
0.00330812 0
0.00317177 0
0.0029148 0
0.00278376 0
0.00265039 0
0.00251474 0
0.00238625 0
0.00225418 0
0.00212265 0
0.00198945 0
0.00185707 0
0.00172253 0
0.00158475 0
0.00145155 0
0.00132157 0
0.00119161 0
0.00106599 0
0.000925471 0
0.00079362 0
0.000657149 0
0.000397294 0
0.000270758 0
0.000128305 0
0 0
