0.67047 78 106.35
0.67047 77 106.46
0.670277 77 106.64
0.670083 77 106.65
0.66989 76 106.67
0.669696 76 106.68
0.669503 76 106.72
0.669503 75 106.79
0.669503 74 106.81
0.66931 74 106.84
0.66931 73 106.85
0.66931 71 106.89
0.669116 71 106.9
0.668729 71 106.95
0.668343 71 106.96
0.667956 70 106.98
0.667763 67 106.99
0.667569 67 107.02
0.667376 67 107.03
0.666796 66 107.04
0.666796 65 107.05
0.666409 64 107.06
0.665829 63 107.07
0.665442 63 107.08
0.664668 62 107.1
0.664475 60 107.12
0.664088 59 107.14
0.663508 59 107.15
0.662734 59 107.16
0.662541 59 107.17
0.661961 58 107.18
0.661381 57 107.19
0.660994 57 107.21
0.660994 56 107.22
0.660801 55 107.23
0.66022 55 107.24
0.65964 54 107.25
0.659447 54 107.26
0.659254 54 107.27
0.65848 54 107.28
0.657706 54 107.29
0.657513 54 107.3
0.65674 52 107.31
0.655386 52 107.32
0.655192 52 107.33
0.654806 50 107.34
0.654032 49 107.35
0.653259 49 107.36
0.652485 49 107.37
0.652098 49 107.38
0.651131 49 107.39
0.650164 49 107.4
0.649584 49 107.41
0.649197 49 107.42
0.648811 49 107.43
0.64765 48 107.44
0.647457 48 107.45
0.646297 48 107.46
0.645523 48 107.47
0.644169 48 107.48
0.643202 48 107.49
0.642622 46 107.5
0.642042 46 107.51
0.641075 45 107.52
0.640495 44 107.53
0.639141 44 107.54
0.638561 44 107.55
0.637401 44 107.56
0.635274 44 107.57
0.63392 44 107.58
0.632953 44 107.59
0.631019 43 107.6
0.629279 43 107.61
0.627538 42 107.62
0.626184 41 107.63
0.624057 40 107.64
0.622897 40 107.65
0.622123 40 107.66
0.62077 40 107.67
0.618642 39 107.68
0.616902 37 107.69
0.615742 37 107.7
0.614001 37 107.71
0.611874 36 107.72
0.61052 35 107.73
0.609747 35 107.74
0.608586 35 107.75
0.607039 35 107.76
0.604912 35 107.77
0.604332 35 107.78
0.603172 34 107.79
0.601238 34 107.8
0.599691 33 107.81
0.59795 33 107.82
0.596983 32 107.83
0.594856 31 107.84
0.592922 30 107.85
0.591375 30 107.86
0.590215 30 107.87
0.587701 29 107.88
0.585573 29 107.89
0.58364 28 107.9
0.581512 27 107.91
0.580159 26 107.92
0.577838 26 107.93
0.575711 26 107.94
0.57339 26 107.95
0.570876 26 107.96
0.568749 25 107.97
0.566041 25 107.98
0.563914 22 107.99
0.562367 21 108
0.559466 21 108.01
0.557532 20 108.02
0.554438 20 108.03
0.552118 20 108.04
0.549797 20 108.05
0.546703 20 108.06
0.544189 18 108.07
0.540901 18 108.08
0.538581 18 108.09
0.535486 17 108.1
0.531232 17 108.11
0.528718 17 108.12
0.526977 17 108.13
0.523883 16 108.14
0.520789 14 108.15
0.515761 14 108.16
0.51286 12 108.17
0.508799 12 108.18
0.505512 12 108.19
0.500097 12 108.2
0.497583 12 108.21
0.493908 12 108.22
0.490814 11 108.23
0.487527 11 108.24
0.483079 11 108.25
0.478631 11 108.26
0.47631 11 108.27
0.473023 11 108.28
0.467995 11 108.29
0.465481 11 108.3
0.461419 10 108.31
0.458132 10 108.32
0.455038 10 108.33
0.452524 9 108.34
0.449623 9 108.35
0.445949 8 108.36
0.443628 8 108.37
0.43976 8 108.38
0.435312 8 108.39
0.431831 8 108.4
0.42835 8 108.41
0.42545 8 108.42
0.422936 8 108.43
0.418874 8 108.44
0.415587 7 108.45
0.411526 7 108.46
0.407658 7 108.47
0.403404 7 108.48
0.399923 7 108.49
0.396442 6 108.5
0.392187 5 108.51
0.389093 5 108.52
0.384065 4 108.53
0.380584 3 108.54
0.375943 3 108.55
0.372075 3 108.56
0.368594 3 108.57
0.365113 3 108.58
0.361826 3 108.59
0.356024 3 108.6
0.35235 3 108.61
0.347515 3 108.62
0.344034 3 108.63
0.339393 3 108.64
0.332431 3 108.65
0.329143 2 108.66
0.325469 2 108.67
0.320828 2 108.68
0.31638 1 108.69
0.313092 1 108.7
0.309031 1 108.71
0.30613 1 108.72
0.301102 1 108.73
0.297235 1 108.74
0.29356 1 108.75
0.289499 1 108.76
0.285245 1 108.77
0.281377 1 108.78
0.276929 1 108.79
0.273448 1 108.8
0.269967 1 108.81
0.26726 1 108.82
0.263005 1 108.83
0.259524 1 108.84
0.255463 1 108.85
0.251982 0 108.86
0.247341 0 108.87
0.243667 0 108.88
0.241346 0 108.89
0.238639 0 108.9
0.234964 0 108.91
0.230903 0 108.92
0.228196 0 108.93
0.223748 0 108.94
0.219687 0 108.95
0.217366 0 108.96
0.214659 0 108.97
0.211178 0 108.98
0.208084 0 108.99
0.204603 0 109
0.200155 0 109.01
0.195127 0 109.02
0.191452 0 109.03
0.187198 0 109.04
0.184297 0 109.05
0.181783 0 109.06
0.178302 0 109.07
0.175015 0 109.08
0.17018 0 109.09
0.167086 0 109.1
0.164572 0 109.11
0.163025 0 109.12
0.15993 0 109.13
0.157803 0 109.14
0.155096 0 109.15
0.151808 0 109.16
0.148907 0 109.17
0.145426 0 109.18
0.143299 0 109.19
0.141559 0 109.2
0.139625 0 109.21
0.137111 0 109.22
0.134597 0 109.23
0.132856 0 109.24
0.128989 0 109.25
0.125508 0 109.26
0.122607 0 109.27
0.12106 0 109.28
0.118933 0 109.29
0.115645 0 109.3
0.11081 0 109.31
0.108876 0 109.32
0.106943 0 109.33
0.104235 0 109.34
0.102108 0 109.35
0.100174 0 109.36
0.0974666 0 109.37
0.0953394 0 109.38
0.0935989 0 109.39
0.0910849 0 109.4
0.0879907 0 109.41
0.086637 0 109.42
0.0845098 0 109.43
0.0819957 0 109.44
0.0798685 0 109.45
0.0779346 0 109.46
0.0763875 0 109.47
0.0752272 0 109.48
0.0732934 0 109.49
0.072133 0 109.5
0.0700058 0 109.51
0.0678786 0 109.52
0.0655579 0 109.53
0.0628505 0 109.54
0.0614968 0 109.55
0.0593696 0 109.56
0.0576291 0 109.57
0.0564688 0 109.58
0.0551151 0 109.59
0.0541481 0 109.6
0.0527944 0 109.61
0.0508606 0 109.62
0.0493135 0 109.63
0.0481532 0 109.64
0.0454458 0 109.65
0.0442854 0 109.66
0.0423516 0 109.67
0.0413846 0 109.68
0.0396442 0 109.69
0.0380971 0 109.7
0.0371301 0 109.71
0.0363566 0 109.72
0.0359698 0 109.73
0.0355831 0 109.74
0.0346161 0 109.75
0.033069 0 109.76
0.0326823 0 109.77
0.0313286 0 109.78
0.0309418 0 109.79
0.0303616 0 109.8
0.0290079 0 109.81
0.028041 0 109.82
0.0268807 0 109.83
0.0259137 0 109.84
0.0247534 0 109.85
0.0239799 0 109.86
0.0233997 0 109.87
0.0224328 0 109.88
0.0212725 0 109.9
0.0208857 0 109.91
0.0201122 0 109.92
0.0187585 0 109.93
0.0181783 0 109.94
0.0174048 0 109.95
0.0168246 0 109.96
0.0162444 0 109.98
0.0160511 0 110
0.0156643 0 110.01
0.0146974 0 110.02
0.013537 0 110.03
0.0125701 0 110.04
0.0123767 0 110.05
0.0121833 0 110.06
0.0117966 0 110.07
0.0112164 0 110.08
0.011023 0 110.09
0.0108296 0 110.1
0.0104429 0 110.11
0.0098627 0 110.12
0.00947592 0 110.13
0.00908915 0 110.14
0.00850899 0 110.15
0.00831561 0 110.16
0.00812222 0 110.18
0.00792883 0 110.2
0.00676852 0 110.21
0.00657513 0 110.22
0.00638174 0 110.23
0.00522143 0 110.26
0.00502804 0 110.28
0.00464127 0 110.3
0.00406111 0 110.35
0.00386772 0 110.37
0.00328757 0 110.41
0.00309418 0 110.43
0.00270741 0 110.44
0.00251402 0 110.45
0.00232063 0 110.46
0.00193386 0 110.47
0.00174048 0 110.48
0.0013537 0 110.56
0.00116032 0 110.64
0.000966931 0 110.65
0.000773545 0 110.66
0.000580159 0 110.92
0.000386772 0 110.99
0.000193386 0 111.01
0 0 1.79769e+308
