0.484141 227
0.484002 227
0.484002 226
0.484002 225
0.484002 224
0.484002 223
0.483823 222
0.483721 222
0.483587 221
0.483462 220
0.483462 219
0.483462 218
0.483338 217
0.483338 215
0.483209 214
0.483209 213
0.483083 213
0.482859 212
0.482839 210
0.482839 208
0.482839 206
0.482745 203
0.48261 201
0.482509 200
0.482398 199
0.482398 198
0.482276 198
0.48214 198
0.482037 195
0.481646 195
0.481646 193
0.48148 191
0.481342 190
0.481342 187
0.481212 185
0.481139 184
0.481139 182
0.48086 179
0.480647 176
0.480519 176
0.480392 175
0.480281 174
0.479649 172
0.479649 171
0.479642 168
0.47952 166
0.479238 163
0.479099 163
0.478766 162
0.47862 161
0.47862 159
0.478341 154
0.47797 152
0.477833 150
0.477512 148
0.477139 145
0.476528 143
0.476411 140
0.476411 139
0.476271 137
0.475872 136
0.475649 135
0.475515 133
0.475419 131
0.475406 129
0.47515 129
0.474928 127
0.474765 124
0.474631 122
0.474004 121
0.473666 119
0.473158 117
0.472672 114
0.472432 113
0.472195 111
0.472069 109
0.471755 108
0.471035 107
0.470332 105
0.470195 104
0.469641 103
0.469157 102
0.468439 102
0.467918 102
0.467181 102
0.46705 99
0.465989 97
0.46564 96
0.464601 92
0.463413 90
0.462695 88
0.462314 88
0.462179 86
0.46136 82
0.460695 80
0.460084 79
0.459314 78
0.458683 75
0.45778 73
0.456748 73
0.455611 71
0.454431 70
0.453733 70
0.452953 70
0.452195 68
0.451683 66
0.451231 65
0.450038 63
0.44821 61
0.446925 61
0.445745 59
0.445016 59
0.444023 58
0.442696 57
0.441691 57
0.440213 55
0.438571 52
0.438453 51
0.437561 50
0.436444 48
0.43533 46
0.434332 46
0.43299 46
0.432092 44
0.430875 43
0.429895 42
0.428282 39
0.426672 38
0.424523 38
0.422553 37
0.420841 36
0.419906 36
0.41866 33
0.417396 33
0.415817 33
0.414635 33
0.413315 32
0.411137 32
0.410178 30
0.408748 29
0.407773 28
0.406445 26
0.404388 24
0.403785 23
0.402181 23
0.40038 22
0.398904 21
0.397302 19
0.39527 19
0.393184 19
0.39107 19
0.389382 17
0.387949 17
0.386178 17
0.383983 16
0.383091 16
0.381503 15
0.379508 15
0.377881 15
0.376642 14
0.375123 14
0.373368 13
0.371428 13
0.369187 13
0.367634 13
0.36546 12
0.363217 12
0.361303 11
0.358431 11
0.356618 10
0.354257 10
0.351374 10
0.347455 10
0.345328 10
0.343208 10
0.341732 10
0.339178 10
0.336493 9
0.334434 9
0.332223 9
0.330244 9
0.327345 9
0.324405 9
0.321813 9
0.32042 9
0.317663 9
0.314444 9
0.310866 9
0.308177 9
0.30522 8
0.302086 8
0.300799 8
0.298669 8
0.295412 7
0.292504 7
0.290401 6
0.288204 6
0.286182 6
0.282614 6
0.279792 6
0.276397 4
0.274255 4
0.271372 4
0.269068 4
0.265704 4
0.262461 4
0.259154 4
0.256679 4
0.25361 4
0.251016 4
0.248023 3
0.244461 3
0.241834 3
0.238907 3
0.235707 3
0.232079 3
0.229358 3
0.226391 3
0.223041 3
0.219566 3
0.216213 3
0.213234 3
0.210965 3
0.208627 3
0.20544 3
0.203477 3
0.200556 3
0.197175 3
0.193487 2
0.190265 2
0.187501 2
0.185006 2
0.182155 2
0.179053 2
0.176907 2
0.173494 2
0.171586 2
0.168666 2
0.166844 2
0.164282 2
0.161849 2
0.159053 2
0.155675 2
0.153725 2
0.151429 2
0.147843 2
0.146087 2
0.143511 2
0.141117 1
0.138463 1
0.135887 1
0.133718 1
0.131533 1
0.128668 1
0.126481 1
0.124302 1
0.122208 1
0.119109 1
0.116532 1
0.115279 1
0.113144 1
0.110441 1
0.108375 1
0.105648 0
0.104108 0
0.102576 0
0.100258 0
0.0977951 0
0.0957437 0
0.0938357 0
0.0916098 0
0.089599 0
0.0879158 0
0.0848783 0
0.0827021 0
0.0813084 0
0.0798917 0
0.0778464 0
0.0754344 0
0.0728041 0
0.071266 0
0.069116 0
0.0678657 0
0.0659639 0
0.0643083 0
0.0631628 0
0.0616402 0
0.0602354 0
0.0590568 0
0.058299 0
0.0563349 0
0.054274 0
0.0518928 0
0.0505012 0
0.049063 0
0.047608 0
0.0456731 0
0.0448866 0
0.0425701 0
0.0406567 0
0.0391018 0
0.0367846 0
0.0356284 0
0.0344898 0
0.0342328 0
0.0333373 0
0.0317575 0
0.0301737 0
0.0291291 0
0.0281074 0
0.0269302 0
0.0258637 0
0.0250826 0
0.0246927 0
0.0239014 0
0.0231231 0
0.0220706 0
0.0211746 0
0.0206497 0
0.0202717 0
0.0198825 0
0.0191126 0
0.0185728 0
0.0176857 0
0.0169388 0
0.0162998 0
0.0157625 0
0.0152234 0
0.014563 0
0.0134844 0
0.0123304 0
0.0122116 0
0.0116952 0
0.011581 0
0.0114482 0
0.0108338 0
0.0105774 0
0.0103163 0
0.00993113 0
0.00980116 0
0.0091287 0
0.00887587 0
0.00836069 0
0.00784803 0
0.00770809 0
0.00719642 0
0.0069416 0
0.00667051 0
0.00627806 0
0.00577144 0
0.00550989 0
0.0050905 0
0.00497183 0
0.00468178 0
0.00455634 0
0.00443401 0
0.00430376 0
0.00391775 0
0.00365155 0
0.00324151 0
0.00298966 0
0.00273523 0
0.00236001 0
0.0021066 0
0.00197192 0
0.00183148 0
0.00169836 0
0.0014528 0
0.00132048 0
0.00118788 0
0.000917829 0
0.000789144 0
0.000662439 0
0.000530045 0
0.000397744 0
0.000264725 0
0.000139603 0
0 0
