0.668343 61 54.66
0.668149 61 54.74
0.667956 61 54.79
0.667763 61 54.89
0.667569 61 54.92
0.667376 61 54.96
0.667182 61 54.98
0.666989 61 55
0.666989 60 55.01
0.666989 59 55.07
0.666602 59 55.11
0.666409 59 55.12
0.666022 59 55.13
0.666022 58 55.14
0.665829 58 55.15
0.665635 58 55.17
0.665442 58 55.18
0.665249 58 55.19
0.665249 57 55.21
0.664475 56 55.22
0.663895 55 55.23
0.663895 54 55.24
0.663701 54 55.25
0.663315 54 55.26
0.662541 54 55.27
0.662154 54 55.28
0.661381 54 55.29
0.660414 54 55.3
0.659447 54 55.31
0.659254 53 55.32
0.65906 52 55.33
0.65848 52 55.34
0.657706 52 55.35
0.657513 52 55.36
0.657126 51 55.37
0.65674 51 55.38
0.656546 50 55.39
0.656159 50 55.4
0.655773 50 55.41
0.655386 49 55.42
0.654419 49 55.43
0.653259 49 55.44
0.653065 49 55.45
0.652098 49 55.46
0.651131 49 55.47
0.650551 49 55.48
0.649197 47 55.49
0.648424 47 55.5
0.647264 46 55.51
0.646297 44 55.52
0.644943 44 55.53
0.64475 44 55.54
0.643976 44 55.55
0.643783 44 55.56
0.643396 43 55.57
0.642622 43 55.58
0.641462 43 55.59
0.640108 43 55.6
0.638948 43 55.61
0.637401 43 55.62
0.636627 42 55.63
0.636047 41 55.64
0.634887 41 55.65
0.63392 40 55.66
0.631599 40 55.67
0.630439 39 55.68
0.628699 39 55.69
0.627538 39 55.7
0.626378 39 55.71
0.625024 38 55.72
0.62367 38 55.73
0.622317 38 55.74
0.620963 38 55.75
0.619416 38 55.76
0.617289 38 55.77
0.616322 37 55.78
0.614001 35 55.79
0.61052 33 55.8
0.609167 32 55.81
0.606652 32 55.82
0.604332 32 55.83
0.602591 32 55.84
0.601238 32 55.85
0.599691 31 55.86
0.59795 30 55.87
0.59621 29 55.88
0.594082 28 55.89
0.593309 28 55.9
0.589635 27 55.91
0.586154 27 55.92
0.584413 27 55.93
0.581706 27 55.94
0.579578 27 55.95
0.577838 26 55.96
0.574937 25 55.97
0.573777 25 55.98
0.571843 24 55.99
0.570296 22 56
0.568362 21 56.01
0.566815 21 56.02
0.563527 21 56.03
0.560433 20 56.04
0.558113 19 56.05
0.555212 18 56.06
0.552891 18 56.07
0.54999 18 56.08
0.547863 18 56.09
0.544189 18 56.1
0.541095 18 56.11
0.539161 17 56.12
0.53626 16 56.13
0.533553 16 56.14
0.530265 16 56.15
0.527364 16 56.16
0.52543 16 56.17
0.523496 16 56.18
0.520982 16 56.19
0.517501 16 56.2
0.513054 15 56.21
0.508799 15 56.22
0.505898 15 56.23
0.502224 15 56.24
0.49971 15 56.25
0.495842 15 56.26
0.492361 15 56.27
0.48946 15 56.28
0.486173 14 56.29
0.482499 13 56.3
0.479018 12 56.31
0.473603 12 56.32
0.471282 12 56.33
0.469155 12 56.34
0.465287 11 56.35
0.462193 11 56.36
0.459292 11 56.37
0.457552 11 56.38
0.453684 10 56.39
0.45001 9 56.4
0.446142 9 56.41
0.441694 7 56.42
0.43802 7 56.43
0.434926 7 56.44
0.430864 6 56.45
0.425063 6 56.46
0.421582 6 56.47
0.418294 6 56.48
0.413846 6 56.49
0.409205 6 56.5
0.405724 6 56.51
0.402243 6 56.52
0.398569 6 56.53
0.394508 6 56.54
0.39064 6 56.55
0.386386 6 56.56
0.384065 6 56.57
0.379037 6 56.58
0.373042 6 56.59
0.368981 6 56.6
0.363759 6 56.61
0.358731 6 56.62
0.353703 6 56.63
0.348869 6 56.64
0.344614 6 56.65
0.341133 6 56.66
0.336492 6 56.67
0.332624 6 56.68
0.329143 5 56.69
0.322762 5 56.7
0.31812 5 56.71
0.313286 5 56.72
0.307291 5 56.73
0.301682 5 56.74
0.297621 4 56.75
0.293754 4 56.76
0.290466 4 56.77
0.286985 4 56.78
0.281957 3 56.79
0.276736 3 56.8
0.274028 3 56.81
0.26958 2 56.82
0.264746 2 56.83
0.259718 2 56.84
0.256817 2 56.85
0.253336 1 56.86
0.249662 1 56.87
0.2456 1 56.88
0.240766 1 56.89
0.237478 1 56.9
0.233224 1 56.91
0.226649 1 56.92
0.221814 1 56.93
0.21872 1 56.94
0.215045 1 56.95
0.210984 1 56.96
0.207697 1 56.97
0.203829 1 56.98
0.198027 1 56.99
0.19358 1 57
0.190292 1 57.01
0.186038 1 57.02
0.18217 1 57.03
0.180236 1 57.04
0.177142 0 57.05
0.173854 0 57.06
0.171534 0 57.07
0.167859 0 57.08
0.164765 0 57.09
0.162444 0 57.1
0.159157 0 57.11
0.156063 0 57.12
0.152195 0 57.13
0.149101 0 57.14
0.1462 0 57.15
0.143299 0 57.16
0.140398 0 57.17
0.137691 0 57.18
0.134597 0 57.19
0.131503 0 57.2
0.128602 0 57.21
0.125894 0 57.22
0.123961 0 57.23
0.120286 0 57.24
0.117192 0 57.25
0.114678 0 57.26
0.112551 0 57.27
0.109843 0 57.28
0.106556 0 57.29
0.104429 0 57.3
0.102108 0 57.31
0.100561 0 57.32
0.0978534 0 57.33
0.0953394 0 57.34
0.0932121 0 57.35
0.0910849 0 57.36
0.0887643 0 57.37
0.0860569 0 57.38
0.0835428 0 57.39
0.0821891 0 57.4
0.0810288 0 57.41
0.0785148 0 57.42
0.0763875 0 57.43
0.0740669 0 57.44
0.0725198 0 57.45
0.0703926 0 57.46
0.0674918 0 57.47
0.0661381 0 57.48
0.0649778 0 57.49
0.0630439 0 57.5
0.0609167 0 57.51
0.0589828 0 57.52
0.0572423 0 57.53
0.0555018 0 57.54
0.0537614 0 57.55
0.0533746 0 57.56
0.0518275 0 57.57
0.0502804 0 57.58
0.0487333 0 57.59
0.0471862 0 57.6
0.0462193 0 57.61
0.0452524 0 57.62
0.0431251 0 57.63
0.0413846 0 57.64
0.0404177 0 57.65
0.0398376 0 57.66
0.0388706 0 57.67
0.0375169 0 57.68
0.0361632 0 57.69
0.0355831 0 57.7
0.0336492 0 57.71
0.0328757 0 57.72
0.0317153 0 57.73
0.0303616 0 57.74
0.0293947 0 57.75
0.0284278 0 57.76
0.0272675 0 57.77
0.0264939 0 57.78
0.0249468 0 57.79
0.023013 0 57.8
0.0210791 0 57.81
0.0206923 0 57.82
0.0203056 0 57.83
0.0193386 0 57.84
0.0189518 0 57.85
0.0181783 0 57.86
0.0172114 0 57.87
0.0162444 0 57.88
0.0158577 0 57.89
0.0154709 0 57.9
0.0152775 0 57.91
0.0148907 0 57.92
0.0141172 0 57.93
0.0131503 0 57.94
0.0129569 0 57.95
0.0125701 0 57.96
0.0123767 0 57.97
0.0116032 0 57.98
0.0106362 0 57.99
0.0098627 0 58.01
0.00947592 0 58.02
0.00889576 0 58.03
0.00812222 0 58.04
0.00734868 0 58.05
0.00638174 0 58.06
0.00618836 0 58.08
0.00580159 0 58.09
0.00541481 0 58.11
0.00483465 0 58.14
0.00444788 0 58.15
0.00406111 0 58.16
0.00348095 0 58.18
0.00328757 0 58.19
0.00309418 0 58.2
0.00290079 0 58.22
0.00270741 0 58.23
0.00251402 0 58.24
0.00212725 0 58.25
0.00193386 0 58.29
0.00174048 0 58.32
0.00154709 0 58.38
0.0013537 0 58.39
0.00116032 0 58.47
0.000966931 0 58.5
0.000773545 0 58.51
0.000580159 0 58.54
0.000386772 0 58.55
0.000193386 0 58.68
0 0 1.79769e+308
