0.638174 67 54.62
0.637981 67 54.74
0.637788 67 54.79
0.637594 67 54.89
0.637401 67 54.92
0.637208 67 54.96
0.637014 67 54.98
0.636821 67 55
0.636821 66 55.01
0.636821 65 55.07
0.636627 65 55.11
0.636434 65 55.12
0.636047 65 55.13
0.636047 64 55.15
0.635854 64 55.17
0.63566 64 55.18
0.635467 64 55.19
0.635467 63 55.21
0.634693 61 55.22
0.634113 60 55.23
0.634113 59 55.24
0.63392 59 55.25
0.633533 59 55.26
0.63276 59 55.27
0.632373 59 55.28
0.631599 59 55.29
0.630632 59 55.3
0.629859 59 55.31
0.629859 58 55.32
0.629665 57 55.33
0.628892 57 55.34
0.628118 57 55.35
0.627925 57 55.36
0.627345 56 55.37
0.626958 56 55.38
0.626571 55 55.39
0.626184 55 55.4
0.625798 55 55.41
0.625411 54 55.42
0.624444 54 55.43
0.623284 54 55.45
0.622317 54 55.46
0.62135 54 55.47
0.620963 54 55.48
0.619996 52 55.49
0.619223 52 55.5
0.618062 51 55.51
0.617289 50 55.52
0.615935 50 55.53
0.615742 50 55.54
0.614968 50 55.55
0.614581 50 55.56
0.614001 49 55.57
0.613228 49 55.58
0.612067 49 55.59
0.61052 49 55.6
0.60936 49 55.61
0.607619 49 55.62
0.606266 48 55.63
0.605299 47 55.64
0.603945 47 55.65
0.603172 47 55.66
0.601044 47 55.67
0.599691 45 55.68
0.598143 45 55.69
0.596983 45 55.7
0.596016 45 55.71
0.594663 44 55.72
0.593115 44 55.73
0.591955 44 55.74
0.590408 44 55.75
0.589054 44 55.76
0.58712 44 55.77
0.58596 43 55.78
0.584026 41 55.79
0.581126 39 55.8
0.579385 38 55.81
0.576871 38 55.82
0.57455 38 55.83
0.57281 38 55.84
0.571456 38 55.85
0.569909 37 55.86
0.568362 36 55.87
0.566428 35 55.88
0.563914 34 55.89
0.563141 33 55.9
0.559273 32 55.91
0.555985 32 55.92
0.554245 32 55.93
0.552118 32 55.94
0.54999 32 55.95
0.54825 31 55.96
0.545156 30 55.97
0.543995 30 55.98
0.542255 29 55.99
0.540514 27 56
0.538581 26 56.01
0.537227 26 56.02
0.534133 26 56.03
0.531038 25 56.04
0.528331 24 56.05
0.52601 22 56.06
0.523496 22 56.07
0.520596 21 56.08
0.518662 21 56.09
0.514601 21 56.1
0.51112 21 56.11
0.509379 20 56.12
0.507059 18 56.13
0.504351 18 56.14
0.501064 18 56.15
0.498163 18 56.16
0.496036 18 56.17
0.494295 18 56.18
0.492168 18 56.19
0.489074 18 56.2
0.485399 16 56.21
0.481338 16 56.22
0.478437 16 56.23
0.475343 16 56.24
0.473216 16 56.25
0.469542 16 56.26
0.465481 16 56.27
0.46258 16 56.28
0.460066 15 56.29
0.456585 14 56.3
0.453297 13 56.31
0.448463 13 56.32
0.446335 13 56.33
0.444208 13 56.34
0.440147 12 56.35
0.437633 12 56.36
0.434345 12 56.37
0.432798 12 56.38
0.428737 11 56.39
0.425256 10 56.4
0.421389 10 56.41
0.416747 8 56.42
0.41288 8 56.43
0.410172 8 56.44
0.406111 7 56.45
0.401276 7 56.46
0.397989 7 56.47
0.394701 7 56.48
0.39006 7 56.49
0.385032 7 56.5
0.381551 7 56.51
0.378263 7 56.52
0.374396 7 56.53
0.370528 7 56.54
0.366854 7 56.55
0.363373 7 56.56
0.360859 7 56.57
0.355444 7 56.58
0.350029 7 56.59
0.346741 7 56.6
0.341907 7 56.61
0.336879 7 56.62
0.332044 7 56.63
0.327209 7 56.64
0.322955 7 56.65
0.318894 7 56.66
0.314253 7 56.67
0.310578 7 56.68
0.307097 6 56.69
0.301489 6 56.7
0.296848 6 56.71
0.29182 6 56.72
0.285825 6 56.73
0.280797 6 56.74
0.276929 5 56.75
0.273641 5 56.76
0.270741 5 56.77
0.267646 5 56.78
0.262812 4 56.79
0.257977 4 56.8
0.255463 4 56.81
0.251015 3 56.82
0.246761 3 56.83
0.241926 3 56.84
0.239605 3 56.85
0.236318 2 56.86
0.232644 2 56.87
0.228969 2 56.88
0.224135 2 56.89
0.22104 2 56.9
0.216593 2 56.91
0.210404 2 56.92
0.205763 2 56.93
0.203056 2 56.94
0.199381 2 56.95
0.195513 2 56.96
0.192419 2 56.97
0.188165 2 56.98
0.182557 2 56.99
0.178882 2 57
0.176175 2 57.01
0.172114 2 57.02
0.168633 2 57.03
0.166892 2 57.04
0.163605 1 57.05
0.160511 1 57.06
0.15819 1 57.07
0.155096 1 57.08
0.152388 1 57.09
0.150261 1 57.1
0.14736 0 57.11
0.144653 0 57.12
0.140979 0 57.13
0.138078 0 57.14
0.13537 0 57.15
0.132663 0 57.16
0.129956 0 57.17
0.127248 0 57.18
0.123961 0 57.19
0.12164 0 57.2
0.118933 0 57.21
0.116225 0 57.22
0.114485 0 57.23
0.11081 0 57.24
0.108103 0 57.25
0.105976 0 57.26
0.104235 0 57.27
0.101721 0 57.28
0.098627 0 57.29
0.0966931 0 57.3
0.0945658 0 57.31
0.0930188 0 57.32
0.0903114 0 57.33
0.0877973 0 57.34
0.0860569 0 57.35
0.0847032 0 57.36
0.0823825 0 57.37
0.0798685 0 57.38
0.0775479 0 57.39
0.0761942 0 57.4
0.0748405 0 57.41
0.0723264 0 57.42
0.0701992 0 57.43
0.0680719 0 57.44
0.0665249 0 57.45
0.064591 0 57.46
0.0616902 0 57.47
0.0605299 0 57.48
0.0593696 0 57.49
0.0574357 0 57.5
0.0555018 0 57.51
0.053568 0 57.52
0.0524077 0 57.53
0.0506672 0 57.54
0.0493135 0 57.55
0.0489267 0 57.56
0.0477664 0 57.57
0.0464127 0 57.58
0.0448656 0 57.59
0.0433185 0 57.6
0.042545 0 57.61
0.041578 0 57.62
0.0394508 0 57.63
0.0379037 0 57.64
0.0371301 0 57.65
0.03655 0 57.66
0.0355831 0 57.67
0.0342294 0 57.68
0.0332624 0 57.69
0.0328757 0 57.7
0.0309418 0 57.71
0.0301682 0 57.72
0.0292013 0 57.73
0.0278476 0 57.74
0.0266873 0 57.75
0.0259137 0 57.76
0.0247534 0 57.77
0.0239799 0 57.78
0.0224328 0 57.79
0.0204989 0 57.8
0.0191452 0 57.81
0.0189518 0 57.82
0.0185651 0 57.83
0.0175981 0 57.84
0.0172114 0 57.85
0.0164378 0 57.86
0.0154709 0 57.87
0.0146974 0 57.88
0.0143106 0 57.89
0.0139238 0 57.9
0.0137304 0 57.91
0.0133436 0 57.92
0.0125701 0 57.93
0.0116032 0 57.94
0.0114098 0 57.95
0.011023 0 57.96
0.0108296 0 57.97
0.0102495 0 57.98
0.00947592 0 57.99
0.00889576 0 58.01
0.00870238 0 58.02
0.00812222 0 58.03
0.00773545 0 58.04
0.0069619 0 58.05
0.00599497 0 58.06
0.00580159 0 58.08
0.00541481 0 58.09
0.00502804 0 58.11
0.00464127 0 58.14
0.0042545 0 58.15
0.00386772 0 58.16
0.00328757 0 58.18
0.00309418 0 58.19
0.00290079 0 58.2
0.00270741 0 58.22
0.00251402 0 58.23
0.00232063 0 58.24
0.00193386 0 58.25
0.00174048 0 58.29
0.00154709 0 58.32
0.0013537 0 58.38
0.00116032 0 58.39
0.000966931 0 58.5
0.000773545 0 58.51
0.000580159 0 58.54
0.000386772 0 58.55
0.000193386 0 58.68
0 0 1.79769e+308
