0.692323 168 54.22
0.692129 168 54.24
0.692129 167 54.53
0.691936 167 54.61
0.691936 166 54.64
0.691936 165 54.65
0.691742 165 54.67
0.691549 164 54.69
0.691356 164 54.72
0.691356 163 54.73
0.691356 162 54.75
0.691356 161 54.76
0.691162 161 54.83
0.690969 161 54.85
0.690969 159 54.86
0.690582 159 54.87
0.690582 157 54.88
0.690389 155 54.89
0.690389 154 54.91
0.690389 153 54.92
0.690195 153 54.93
0.690195 152 54.95
0.690195 151 54.96
0.690195 148 54.97
0.690002 147 54.98
0.689809 147 54.99
0.689809 146 55
0.689809 145 55.01
0.688842 145 55.02
0.688842 144 55.03
0.688842 142 55.04
0.688648 142 55.05
0.688261 140 55.06
0.688261 139 55.07
0.688261 138 55.08
0.688261 137 55.09
0.688261 136 55.1
0.688261 135 55.12
0.688261 133 55.13
0.687681 129 55.14
0.687101 128 55.16
0.686908 126 55.17
0.686521 123 55.18
0.685554 122 55.19
0.685167 119 55.2
0.685167 118 55.21
0.684781 117 55.22
0.6842 116 55.23
0.683814 115 55.24
0.68362 114 55.25
0.68362 113 55.26
0.683427 111 55.27
0.68304 111 55.28
0.68246 109 55.29
0.682266 106 55.3
0.682073 105 55.31
0.681106 105 55.32
0.680913 105 55.33
0.680333 104 55.34
0.679946 103 55.35
0.679752 102 55.36
0.679559 100 55.37
0.679366 99 55.38
0.678979 99 55.39
0.678205 98 55.4
0.677045 95 55.41
0.676658 95 55.42
0.675885 94 55.43
0.675691 94 55.44
0.674724 94 55.45
0.674144 94 55.46
0.673177 94 55.47
0.672791 91 55.48
0.671437 90 55.49
0.670857 89 55.5
0.669503 88 55.51
0.667956 86 55.52
0.666989 85 55.53
0.666602 85 55.54
0.666215 84 55.55
0.665055 82 55.56
0.663895 80 55.57
0.662541 79 55.58
0.661961 79 55.59
0.660801 76 55.6
0.659254 74 55.61
0.658093 74 55.62
0.65674 72 55.63
0.655386 72 55.64
0.654225 72 55.65
0.652872 72 55.66
0.651518 70 55.67
0.650551 69 55.68
0.650164 68 55.69
0.648617 68 55.7
0.645523 67 55.71
0.643589 67 55.72
0.641849 64 55.73
0.640688 64 55.74
0.638948 63 55.75
0.637208 62 55.76
0.63508 62 55.77
0.633146 60 55.78
0.630439 59 55.79
0.630246 58 55.8
0.629085 57 55.81
0.627732 55 55.82
0.626378 54 55.83
0.624444 54 55.84
0.624057 54 55.85
0.621543 54 55.86
0.62019 52 55.87
0.618836 51 55.88
0.617289 50 55.89
0.614775 46 55.9
0.611874 45 55.91
0.608973 44 55.92
0.605686 43 55.93
0.603365 41 55.94
0.601431 40 55.95
0.59911 37 55.96
0.596983 37 55.97
0.594856 37 55.98
0.593115 37 55.99
0.590988 36 56
0.588281 36 56.01
0.586734 35 56.02
0.584606 34 56.03
0.583253 33 56.04
0.581512 31 56.05
0.578418 29 56.06
0.577645 28 56.07
0.575131 28 56.08
0.57223 27 56.09
0.569716 26 56.1
0.567202 24 56.11
0.563914 24 56.12
0.560627 24 56.13
0.557919 23 56.14
0.555405 21 56.15
0.553085 21 56.16
0.550957 21 56.17
0.54767 20 56.18
0.546509 20 56.19
0.544382 19 56.2
0.541288 19 56.21
0.538774 19 56.22
0.537033 17 56.23
0.534906 17 56.24
0.532586 16 56.25
0.529491 16 56.26
0.525624 16 56.27
0.523303 16 56.28
0.520015 14 56.29
0.516535 13 56.3
0.513634 13 56.31
0.508992 13 56.32
0.505898 12 56.33
0.502804 12 56.34
0.498356 12 56.35
0.492748 12 56.36
0.489654 12 56.37
0.486946 11 56.38
0.484819 11 56.39
0.481532 11 56.4
0.477664 10 56.41
0.474763 10 56.42
0.472056 10 56.43
0.468962 10 56.44
0.46432 10 56.45
0.460066 10 56.46
0.456005 10 56.47
0.454651 10 56.48
0.45059 10 56.49
0.445368 10 56.5
0.43976 10 56.51
0.435506 10 56.52
0.431251 9 56.53
0.426803 9 56.54
0.425063 9 56.55
0.421582 9 56.56
0.417327 8 56.57
0.41346 8 56.58
0.410559 7 56.59
0.407271 7 56.6
0.403984 7 56.61
0.398956 7 56.62
0.394701 7 56.63
0.39006 5 56.64
0.386579 5 56.65
0.382131 5 56.66
0.378844 5 56.67
0.374396 5 56.68
0.370335 5 56.69
0.365113 5 56.7
0.361439 5 56.71
0.356604 5 56.72
0.353317 5 56.73
0.348675 4 56.74
0.34326 4 56.75
0.339586 4 56.76
0.335525 4 56.77
0.331077 3 56.78
0.326243 3 56.79
0.321988 3 56.8
0.31754 3 56.81
0.313092 3 56.82
0.307871 3 56.83
0.303423 3 56.84
0.299942 3 56.85
0.296848 3 56.86
0.29298 3 56.87
0.288726 3 56.88
0.285631 3 56.89
0.28099 3 56.9
0.276155 3 56.91
0.270741 2 56.92
0.266099 2 56.93
0.262038 2 56.94
0.258364 2 56.95
0.254496 2 56.96
0.250242 2 56.97
0.247341 2 56.98
0.2427 2 56.99
0.239799 2 57
0.235544 2 57.01
0.232837 2 57.02
0.228969 2 57.03
0.224908 2 57.04
0.220847 2 57.05
0.216012 2 57.06
0.213305 2 57.07
0.210404 2 57.08
0.204989 2 57.09
0.202475 2 57.1
0.198994 2 57.11
0.1959 1 57.12
0.192032 1 57.13
0.188165 1 57.14
0.185071 1 57.15
0.18217 1 57.16
0.178302 1 57.17
0.175208 1 57.18
0.171727 1 57.19
0.16902 1 57.2
0.165152 1 57.21
0.161671 1 57.22
0.159737 1 57.23
0.156643 1 57.24
0.152968 1 57.25
0.150068 1 57.26
0.1462 0 57.27
0.143879 0 57.28
0.141559 0 57.29
0.138078 0 57.3
0.134984 0 57.31
0.131889 0 57.32
0.129375 0 57.33
0.125894 0 57.34
0.122994 0 57.35
0.121253 0 57.36
0.116805 0 57.37
0.113518 0 57.38
0.11139 0 57.39
0.109843 0 57.4
0.107523 0 57.41
0.104235 0 57.42
0.100561 0 57.43
0.0984336 0 57.44
0.095146 0 57.45
0.0932121 0 57.46
0.0903114 0 57.47
0.0881841 0 57.48
0.0864436 0 57.49
0.0843164 0 57.5
0.0821891 0 57.51
0.080642 0 57.52
0.0794817 0 57.53
0.0767743 0 57.54
0.0742603 0 57.55
0.0711661 0 57.56
0.0688455 0 57.57
0.0667182 0 57.58
0.064591 0 57.59
0.062077 0 57.6
0.06111 0 57.61
0.0582092 0 57.62
0.0555018 0 57.63
0.0533746 0 57.64
0.0506672 0 57.65
0.0491201 0 57.66
0.0471862 0 57.67
0.0467995 0 57.68
0.0454458 0 57.69
0.0435119 0 57.7
0.0413846 0 57.71
0.0398376 0 57.72
0.0384839 0 57.73
0.0369368 0 57.74
0.0355831 0 57.75
0.0344227 0 57.76
0.0338426 0 57.77
0.0326823 0 57.78
0.0315219 0 57.79
0.0299749 0 57.8
0.0290079 0 57.81
0.0284278 0 57.82
0.0278476 0 57.83
0.0272675 0 57.84
0.0263005 0 57.85
0.0257204 0 57.86
0.0243667 0 57.87
0.0232063 0 57.88
0.0222394 0 57.89
0.0214659 0 57.9
0.0206923 0 57.91
0.0199188 0 57.92
0.0187585 0 57.93
0.017018 0 57.94
0.0168246 0 57.95
0.0160511 0 57.96
0.0158577 0 57.97
0.0156643 0 57.98
0.014504 0 57.99
0.0141172 0 58
0.0137304 0 58.01
0.0131503 0 58.02
0.0129569 0 58.03
0.0119899 0 58.04
0.0116032 0 58.05
0.0108296 0 58.06
0.0102495 0 58.08
0.00947592 0 58.09
0.00908915 0 58.1
0.00870238 0 58.11
0.00831561 0 58.12
0.00754206 0 58.14
0.00715529 0 58.15
0.00657513 0 58.16
0.00638174 0 58.17
0.00599497 0 58.18
0.00580159 0 58.19
0.0056082 0 58.21
0.00502804 0 58.22
0.00464127 0 58.23
0.0042545 0 58.24
0.00386772 0 58.29
0.00348095 0 58.3
0.00309418 0 58.33
0.00270741 0 58.34
0.00251402 0 58.35
0.00232063 0 58.38
0.00212725 0 58.39
0.00174048 0 58.4
0.00154709 0 58.41
0.0013537 0 58.44
0.000966931 0 58.48
0.000773545 0 58.5
0.000580159 0 58.55
0.000386772 0 58.56
0.000193386 0 58.59
0 0 1.79769e+308
