0.215206 5
0.21509 5
0.214974 5
0.214851 5
0.21459 5
0.214465 5
0.214271 4
0.214144 4
0.213764 4
0.213653 4
0.213431 4
0.213297 4
0.213159 4
0.213023 4
0.212889 4
0.21276 4
0.212629 4
0.21251 4
0.212392 4
0.212256 4
0.212135 4
0.212002 4
0.21187 4
0.211747 4
0.211494 4
0.211365 4
0.210886 4
0.210482 4
0.210344 4
0.210215 4
0.20997 4
0.209854 4
0.209476 4
0.209346 4
0.209216 4
0.209089 4
0.208957 4
0.208708 4
0.208579 4
0.208453 4
0.20818 4
0.20792 4
0.207685 4
0.207166 4
0.206897 4
0.20663 4
0.206507 4
0.206368 4
0.205877 4
0.205503 4
0.205369 4
0.205253 4
0.204994 4
0.204638 4
0.204377 4
0.204122 4
0.203997 4
0.203382 4
0.202867 4
0.202746 4
0.202286 4
0.201668 4
0.201274 4
0.201022 4
0.200898 4
0.200661 4
0.200529 4
0.200158 4
0.199918 4
0.199532 4
0.199408 4
0.199015 4
0.198889 4
0.198763 4
0.198495 4
0.197748 4
0.197627 4
0.1966 4
0.196492 4
0.196115 4
0.195454 4
0.194828 4
0.194335 4
0.193835 4
0.193702 4
0.193295 4
0.192896 4
0.192368 4
0.191865 4
0.191631 4
0.191398 4
0.191156 4
0.191018 4
0.19037 4
0.189989 4
0.189366 4
0.18858 4
0.188085 4
0.187445 4
0.186676 4
0.186281 4
0.185907 4
0.185266 4
0.184914 3
0.184291 3
0.183657 3
0.183177 3
0.182917 3
0.182684 3
0.182415 3
0.182188 3
0.181783 3
0.181536 3
0.181155 3
0.180394 3
0.180025 3
0.179533 3
0.17916 3
0.177882 3
0.177499 3
0.177001 3
0.17609 3
0.175731 3
0.175352 3
0.17499 3
0.173944 3
0.173682 3
0.173054 3
0.172262 3
0.172138 3
0.171637 3
0.171156 2
0.17054 2
0.169901 2
0.169208 1
0.168323 1
0.167813 1
0.167554 1
0.16705 1
0.166013 1
0.165513 1
0.165016 1
0.164383 1
0.163661 1
0.162654 1
0.162123 1
0.160989 1
0.159691 1
0.159179 1
0.158305 1
0.156896 1
0.155976 1
0.154964 1
0.15446 1
0.153437 1
0.152664 1
0.151773 1
0.15152 1
0.150374 1
0.14974 1
0.148728 1
0.148073 1
0.147044 1
0.146557 1
0.145524 1
0.144758 1
0.143621 1
0.142732 1
0.141991 1
0.141867 1
0.140591 1
0.139323 1
0.138939 1
0.138181 1
0.13755 1
0.136877 1
0.136359 1
0.136096 1
0.135863 1
0.13471 1
0.133682 1
0.133422 1
0.132371 1
0.131497 1
0.130995 1
0.130125 1
0.129236 1
0.128599 1
0.127981 1
0.12758 1
0.126942 1
0.126074 1
0.125423 1
0.124525 1
0.123491 1
0.122594 1
0.121444 1
0.120666 1
0.11973 1
0.118717 1
0.117983 1
0.117465 1
0.116812 1
0.115643 1
0.114867 1
0.113997 1
0.112696 1
0.111813 1
0.110893 1
0.110119 1
0.109238 1
0.108449 1
0.107543 1
0.106638 1
0.105353 1
0.104472 1
0.103977 1
0.103074 1
0.102028 1
0.101001 1
0.100118 1
0.0993299 1
0.0989347 1
0.0971489 1
0.0966411 0
0.0959768 0
0.0954749 0
0.0936968 0
0.0933278 0
0.0924523 0
0.0919897 0
0.0914874 0
0.09071 0
0.0902008 0
0.0894246 0
0.088771 0
0.0878621 0
0.0874831 0
0.0865731 0
0.0858076 0
0.0851623 0
0.084355 0
0.083859 0
0.0833294 0
0.0825479 0
0.0811194 0
0.0802222 0
0.0793349 0
0.0777754 0
0.0773941 0
0.076342 0
0.0754243 0
0.0739985 0
0.073232 0
0.0728656 0
0.0719748 0
0.0711004 0
0.0703214 0
0.0698259 0
0.0694495 0
0.068943 0
0.0684242 0
0.0679291 0
0.0672624 0
0.0666316 0
0.0661217 0
0.0654677 0
0.0645813 0
0.0635742 0
0.0633283 0
0.0630774 0
0.062554 0
0.0616858 0
0.0608965 0
0.0598506 0
0.0590556 0
0.0583102 0
0.0575372 0
0.0567565 0
0.055975 0
0.0552125 0
0.054305 0
0.0539388 0
0.0527979 0
0.0520118 0
0.0512546 0
0.0504735 0
0.0499491 0
0.0494283 0
0.0490206 0
0.0479939 0
0.0475008 0
0.0465903 0
0.0462018 0
0.0456933 0
0.0450776 0
0.0440629 0
0.0433102 0
0.0425274 0
0.0420311 0
0.0415337 0
0.0407731 0
0.0396088 0
0.0386869 0
0.0380396 0
0.0375061 0
0.0369826 0
0.0364876 0
0.036099 0
0.0354673 0
0.0340928 0
0.0334455 0
0.0333282 0
0.0329272 0
0.0326822 0
0.0325543 0
0.0321652 0
0.0312771 0
0.0308826 0
0.030245 0
0.0294712 0
0.0288392 0
0.0282226 0
0.0279476 0
0.0271626 0
0.0265491 0
0.0262979 0
0.0260615 0
0.0256778 0
0.0255641 0
0.0251755 0
0.0250412 0
0.0245246 0
0.0242714 0
0.0237696 0
0.0233757 0
0.02286 0
0.0221179 0
0.0219844 0
0.0211933 0
0.0209397 0
0.0204264 0
0.0196791 0
0.0193045 0
0.0189363 0
0.0184096 0
0.0181215 0
0.0179982 0
0.0177329 0
0.0174691 0
0.0169446 0
0.0168284 0
0.0165547 0
0.0162956 0
0.015776 0
0.0152529 0
0.0150191 0
0.0146542 0
0.0143919 0
0.0138804 0
0.0137545 0
0.0134875 0
0.0132221 0
0.0130906 0
0.0128463 0
0.012719 0
0.0125801 0
0.0122058 0
0.0120737 0
0.0118151 0
0.0115728 0
0.0111873 0
0.0110661 0
0.010931 0
0.0106848 0
0.010416 0
0.0101446 0
0.00975811 0
0.0093957 0
0.00887224 0
0.00876 0
0.00837217 0
0.00823764 0
0.00771093 0
0.00757823 0
0.00706709 0
0.00694374 0
0.00681302 0
0.00668484 0
0.00656011 0
0.00631149 0
0.00590977 0
0.0057769 0
0.00551962 0
0.00538653 0
0.00526032 0
0.00512599 0
0.00486685 0
0.00473163 0
0.00434518 0
0.0040817 0
0.0039447 0
0.00382222 0
0.00357086 0
0.00343451 0
0.00317754 0
0.00304724 0
0.00291387 0
0.00277907 0
0.00265058 0
0.00251851 0
0.00225468 0
0.00212149 0
0.00198911 0
0.00185457 0
0.00172108 0
0.0015833 0
0.00145009 0
0.00132011 0
0.00119015 0
0.00106453 0
0.000924015 0
0.00079362 0
0.000657149 0
0.000397294 0
0.000270758 0
0.000128305 0
0 0
