0.636434 71 106.35
0.636434 70 106.46
0.636241 70 106.64
0.636047 70 106.65
0.635854 70 106.68
0.63566 70 106.72
0.63566 69 106.79
0.63566 68 106.81
0.635467 68 106.84
0.635467 67 106.89
0.635274 67 106.9
0.63508 67 106.95
0.634693 67 106.96
0.634693 66 106.98
0.634693 63 106.99
0.6345 63 107.02
0.634307 63 107.03
0.634113 63 107.05
0.63392 62 107.06
0.633533 61 107.07
0.633146 61 107.08
0.632566 60 107.1
0.632373 59 107.12
0.631986 58 107.14
0.631406 58 107.15
0.630632 58 107.16
0.630439 58 107.17
0.629859 57 107.18
0.629472 56 107.19
0.629279 56 107.21
0.629279 55 107.22
0.629279 54 107.23
0.628892 54 107.24
0.628312 52 107.26
0.628118 52 107.27
0.627345 52 107.28
0.626765 52 107.29
0.626571 52 107.3
0.625991 50 107.31
0.624637 50 107.32
0.624444 50 107.33
0.624057 48 107.34
0.623477 47 107.35
0.62251 47 107.36
0.622317 47 107.37
0.621543 47 107.38
0.62077 47 107.39
0.619609 47 107.4
0.618642 47 107.41
0.618256 47 107.42
0.618062 47 107.43
0.616902 47 107.44
0.616515 47 107.45
0.615548 46 107.46
0.614968 46 107.47
0.613614 46 107.48
0.612647 46 107.49
0.612067 44 107.5
0.611681 44 107.51
0.610907 43 107.52
0.610327 42 107.53
0.609167 42 107.54
0.608006 42 107.55
0.607039 42 107.56
0.605105 42 107.57
0.603752 42 107.58
0.603172 41 107.59
0.601431 40 107.6
0.599884 40 107.61
0.59795 40 107.62
0.596596 39 107.63
0.594276 39 107.64
0.592922 39 107.65
0.591568 39 107.66
0.590215 39 107.67
0.588281 38 107.68
0.586927 37 107.69
0.585573 37 107.7
0.58422 37 107.71
0.582866 36 107.72
0.581706 35 107.73
0.580739 35 107.74
0.579772 35 107.75
0.578225 35 107.76
0.575904 35 107.77
0.574937 35 107.78
0.573583 34 107.79
0.571456 34 107.8
0.569716 33 107.81
0.567975 33 107.82
0.567202 32 107.83
0.565074 32 107.84
0.562947 31 107.85
0.561207 31 107.86
0.56024 31 107.87
0.558306 31 107.88
0.556179 31 107.89
0.554438 30 107.9
0.552311 29 107.91
0.551151 28 107.92
0.548443 28 107.93
0.546316 27 107.94
0.543609 27 107.95
0.540901 27 107.96
0.539161 26 107.97
0.536453 25 107.98
0.534326 22 107.99
0.532779 21 108
0.530652 21 108.01
0.528911 20 108.02
0.52543 20 108.03
0.524077 20 108.04
0.521756 20 108.05
0.518662 20 108.06
0.516535 18 108.07
0.513247 18 108.08
0.510346 18 108.09
0.507639 17 108.1
0.503964 17 108.11
0.50145 17 108.12
0.499517 17 108.13
0.496616 16 108.14
0.493135 14 108.15
0.4883 14 108.16
0.485206 12 108.17
0.481532 12 108.18
0.478824 12 108.19
0.473409 12 108.2
0.471089 12 108.21
0.467221 12 108.22
0.46432 11 108.23
0.461419 11 108.24
0.457552 11 108.25
0.453104 11 108.26
0.45059 11 108.27
0.447109 11 108.28
0.442274 11 108.29
0.43976 10 108.3
0.435892 9 108.31
0.432412 9 108.32
0.429317 9 108.33
0.426997 9 108.34
0.423129 9 108.35
0.419455 8 108.36
0.417327 8 108.37
0.413266 8 108.38
0.409012 8 108.39
0.405918 8 108.4
0.40263 8 108.41
0.400309 8 108.42
0.397989 8 108.43
0.393734 8 108.44
0.389867 8 108.45
0.386192 8 108.46
0.382518 8 108.47
0.378263 8 108.48
0.374396 8 108.49
0.371882 7 108.5
0.367434 6 108.51
0.364533 6 108.52
0.359312 5 108.53
0.356024 4 108.54
0.351189 4 108.55
0.347708 4 108.56
0.344808 4 108.57
0.341327 4 108.58
0.338232 4 108.59
0.332624 4 108.6
0.328563 4 108.61
0.323535 4 108.62
0.319861 4 108.63
0.315413 4 108.64
0.308451 4 108.65
0.30497 3 108.66
0.302069 3 108.67
0.297621 3 108.68
0.29356 2 108.69
0.290659 2 108.7
0.286598 2 108.71
0.284084 2 108.72
0.279636 2 108.73
0.275769 2 108.74
0.271514 2 108.75
0.267646 2 108.76
0.263392 2 108.77
0.259524 2 108.78
0.255463 2 108.79
0.252369 2 108.8
0.249662 2 108.81
0.246954 2 108.82
0.242893 2 108.83
0.240186 2 108.84
0.237091 2 108.85
0.233997 1 108.86
0.229936 1 108.87
0.226455 1 108.88
0.223941 1 108.89
0.221621 0 108.9
0.217753 0 108.91
0.213885 0 108.92
0.211371 0 108.93
0.20673 0 108.94
0.202669 0 108.95
0.199768 0 108.96
0.197254 0 108.97
0.19416 0 108.98
0.191066 0 108.99
0.187391 0 109
0.183137 0 109.01
0.178495 0 109.02
0.175015 0 109.03
0.171147 0 109.04
0.168246 0 109.05
0.165925 0 109.06
0.162638 0 109.07
0.159544 0 109.08
0.154902 0 109.09
0.152582 0 109.1
0.150454 0 109.11
0.148714 0 109.12
0.146393 0 109.13
0.144459 0 109.14
0.141945 0 109.15
0.139045 0 109.16
0.136337 0 109.17
0.13305 0 109.18
0.131503 0 109.19
0.129956 0 109.2
0.128602 0 109.21
0.126088 0 109.22
0.123767 0 109.23
0.122027 0 109.24
0.118546 0 109.25
0.115452 0 109.26
0.112551 0 109.27
0.11139 0 109.28
0.109457 0 109.29
0.106556 0 109.3
0.101915 0 109.31
0.100367 0 109.32
0.098627 0 109.33
0.0963063 0 109.34
0.0943725 0 109.35
0.0924386 0 109.36
0.0899246 0 109.37
0.0877973 0 109.38
0.0860569 0 109.39
0.0837362 0 109.4
0.0810288 0 109.41
0.0796751 0 109.42
0.0775479 0 109.43
0.0752272 0 109.44
0.0732934 0 109.45
0.0713595 0 109.46
0.0698124 0 109.47
0.0688455 0 109.48
0.067105 0 109.49
0.0659447 0 109.5
0.0638174 0 109.51
0.0618836 0 109.52
0.0597563 0 109.53
0.0572423 0 109.54
0.056082 0 109.55
0.0541481 0 109.56
0.0524077 0 109.57
0.0514407 0 109.58
0.0504738 0 109.59
0.0497003 0 109.6
0.0485399 0 109.61
0.0466061 0 109.62
0.0452524 0 109.63
0.0442854 0 109.64
0.0417714 0 109.65
0.0406111 0 109.66
0.0386772 0 109.67
0.0377103 0 109.68
0.0361632 0 109.69
0.0346161 0 109.7
0.0336492 0 109.71
0.0328757 0 109.72
0.0324889 0 109.73
0.0321021 0 109.74
0.0311352 0 109.75
0.0299749 0 109.76
0.0297815 0 109.77
0.0284278 0 109.78
0.028041 0 109.79
0.0274608 0 109.8
0.0263005 0 109.81
0.0253336 0 109.82
0.0241733 0 109.83
0.0232063 0 109.84
0.022046 0 109.85
0.0210791 0 109.86
0.0204989 0 109.87
0.019532 0 109.88
0.0183717 0 109.9
0.0179849 0 109.91
0.0174048 0 109.92
0.0162444 0 109.93
0.0158577 0 109.94
0.0150841 0 109.95
0.0146974 0 109.96
0.0143106 0 109.98
0.0141172 0 110
0.0137304 0 110.01
0.0127635 0 110.02
0.0117966 0 110.03
0.0108296 0 110.04
0.0106362 0 110.06
0.0104429 0 110.07
0.0100561 0 110.08
0.0098627 0 110.09
0.00966931 0 110.1
0.00928254 0 110.11
0.00889576 0 110.12
0.00850899 0 110.13
0.00812222 0 110.14
0.00754206 0 110.15
0.00734868 0 110.16
0.00715529 0 110.18
0.0069619 0 110.2
0.00580159 0 110.22
0.0056082 0 110.23
0.00464127 0 110.26
0.00444788 0 110.28
0.00406111 0 110.3
0.00386772 0 110.35
0.00367434 0 110.37
0.00328757 0 110.41
0.00309418 0 110.43
0.00270741 0 110.44
0.00251402 0 110.45
0.00232063 0 110.46
0.00193386 0 110.47
0.00174048 0 110.48
0.0013537 0 110.56
0.00116032 0 110.64
0.000966931 0 110.65
0.000773545 0 110.66
0.000580159 0 110.92
0.000386772 0 110.99
0.000193386 0 111.01
0 0 1.79769e+308
