0.179076 1 1.48
0.178882 1 1.49
0.178689 1 1.55
0.178495 1 1.6
0.178302 1 1.62
0.178109 1 1.64
0.177915 1 1.66
0.177722 1 1.68
0.177529 1 1.7
0.177142 1 1.79
0.176948 1 1.81
0.176755 1 1.83
0.176562 1 1.87
0.176368 1 1.9
0.176175 1 1.95
0.175981 1 2.03
0.175788 1 2.04
0.175595 1 2.07
0.175401 1 2.13
0.175208 1 2.14
0.175015 1 2.16
0.174628 1 2.18
0.174434 1 2.2
0.174241 1 2.22
0.173854 1 2.23
0.173661 1 2.24
0.173274 1 2.28
0.173081 1 2.3
0.172694 1 2.31
0.1725 1 2.32
0.172307 1 2.33
0.17192 1 2.35
0.171727 1 2.39
0.17134 1 2.42
0.17076 1 2.44
0.170567 1 2.45
0.169793 1 2.46
0.169213 1 2.47
0.16902 1 2.48
0.168633 1 2.49
0.167472 1 2.5
0.167279 1 2.51
0.167086 1 2.53
0.165925 1 2.54
0.165539 1 2.55
0.164958 1 2.56
0.164572 1 2.57
0.164378 1 2.58
0.164185 1 2.59
0.163798 1 2.6
0.163605 1 2.61
0.162638 1 2.62
0.162444 1 2.63
0.162251 1 2.65
0.162058 1 2.66
0.161864 1 2.67
0.161477 0 2.68
0.161284 0 2.72
0.161091 0 2.73
0.160511 0 2.75
0.160124 0 2.76
0.15935 0 2.78
0.15877 0 2.79
0.15819 0 2.8
0.157997 0 2.81
0.15703 0 2.82
0.156836 0 2.83
0.156256 0 2.84
0.155676 0 2.85
0.155482 0 2.86
0.154516 0 2.87
0.154322 0 2.88
0.154129 0 2.89
0.153549 0 2.9
0.152968 0 2.91
0.152388 0 2.92
0.151808 0 2.93
0.151615 0 2.94
0.151421 0 2.95
0.150648 0 2.96
0.150068 0 2.97
0.148907 0 2.98
0.148134 0 2.99
0.147167 0 3
0.146007 0 3.01
0.14504 0 3.02
0.144459 0 3.03
0.143299 0 3.04
0.142719 0 3.05
0.142332 0 3.06
0.141945 0 3.07
0.141559 0 3.08
0.140398 0 3.09
0.140205 0 3.1
0.139625 0 3.12
0.138465 0 3.13
0.137304 0 3.14
0.136337 0 3.15
0.135564 0 3.17
0.134984 0 3.18
0.134597 0 3.2
0.133823 0 3.21
0.13305 0 3.22
0.132856 0 3.23
0.132276 0 3.24
0.131503 0 3.26
0.130342 0 3.27
0.128795 0 3.28
0.127442 0 3.29
0.127055 0 3.3
0.126668 0 3.31
0.126088 0 3.32
0.125701 0 3.33
0.124347 0 3.34
0.123961 0 3.36
0.12338 0 3.37
0.122994 0 3.38
0.12222 0 3.39
0.12164 0 3.41
0.121447 0 3.42
0.12048 0 3.43
0.120093 0 3.44
0.119706 0 3.45
0.118352 0 3.46
0.117772 0 3.47
0.117385 0 3.48
0.116805 0 3.49
0.116418 0 3.51
0.116032 0 3.52
0.115258 0 3.53
0.114678 0 3.54
0.114098 0 3.55
0.113711 0 3.56
0.112938 0 3.57
0.111971 0 3.58
0.11139 0 3.59
0.11023 0 3.6
0.109457 0 3.61
0.109263 0 3.62
0.107716 0 3.63
0.106749 0 3.64
0.105782 0 3.65
0.105395 0 3.66
0.105009 0 3.67
0.103848 0 3.68
0.103655 0 3.69
0.102881 0 3.7
0.102108 0 3.71
0.100948 0 3.72
0.100174 0 3.73
0.0990137 0 3.74
0.0974666 0 3.75
0.0966931 0 3.76
0.0961129 0 3.77
0.0957262 0 3.78
0.0949526 0 3.79
0.0934055 0 3.8
0.0928254 0 3.81
0.0922452 0 3.82
0.0916651 0 3.83
0.0914717 0 3.84
0.0912783 0 3.85
0.0908915 0 3.86
0.090118 0 3.87
0.0893444 0 3.88
0.0881841 0 3.89
0.0874106 0 3.9
0.0870238 0 3.91
0.086637 0 3.93
0.0862502 0 3.94
0.0858635 0 3.95
0.0850899 0 3.96
0.0847032 0 3.97
0.084123 0 3.98
0.0833494 0 3.99
0.0829627 0 4
0.0825759 0 4.01
0.081609 0 4.02
0.0808354 0 4.03
0.080642 0 4.04
0.0796751 0 4.05
0.0789016 0 4.06
0.0783214 0 4.07
0.0779346 0 4.08
0.0765809 0 4.09
0.0760008 0 4.1
0.0748405 0 4.11
0.0740669 0 4.12
0.0736801 0 4.13
0.0729066 0 4.14
0.0719397 0 4.15
0.0703926 0 4.16
0.069619 0 4.17
0.0690389 0 4.18
0.0686521 0 4.19
0.0678786 0 4.2
0.067105 0 4.21
0.0667182 0 4.22
0.0663315 0 4.23
0.0659447 0 4.24
0.0651711 0 4.25
0.064591 0 4.26
0.0642042 0 4.27
0.0636241 0 4.28
0.0632373 0 4.29
0.0628505 0 4.3
0.0624637 0 4.31
0.0613034 0 4.32
0.0605299 0 4.33
0.0601431 0 4.34
0.0589828 0 4.35
0.0587894 0 4.36
0.058596 0 4.37
0.0578225 0 4.38
0.0568555 0 4.39
0.0564688 0 4.4
0.0558886 0 4.41
0.0553085 0 4.42
0.0541481 0 4.43
0.0537614 0 4.44
0.052601 0 4.45
0.0520209 0 4.46
0.0512473 0 4.47
0.051054 0 4.48
0.0508606 0 4.49
0.0502804 0 4.5
0.0497003 0 4.51
0.0481532 0 4.52
0.047573 0 4.53
0.0473796 0 4.54
0.0460259 0 4.55
0.0448656 0 4.56
0.0444788 0 4.57
0.0431251 0 4.58
0.0423516 0 4.59
0.0421582 0 4.6
0.0411913 0 4.61
0.0406111 0 4.62
0.0400309 0 4.64
0.0392574 0 4.65
0.0380971 0 4.66
0.0371301 0 4.67
0.0367434 0 4.68
0.0359698 0 4.69
0.0355831 0 4.7
0.0353897 0 4.71
0.0350029 0 4.72
0.0348095 0 4.73
0.0338426 0 4.74
0.033069 0 4.75
0.0328757 0 4.76
0.0324889 0 4.78
0.0317153 0 4.79
0.0313286 0 4.8
0.0303616 0 4.81
0.0299749 0 4.82
0.0293947 0 4.83
0.0288145 0 4.84
0.0284278 0 4.85
0.0274608 0 4.86
0.0266873 0 4.87
0.0259137 0 4.88
0.0253336 0 4.89
0.0251402 0 4.9
0.0247534 0 4.91
0.02456 0 4.92
0.0239799 0 4.93
0.0233997 0 4.94
0.023013 0 4.95
0.0226262 0 4.96
0.0222394 0 4.97
0.022046 0 4.98
0.0216593 0 4.99
0.0212725 0 5
0.0208857 0 5.01
0.0204989 0 5.03
0.0201122 0 5.05
0.0199188 0 5.07
0.019532 0 5.08
0.0189518 0 5.09
0.0183717 0 5.1
0.0181783 0 5.11
0.0175981 0 5.12
0.017018 0 5.13
0.0168246 0 5.14
0.0166312 0 5.15
0.0162444 0 5.16
0.0158577 0 5.17
0.0156643 0 5.18
0.0154709 0 5.19
0.0146974 0 5.2
0.014504 0 5.21
0.0141172 0 5.23
0.0139238 0 5.24
0.0137304 0 5.26
0.013537 0 5.27
0.0133436 0 5.28
0.0131503 0 5.3
0.0127635 0 5.31
0.0125701 0 5.32
0.0123767 0 5.35
0.0121833 0 5.37
0.0119899 0 5.39
0.0117966 0 5.4
0.0114098 0 5.44
0.0108296 0 5.45
0.0106362 0 5.46
0.0100561 0 5.49
0.0098627 0 5.53
0.00966931 0 5.55
0.00928254 0 5.56
0.00889576 0 5.57
0.00870238 0 5.6
0.00850899 0 5.66
0.00812222 0 5.68
0.00792883 0 5.69
0.00773545 0 5.71
0.00754206 0 5.72
0.00715529 0 5.73
0.0069619 0 5.77
0.00676852 0 5.78
0.00657513 0 5.79
0.00638174 0 5.81
0.00618836 0 5.82
0.00599497 0 5.85
0.00580159 0 5.88
0.0056082 0 5.91
0.00502804 0 5.96
0.00483465 0 5.98
0.00464127 0 6.06
0.00444788 0 6.07
0.0042545 0 6.1
0.00406111 0 6.11
0.00386772 0 6.13
0.00348095 0 6.15
0.00309418 0 6.16
0.00290079 0 6.2
0.00270741 0 6.28
0.00212725 0 6.29
0.00193386 0 6.32
0.00174048 0 6.37
0.00154709 0 6.43
0.0013537 0 6.46
0.00116032 0 6.51
0.000966931 0 6.53
0.000773545 0 6.61
0.000580159 0 6.67
0.000386772 0 7.1
0.000193386 0 7.51
0 0 1.79769e+308
