0.435402 89
0.435402 88
0.435283 88
0.435283 87
0.435283 86
0.435277 85
0.435018 85
0.434893 85
0.434774 85
0.434653 85
0.43454 85
0.434418 85
0.434313 85
0.434183 85
0.434048 85
0.433946 85
0.433841 85
0.433704 84
0.433475 83
0.433475 82
0.43337 82
0.433237 82
0.433237 80
0.433111 80
0.433013 80
0.433013 79
0.432537 79
0.432153 79
0.432056 78
0.431852 77
0.431852 76
0.431734 76
0.431488 76
0.431488 74
0.431371 74
0.430761 72
0.430252 71
0.430002 69
0.429891 69
0.429678 69
0.429074 68
0.428824 68
0.428316 67
0.427447 67
0.426829 67
0.426829 66
0.426695 65
0.426032 65
0.425415 65
0.425294 65
0.42472 64
0.424338 64
0.424129 63
0.423749 63
0.423088 63
0.422629 62
0.422146 62
0.421384 62
0.421267 62
0.420382 61
0.419643 61
0.419183 61
0.418484 60
0.417727 60
0.417002 59
0.41636 58
0.415447 58
0.415327 58
0.414542 58
0.414163 57
0.41355 56
0.412818 56
0.411703 54
0.410469 54
0.409452 54
0.408193 54
0.407317 53
0.406623 52
0.405552 52
0.405046 52
0.403568 52
0.40238 51
0.401276 51
0.400502 51
0.399652 51
0.398609 49
0.397347 49
0.396601 49
0.395479 49
0.394489 49
0.393044 48
0.391896 47
0.390357 45
0.388017 43
0.386823 42
0.385147 42
0.383474 42
0.382181 42
0.381276 42
0.38024 41
0.379102 39
0.377551 38
0.375775 36
0.375117 34
0.372565 33
0.370417 33
0.369303 33
0.367792 33
0.366374 33
0.365152 32
0.362925 31
0.36212 31
0.360664 30
0.359392 28
0.358022 27
0.357147 27
0.35515 27
0.35301 26
0.35102 25
0.349334 23
0.347756 23
0.345604 22
0.344379 22
0.341796 22
0.33924 22
0.337867 21
0.335936 19
0.334169 19
0.332235 19
0.330324 19
0.328815 19
0.327708 19
0.326355 19
0.32435 19
0.321675 17
0.318962 17
0.316919 17
0.314906 17
0.313524 17
0.311135 17
0.308552 17
0.306436 17
0.30471 16
0.302306 15
0.300094 14
0.29691 14
0.295366 14
0.293893 14
0.291167 13
0.289426 13
0.287233 13
0.286242 13
0.283513 12
0.281045 11
0.278483 11
0.275308 9
0.27282 9
0.271072 9
0.268333 8
0.265085 8
0.26296 8
0.260768 8
0.257766 8
0.254434 8
0.252197 8
0.250009 8
0.247522 8
0.244938 8
0.242441 8
0.240204 8
0.238468 8
0.235031 8
0.231488 8
0.229353 8
0.226138 8
0.222814 8
0.219682 8
0.216404 8
0.213601 8
0.21086 8
0.207768 8
0.205375 8
0.203004 7
0.199256 6
0.196245 6
0.19316 6
0.189354 6
0.186068 6
0.183429 5
0.18125 5
0.179346 5
0.177294 5
0.174025 4
0.170858 4
0.16918 4
0.166149 3
0.163268 3
0.160117 3
0.158591 3
0.156363 2
0.154005 2
0.151544 2
0.148268 2
0.146226 2
0.14323 2
0.139182 2
0.13614 2
0.134343 2
0.132021 2
0.129453 2
0.12742 2
0.12456 2
0.120851 2
0.118387 2
0.116635 2
0.113924 2
0.111745 2
0.110582 2
0.108348 1
0.106334 1
0.10478 1
0.102769 1
0.100947 1
0.0995665 1
0.0975354 0
0.0957411 0
0.093309 0
0.0914391 0
0.0896228 0
0.0878168 0
0.0860992 0
0.0843217 0
0.0821008 0
0.0805269 0
0.0787629 0
0.0769661 0
0.0758114 0
0.0734609 0
0.0717968 0
0.0703873 0
0.0692559 0
0.0675966 0
0.0655111 0
0.0642332 0
0.0628247 0
0.0618037 0
0.0599989 0
0.0583223 0
0.0571847 0
0.0563067 0
0.0547131 0
0.05304 0
0.0514938 0
0.0505817 0
0.0496522 0
0.0480036 0
0.0465701 0
0.0452109 0
0.0441794 0
0.0428927 0
0.0410137 0
0.0402284 0
0.0394626 0
0.0381931 0
0.0369232 0
0.0356125 0
0.0348428 0
0.0336943 0
0.0328083 0
0.0325573 0
0.0318224 0
0.030923 0
0.0298796 0
0.0288367 0
0.028325 0
0.027676 0
0.0262805 0
0.0252211 0
0.0247246 0
0.0243617 0
0.0237276 0
0.0228439 0
0.0222106 0
0.0219464 0
0.0206545 0
0.0201301 0
0.0195009 0
0.0185974 0
0.0178118 0
0.0172994 0
0.0165224 0
0.0159874 0
0.0149702 0
0.013655 0
0.0127672 0
0.0126283 0
0.0123687 0
0.0117256 0
0.0115124 0
0.0110369 0
0.0104297 0
0.00991926 0
0.00965794 0
0.00938382 0
0.00925082 0
0.00899572 0
0.00847513 0
0.00782165 0
0.00769214 0
0.00743471 0
0.00730342 0
0.00692858 0
0.00642328 0
0.00601169 0
0.00587375 0
0.00552323 0
0.00525048 0
0.00472625 0
0.00403669 0
0.00389323 0
0.00364685 0
0.00338856 0
0.00314272 0
0.00288309 0
0.00261365 0
0.00223147 0
0.00208572 0
0.00196281 0
0.00184563 0
0.00173241 0
0.00160302 0
0.00133385 0
0.00119669 0
0.00106659 0
0.000919366 0
0.000785481 0
0.000649026 0
0.000516706 0
0.000389662 0
0.00026609 0
0.000130156 0
0 0
