0.642622 85 106.35
0.642622 84 106.46
0.642429 84 106.64
0.642236 84 106.65
0.642042 83 106.67
0.641849 83 106.68
0.641655 83 106.72
0.641655 82 106.79
0.641655 81 106.81
0.641462 81 106.84
0.641462 80 106.85
0.641462 78 106.89
0.641269 78 106.9
0.641075 78 106.95
0.640688 78 106.96
0.640302 77 106.98
0.640108 74 106.99
0.639915 74 107.02
0.639722 74 107.03
0.639141 73 107.04
0.639141 72 107.05
0.638755 71 107.06
0.638174 70 107.07
0.637788 70 107.08
0.637208 69 107.1
0.637014 67 107.12
0.636627 66 107.13
0.636434 66 107.14
0.635854 66 107.15
0.63508 66 107.16
0.634887 66 107.17
0.634307 65 107.18
0.633727 64 107.19
0.633533 64 107.21
0.633533 63 107.22
0.63334 62 107.23
0.63276 62 107.24
0.632179 60 107.26
0.631986 60 107.27
0.631213 60 107.28
0.630439 60 107.29
0.630246 60 107.3
0.629279 58 107.31
0.627925 58 107.32
0.627732 58 107.33
0.627345 56 107.34
0.626765 55 107.35
0.625798 55 107.36
0.625218 55 107.37
0.624444 55 107.38
0.62367 55 107.39
0.62251 55 107.4
0.621543 55 107.41
0.621156 55 107.42
0.620963 55 107.43
0.619996 54 107.44
0.619416 54 107.45
0.618256 53 107.46
0.617675 53 107.47
0.616322 53 107.48
0.615355 53 107.49
0.614775 51 107.5
0.614388 51 107.51
0.613421 50 107.52
0.612841 49 107.53
0.611487 48 107.54
0.610327 48 107.55
0.60936 48 107.56
0.607233 48 107.57
0.605686 48 107.58
0.604719 47 107.59
0.602785 46 107.6
0.601238 46 107.61
0.59911 45 107.62
0.597757 44 107.63
0.595436 43 107.64
0.593889 43 107.65
0.592729 43 107.66
0.591568 43 107.67
0.589441 41 107.68
0.587894 39 107.69
0.586347 39 107.7
0.5848 39 107.71
0.583059 38 107.72
0.581899 37 107.73
0.580739 37 107.74
0.579772 37 107.75
0.578225 37 107.76
0.575904 37 107.77
0.574937 37 107.78
0.573583 36 107.79
0.571456 36 107.8
0.569716 35 107.81
0.567975 35 107.82
0.567008 34 107.83
0.564881 33 107.84
0.562754 32 107.85
0.561013 32 107.86
0.560046 32 107.87
0.558113 31 107.88
0.555985 31 107.89
0.554245 30 107.9
0.551924 29 107.91
0.550764 28 107.92
0.547863 28 107.93
0.545736 27 107.94
0.543028 27 107.95
0.540514 27 107.96
0.538774 26 107.97
0.536067 25 107.98
0.533939 22 107.99
0.532392 21 108
0.530072 21 108.01
0.528331 20 108.02
0.52485 20 108.03
0.523496 20 108.04
0.521176 20 108.05
0.518082 20 108.06
0.515954 18 108.07
0.512667 18 108.08
0.509766 18 108.09
0.507059 17 108.1
0.502997 17 108.11
0.500677 17 108.12
0.498743 17 108.13
0.495842 16 108.14
0.492361 14 108.15
0.487527 14 108.16
0.484432 12 108.17
0.480758 12 108.18
0.478051 12 108.19
0.472636 12 108.2
0.470315 12 108.21
0.466254 12 108.22
0.463353 11 108.23
0.460453 11 108.24
0.456585 11 108.25
0.45233 11 108.26
0.449816 11 108.27
0.446335 11 108.28
0.441501 11 108.29
0.438793 10 108.3
0.434926 9 108.31
0.431445 9 108.32
0.428544 9 108.33
0.426223 9 108.34
0.422355 9 108.35
0.418681 8 108.36
0.416554 8 108.37
0.412493 8 108.38
0.408238 8 108.39
0.405144 8 108.4
0.401857 8 108.41
0.399536 8 108.42
0.397215 8 108.43
0.392961 8 108.44
0.389093 8 108.45
0.385419 8 108.46
0.381744 8 108.47
0.377683 8 108.48
0.374009 8 108.49
0.371495 7 108.5
0.367047 6 108.51
0.36434 6 108.52
0.359118 5 108.53
0.355831 4 108.54
0.350996 4 108.55
0.347515 4 108.56
0.344614 4 108.57
0.341133 4 108.58
0.338039 4 108.59
0.332431 4 108.6
0.32837 4 108.61
0.323535 4 108.62
0.319861 4 108.63
0.315413 4 108.64
0.308258 4 108.65
0.304777 3 108.66
0.301682 3 108.67
0.297235 3 108.68
0.293173 2 108.69
0.290273 2 108.7
0.286212 2 108.71
0.283698 2 108.72
0.27925 2 108.73
0.275382 2 108.74
0.271321 2 108.75
0.267453 2 108.76
0.263199 2 108.77
0.259331 2 108.78
0.25527 2 108.79
0.252176 2 108.8
0.249468 2 108.81
0.246761 2 108.82
0.242506 2 108.83
0.239605 2 108.84
0.236511 2 108.85
0.233417 1 108.86
0.229356 1 108.87
0.225875 1 108.88
0.223361 1 108.89
0.22104 0 108.9
0.217173 0 108.91
0.213305 0 108.92
0.210791 0 108.93
0.20615 0 108.94
0.202089 0 108.95
0.199575 0 108.96
0.197061 0 108.97
0.193966 0 108.98
0.190872 0 108.99
0.187198 0 109
0.182943 0 109.01
0.178302 0 109.02
0.174821 0 109.03
0.170953 0 109.04
0.168053 0 109.05
0.165732 0 109.06
0.162444 0 109.07
0.15935 0 109.08
0.154709 0 109.09
0.152388 0 109.1
0.150261 0 109.11
0.148521 0 109.12
0.1462 0 109.13
0.144266 0 109.14
0.141752 0 109.15
0.138851 0 109.16
0.136144 0 109.17
0.132856 0 109.18
0.131309 0 109.19
0.129762 0 109.2
0.128408 0 109.21
0.125894 0 109.22
0.123574 0 109.23
0.121833 0 109.24
0.118352 0 109.25
0.115065 0 109.26
0.112164 0 109.27
0.111004 0 109.28
0.10907 0 109.29
0.106169 0 109.3
0.101528 0 109.31
0.100174 0 109.32
0.0984336 0 109.33
0.0961129 0 109.34
0.0941791 0 109.35
0.0922452 0 109.36
0.0899246 0 109.37
0.0877973 0 109.38
0.0860569 0 109.39
0.0837362 0 109.4
0.0810288 0 109.41
0.0796751 0 109.42
0.0775479 0 109.43
0.0752272 0 109.44
0.0732934 0 109.45
0.0713595 0 109.46
0.0698124 0 109.47
0.0688455 0 109.48
0.067105 0 109.49
0.0659447 0 109.5
0.0638174 0 109.51
0.0618836 0 109.52
0.0597563 0 109.53
0.0572423 0 109.54
0.056082 0 109.55
0.0541481 0 109.56
0.0524077 0 109.57
0.0514407 0 109.58
0.0504738 0 109.59
0.0497003 0 109.6
0.0485399 0 109.61
0.0466061 0 109.62
0.0452524 0 109.63
0.0442854 0 109.64
0.0417714 0 109.65
0.0406111 0 109.66
0.0386772 0 109.67
0.0377103 0 109.68
0.0361632 0 109.69
0.0346161 0 109.7
0.0336492 0 109.71
0.0328757 0 109.72
0.0324889 0 109.73
0.0321021 0 109.74
0.0311352 0 109.75
0.0299749 0 109.76
0.0297815 0 109.77
0.0284278 0 109.78
0.028041 0 109.79
0.0274608 0 109.8
0.0263005 0 109.81
0.0253336 0 109.82
0.0241733 0 109.83
0.0232063 0 109.84
0.022046 0 109.85
0.0210791 0 109.86
0.0204989 0 109.87
0.019532 0 109.88
0.0183717 0 109.9
0.0179849 0 109.91
0.0174048 0 109.92
0.0162444 0 109.93
0.0158577 0 109.94
0.0150841 0 109.95
0.0146974 0 109.96
0.0143106 0 109.98
0.0141172 0 110
0.0137304 0 110.01
0.0127635 0 110.02
0.0117966 0 110.03
0.0108296 0 110.04
0.0106362 0 110.06
0.0104429 0 110.07
0.0100561 0 110.08
0.0098627 0 110.09
0.00966931 0 110.1
0.00928254 0 110.11
0.00889576 0 110.12
0.00850899 0 110.13
0.00812222 0 110.14
0.00754206 0 110.15
0.00734868 0 110.16
0.00715529 0 110.18
0.0069619 0 110.2
0.00580159 0 110.22
0.0056082 0 110.23
0.00464127 0 110.26
0.00444788 0 110.28
0.00406111 0 110.3
0.00386772 0 110.35
0.00367434 0 110.37
0.00328757 0 110.41
0.00309418 0 110.43
0.00270741 0 110.44
0.00251402 0 110.45
0.00232063 0 110.46
0.00193386 0 110.47
0.00174048 0 110.48
0.0013537 0 110.56
0.00116032 0 110.64
0.000966931 0 110.65
0.000773545 0 110.66
0.000580159 0 110.92
0.000386772 0 110.99
0.000193386 0 111.01
0 0 1.79769e+308
