0.469413 792
0.469413 791
0.469404 790
0.469359 789
0.469359 788
0.469359 787
0.469253 787
0.469253 786
0.469253 785
0.469253 784
0.469253 783
0.469253 782
0.469253 781
0.469253 780
0.469134 778
0.469134 777
0.469134 776
0.469134 774
0.469134 773
0.469134 772
0.46901 772
0.46901 770
0.46901 768
0.46901 767
0.46901 766
0.46901 765
0.46901 764
0.46901 762
0.46901 761
0.46901 760
0.46901 759
0.468877 759
0.468877 758
0.468783 756
0.468783 755
0.468783 754
0.468783 753
0.468649 753
0.468649 752
0.46852 751
0.468431 749
0.468431 748
0.468377 747
0.468377 746
0.468251 745
0.468251 744
0.468251 743
0.468251 741
0.468251 740
0.468251 738
0.468131 738
0.468131 737
0.468131 736
0.468131 735
0.468098 732
0.468098 730
0.468098 728
0.468067 726
0.46795 726
0.467928 726
0.467928 725
0.467928 724
0.467827 723
0.467708 723
0.467708 719
0.467708 717
0.467708 716
0.467708 714
0.467638 711
0.467638 710
0.467638 706
0.467519 703
0.467517 701
0.467517 700
0.467517 698
0.467517 697
0.467424 695
0.467424 693
0.467424 692
0.467285 691
0.467123 690
0.467123 689
0.467123 687
0.467123 685
0.467123 684
0.466994 684
0.466774 683
0.466774 682
0.466774 680
0.46676 677
0.46676 675
0.46676 673
0.46676 672
0.46651 671
0.466306 666
0.466306 665
0.466175 663
0.466167 659
0.466167 657
0.466167 656
0.466167 655
0.465988 654
0.465854 654
0.465854 653
0.465854 652
0.46573 652
0.46573 649
0.465612 649
0.465489 647
0.465259 642
0.465259 640
0.465257 639
0.465257 638
0.465018 638
0.464986 635
0.464895 633
0.464895 631
0.46478 630
0.46478 628
0.464527 626
0.464527 625
0.464527 624
0.464384 624
0.464286 622
0.464158 621
0.464035 620
0.463785 618
0.463785 617
0.463785 616
0.463785 615
0.463669 613
0.463669 609
0.463669 608
0.463669 607
0.463669 606
0.463551 602
0.463551 601
0.463551 599
0.463544 596
0.463544 595
0.463412 592
0.463412 591
0.463412 588
0.463277 585
0.463277 584
0.463176 582
0.463176 580
0.463045 579
0.462639 578
0.462639 577
0.462629 575
0.462612 574
0.462508 574
0.462508 572
0.462403 570
0.462401 567
0.462401 566
0.462372 565
0.462136 565
0.462136 562
0.462136 561
0.462108 559
0.462108 558
0.462022 556
0.461892 554
0.461892 552
0.461763 551
0.461616 549
0.461508 548
0.461508 546
0.461193 543
0.461073 542
0.460946 540
0.460825 538
0.460718 536
0.460718 533
0.460601 530
0.460483 530
0.460401 529
0.460401 527
0.460131 526
0.459885 525
0.459503 523
0.459501 522
0.459501 520
0.459471 517
0.459471 516
0.459465 514
0.459382 510
0.459256 510
0.45893 509
0.458707 507
0.458707 506
0.458623 503
0.458375 499
0.458113 498
0.458097 496
0.458022 493
0.457901 492
0.457901 491
0.457765 485
0.457765 483
0.457765 481
0.457639 481
0.457581 480
0.457581 478
0.457581 475
0.457581 473
0.457219 472
0.457214 469
0.457029 466
0.456899 465
0.456791 464
0.456424 462
0.456048 460
0.455773 460
0.455773 458
0.455632 458
0.455441 454
0.455436 452
0.455309 449
0.455088 445
0.45453 442
0.454391 440
0.454391 439
0.454209 438
0.453958 438
0.45388 434
0.45388 432
0.453605 432
0.453487 430
0.453487 427
0.453221 425
0.453028 423
0.452911 423
0.452911 422
0.452911 421
0.45255 420
0.452418 416
0.452308 414
0.452308 412
0.452208 411
0.452078 409
0.452078 407
0.452078 406
0.451814 405
0.451666 401
0.451486 398
0.451486 397
0.451486 395
0.451212 393
0.451095 392
0.45104 391
0.450909 389
0.450641 387
0.450433 387
0.450172 383
0.449913 383
0.449913 382
0.449797 381
0.449574 380
0.449351 379
0.449124 379
0.448978 379
0.448848 379
0.448848 378
0.448593 378
0.448462 378
0.448208 376
0.448072 376
0.447674 374
0.447513 373
0.447513 371
0.447397 371
0.447109 366
0.446726 366
0.446726 365
0.446476 363
0.446211 362
0.445855 359
0.445741 356
0.445612 352
0.445339 351
0.445071 345
0.445071 344
0.444939 344
0.444698 343
0.444698 340
0.444686 338
0.444559 338
0.444559 335
0.444431 334
0.444308 330
0.444308 329
0.444255 327
0.443953 326
0.443747 323
0.443501 322
0.443451 320
0.443307 316
0.443051 313
0.442663 312
0.442663 310
0.442188 308
0.44207 307
0.441956 305
0.441308 303
0.4408 301
0.440303 297
0.440074 295
0.439703 292
0.439465 291
0.439333 290
0.439206 290
0.438841 287
0.438486 287
0.438362 286
0.437994 286
0.43789 285
0.437785 285
0.437309 284
0.437168 280
0.43706 279
0.436939 276
0.436805 276
0.43645 273
0.436202 273
0.436202 272
0.435946 271
0.435822 269
0.435585 268
0.435331 264
0.43497 263
0.434599 262
0.434374 257
0.434356 254
0.433973 252
0.433864 250
0.433476 247
0.433228 247
0.433113 246
0.432735 244
0.432478 242
0.432357 240
0.431886 239
0.431722 237
0.431389 234
0.431278 234
0.431056 229
0.430297 229
0.429999 227
0.429886 226
0.42963 224
0.42963 223
0.429246 222
0.428864 221
0.428212 221
0.427982 220
0.427487 218
0.42698 213
0.42644 211
0.425978 211
0.425742 211
0.425204 210
0.424865 210
0.424603 209
0.42425 207
0.424203 206
0.423936 205
0.423358 204
0.422877 203
0.422636 203
0.422401 201
0.422148 201
0.421549 200
0.421319 200
0.421047 199
0.420439 197
0.420172 197
0.420088 196
0.419845 195
0.419626 193
0.419482 191
0.419142 189
0.418417 189
0.418176 189
0.417695 187
0.41721 187
0.41708 187
0.416829 186
0.416566 185
0.416426 182
0.415724 181
0.415135 179
0.414524 179
0.414128 179
0.413391 178
0.413046 176
0.412941 176
0.412616 175
0.412243 173
0.411932 169
0.411304 168
0.411172 167
0.410817 167
0.410448 167
0.409809 167
0.409677 167
0.409192 165
0.409087 164
0.408853 163
0.408643 161
0.408017 158
0.407737 157
0.407619 157
0.407367 157
0.406885 154
0.40652 153
0.406156 153
0.405774 152
0.405713 151
0.405475 151
0.405344 149
0.405064 148
0.404811 145
0.404455 143
0.404205 142
0.403975 141
0.403654 140
0.403393 139
0.402795 139
0.402391 138
0.401984 138
0.401618 137
0.401481 133
0.400858 133
0.400784 132
0.400311 132
0.399937 132
0.399688 131
0.399347 130
0.398741 130
0.398119 130
0.397618 130
0.397267 130
0.396914 130
0.396058 128
0.394951 128
0.394819 128
0.394204 128
0.39368 124
0.393317 123
0.392794 123
0.392578 121
0.391955 120
0.391636 118
0.391259 118
0.390924 116
0.390425 115
0.390182 115
0.389591 110
0.389342 110
0.388769 109
0.388247 109
0.387739 109
0.386985 109
0.386985 108
0.386669 107
0.385674 107
0.38519 106
0.384679 106
0.383828 104
0.383087 104
0.382462 103
0.382329 103
0.381858 103
0.381106 101
0.380591 100
0.379737 99
0.379291 99
0.37903 98
0.37893 98
0.377675 97
0.377189 96
0.376805 94
0.37593 94
0.375788 94
0.375281 93
0.374914 92
0.374316 91
0.373059 90
0.372454 90
0.372185 89
0.371554 88
0.37143 87
0.370741 86
0.370433 85
0.370196 85
0.369941 85
0.368776 84
0.368395 83
0.368294 81
0.368173 81
0.36766 81
0.367055 79
0.36669 79
0.365937 78
0.365127 76
0.363816 74
0.363473 73
0.362912 72
0.36264 72
0.362146 72
0.361665 71
0.360914 69
0.36068 69
0.360174 69
0.359918 69
0.358465 68
0.35808 68
0.357405 67
0.357009 67
0.356362 67
0.355971 67
0.35532 67
0.355089 66
0.354621 65
0.354243 65
0.353474 64
0.353131 64
0.352752 64
0.35243 62
0.351442 61
0.350048 61
0.349344 59
0.348717 59
0.348022 58
0.347429 58
0.346948 58
0.345946 58
0.345162 57
0.344557 57
0.34393 56
0.342821 56
0.342572 56
0.341542 56
0.341175 56
0.340712 54
0.340085 52
0.339468 51
0.338969 51
0.33884 51
0.338184 50
0.338052 50
0.337513 50
0.336892 49
0.33579 48
0.335021 48
0.334359 47
0.334119 47
0.333105 46
0.33207 46
0.331268 45
0.330882 45
0.330738 45
0.33048 43
0.329819 43
0.329317 43
0.328586 43
0.326965 43
0.326179 43
0.325157 43
0.324646 43
0.323917 43
0.323396 43
0.323023 43
0.321923 43
0.320598 43
0.320085 43
0.318873 40
0.318268 40
0.317283 40
0.316907 40
0.316458 39
0.315401 38
0.31502 38
0.314634 38
0.314011 38
0.313788 36
0.313219 34
0.312439 34
0.311536 34
0.311035 34
0.310122 33
0.309486 33
0.309002 33
0.308225 33
0.30796 32
0.307466 32
0.306541 32
0.305782 32
0.305286 32
0.304154 32
0.303757 32
0.30365 32
0.30301 32
0.302362 32
0.302119 32
0.301376 32
0.300996 32
0.300516 32
0.300384 32
0.299508 32
0.298896 31
0.298637 31
0.298119 31
0.297247 31
0.296988 31
0.296603 31
0.295738 31
0.295179 31
0.294201 30
0.293663 29
0.29254 29
0.291907 29
0.291393 29
0.290881 29
0.290135 29
0.289631 29
0.288585 29
0.28796 29
0.28734 29
0.286787 28
0.28578 28
0.285655 28
0.284928 27
0.284429 26
0.283951 24
0.283685 23
0.282653 23
0.282025 23
0.280974 23
0.28035 23
0.279571 23
0.278352 22
0.277978 21
0.27725 21
0.276514 19
0.275884 19
0.274775 19
0.27399 19
0.273367 19
0.272355 19
0.271475 19
0.27094 19
0.270046 19
0.269449 19
0.268673 19
0.268395 18
0.267449 17
0.266217 16
0.265296 15
0.264414 15
0.263904 15
0.263013 15
0.262144 15
0.261396 15
0.260754 14
0.259986 14
0.259259 14
0.259007 14
0.258611 14
0.258098 14
0.257101 14
0.256096 14
0.255088 14
0.254269 14
0.253606 14
0.252818 14
0.252014 14
0.251399 14
0.250893 14
0.249657 13
0.249164 13
0.248262 13
0.247526 13
0.247401 13
0.246771 13
0.24639 13
0.245651 13
0.245528 13
0.244629 13
0.243081 13
0.242302 13
0.241177 12
0.240783 12
0.240004 12
0.238856 12
0.237931 11
0.236922 11
0.236431 11
0.235465 10
0.23495 10
0.233801 10
0.233187 10
0.231959 10
0.23057 10
0.230317 10
0.230057 9
0.22928 9
0.228249 8
0.227486 8
0.22676 8
0.226027 8
0.225504 8
0.22513 8
0.224099 8
0.222928 8
0.221223 8
0.220701 8
0.21988 8
0.218868 8
0.218341 8
0.217356 8
0.21709 8
0.216768 7
0.216247 7
0.21583 7
0.214949 7
0.214693 7
0.213672 7
0.213031 7
0.211821 6
0.210814 6
0.210158 6
0.209655 6
0.208649 6
0.207891 6
0.207511 6
0.206865 6
0.205946 6
0.204795 6
0.204172 6
0.203542 6
0.20328 6
0.20278 6
0.202522 6
0.201269 6
0.199542 6
0.198672 6
0.197815 5
0.197184 5
0.195883 5
0.195111 5
0.194598 5
0.193555 5
0.192301 5
0.191931 5
0.19168 5
0.190629 5
0.190512 5
0.189771 5
0.18862 5
0.188217 5
0.18721 5
0.1863 5
0.18525 5
0.184887 5
0.183846 5
0.182485 5
0.181904 5
0.181518 5
0.181123 5
0.180523 5
0.17975 5
0.178705 5
0.178318 5
0.177684 5
0.176284 5
0.175545 5
0.17475 5
0.173559 4
0.172816 4
0.172549 4
0.172055 4
0.171184 4
0.170463 4
0.169676 4
0.168041 3
0.167392 3
0.166645 3
0.165653 3
0.164633 3
0.163873 3
0.163265 3
0.162996 3
0.162067 3
0.161476 3
0.161223 3
0.160231 3
0.1596 3
0.158709 3
0.157675 3
0.156544 3
0.155608 3
0.155242 3
0.154728 3
0.153733 3
0.153226 3
0.15259 3
0.152112 3
0.151335 3
0.150854 3
0.15036 3
0.14963 3
0.148979 3
0.148319 3
0.147958 3
0.146963 3
0.146306 3
0.145413 3
0.144792 3
0.144035 3
0.143038 3
0.14179 3
0.140626 3
0.140104 3
0.139091 3
0.138581 3
0.137845 3
0.137066 3
0.136431 3
0.135937 3
0.135549 3
0.134895 3
0.134369 3
0.133605 3
0.133228 3
0.13234 3
0.131555 3
0.130657 3
0.129893 3
0.129272 3
0.128072 3
0.127687 3
0.127058 3
0.126297 3
0.12569 3
0.125211 3
0.12471 3
0.124328 3
0.123532 3
0.122279 3
0.121634 3
0.12086 3
0.120479 2
0.119997 2
0.119122 2
0.118619 2
0.117851 2
0.117313 2
0.116207 2
0.115441 2
0.114915 2
0.114259 2
0.113335 2
0.112949 2
0.112068 2
0.111315 2
0.111052 2
0.110553 2
0.110077 2
0.109544 2
0.109162 2
0.109028 2
0.108751 2
0.108125 2
0.107628 2
0.107123 2
0.106612 2
0.106254 2
0.105602 2
0.104945 2
0.104337 2
0.103555 2
0.102531 2
0.102393 2
0.101775 2
0.101001 2
0.100374 2
0.0993295 2
0.0985604 2
0.0983209 2
0.0979522 2
0.0970394 2
0.0963906 2
0.0959962 2
0.0952407 2
0.0948774 2
0.0942601 2
0.0940063 2
0.0931114 2
0.0922449 2
0.0918742 2
0.0911248 2
0.0907456 2
0.0902052 2
0.0893197 2
0.0887697 2
0.0884045 2
0.0881651 2
0.086877 2
0.0863871 2
0.0857398 2
0.0852168 2
0.0845885 2
0.0839168 2
0.0831873 2
0.0823974 2
0.082282 2
0.082148 2
0.0815516 2
0.0813045 2
0.0811813 2
0.0806784 2
0.0801971 2
0.0797405 1
0.0793398 1
0.0786856 1
0.0784329 1
0.0777968 1
0.0775384 1
0.0770302 1
0.076751 1
0.0762502 1
0.075845 1
0.0750996 1
0.0748374 1
0.0744728 1
0.0737042 1
0.0733066 1
0.0730469 1
0.0724266 1
0.0722899 1
0.0716547 1
0.0710363 1
0.0703976 1
0.0701496 1
0.0697612 1
0.0692565 1
0.0684924 1
0.0679678 1
0.067709 1
0.067213 1
0.0667105 1
0.0662168 1
0.0658541 1
0.0652444 1
0.0648644 1
0.0647243 1
0.0643327 1
0.064059 1
0.0639395 1
0.0635664 1
0.0630763 1
0.0628125 1
0.0625615 1
0.062173 1
0.0617898 1
0.0609537 1
0.0604591 1
0.0600769 1
0.0595624 1
0.0593154 1
0.0584149 1
0.057905 1
0.0575467 1
0.0569031 1
0.056362 1
0.0558185 1
0.0550591 1
0.0546763 1
0.0541685 1
0.0537882 1
0.053122 1
0.0526056 1
0.051943 1
0.0510766 1
0.0506881 1
0.050156 1
0.0500206 1
0.0496187 1
0.0492367 1
0.0488316 1
0.0483373 1
0.0478076 1
0.0476686 1
0.0469028 1
0.0462641 1
0.0459985 1
0.0454963 1
0.045234 1
0.044965 1
0.0448306 1
0.0445898 1
0.0438009 1
0.0436782 1
0.0432843 1
0.042776 1
0.0423914 1
0.0417661 1
0.0411359 1
0.0407514 1
0.0406314 1
0.0402858 1
0.03965 1
0.0391628 1
0.0390275 1
0.0389039 1
0.0387725 1
0.0379776 1
0.0378551 1
0.0376108 1
0.0374896 1
0.0369632 1
0.0367142 1
0.0362035 1
0.035816 1
0.0356811 1
0.0354317 1
0.0353046 1
0.0350455 1
0.034306 1
0.0340454 1
0.0332556 1
0.0331306 1
0.0327525 1
0.0324952 1
0.0319729 1
0.0317136 1
0.0310774 1
0.0307086 1
0.0305804 1
0.0304588 1
0.0300848 1
0.029958 1
0.0294242 1
0.0290612 1
0.0287999 1
0.0286613 1
0.0285337 1
0.0284269 1
0.0282979 1
0.0280477 1
0.0277835 1
0.027542 1
0.0271767 1
0.0267805 1
0.0265285 1
0.0262662 1
0.0260407 0
0.0259172 0
0.0256525 0
0.0252786 0
0.0250243 0
0.0246471 0
0.0245179 0
0.0242422 0
0.0239909 0
0.0238567 0
0.023723 0
0.023588 0
0.0232032 0
0.0229447 0
0.0225818 0
0.0224513 0
0.0222047 0
0.0220789 0
0.0215662 0
0.0212972 0
0.0211677 0
0.021034 0
0.0207834 0
0.0202815 0
0.0197802 0
0.0196444 0
0.0192706 0
0.0190102 0
0.0188945 0
0.0186372 0
0.0185121 0
0.018374 0
0.018228 0
0.0179767 0
0.0178534 0
0.0177289 0
0.0176021 0
0.0174701 0
0.0169676 0
0.0166081 0
0.0164755 0
0.0161972 0
0.0160691 0
0.0159323 0
0.0155214 0
0.0153892 0
0.0150119 0
0.0148899 0
0.0146342 0
0.0144987 0
0.0143733 0
0.0142411 0
0.0141126 0
0.0137273 0
0.0136012 0
0.0133532 0
0.0132177 0
0.013094 0
0.0129649 0
0.0128304 0
0.0126992 0
0.012564 0
0.0123145 0
0.0120372 0
0.0119135 0
0.0117938 0
0.0115426 0
0.011281 0
0.011153 0
0.0110218 0
0.0107838 0
0.0105161 0
0.0102625 0
0.00999734 0
0.00986437 0
0.00973547 0
0.00960624 0
0.00948138 0
0.00935249 0
0.00922716 0
0.00909937 0
0.00897624 0
0.00883976 0
0.00870131 0
0.00832063 0
0.00820795 0
0.00799398 0
0.00786148 0
0.00772258 0
0.00758673 0
0.0074578 0
0.00732734 0
0.00719812 0
0.0070624 0
0.00679187 0
0.00665764 0
0.00652695 0
0.00638272 0
0.00625505 0
0.00612872 0
0.00600575 0
0.00588043 0
0.00575308 0
0.00561473 0
0.00549789 0
0.00537944 0
0.00523903 0
0.00499485 0
0.00486876 0
0.00474148 0
0.00461268 0
0.00449284 0
0.00436105 0
0.00397166 0
0.00383986 0
0.00371629 0
0.00345015 0
0.00331666 0
0.00318547 0
0.0030502 0
0.00292811 0
0.00265795 0
0.00252648 0
0.00239429 0
0.00214541 0
0.00201645 0
0.00188107 0
0.00176473 0
0.0016279 0
0.00150118 0
0.00124828 0
0.00112388 0
0.00099699 0
0.000889218 0
0.000756921 0
0.00062607 0
0.000502307 0
0.000374857 0
0.000245358 0
0.000121955 0
0 0
