0.438775 92
0.438775 91
0.438656 91
0.438656 90
0.438656 89
0.43865 88
0.438391 88
0.438266 88
0.438147 88
0.438026 88
0.437913 88
0.437791 88
0.437686 88
0.437556 88
0.437421 88
0.437319 88
0.437214 88
0.437077 87
0.436847 86
0.436847 85
0.436743 85
0.43661 85
0.43661 83
0.436476 83
0.43635 83
0.436252 83
0.436252 82
0.435776 81
0.435392 81
0.435295 80
0.435091 79
0.435091 78
0.434973 78
0.434727 78
0.434727 76
0.43461 76
0.434 74
0.43349 73
0.433241 71
0.43313 71
0.432917 71
0.432313 70
0.432063 70
0.431551 69
0.430682 69
0.430064 69
0.430064 68
0.42993 67
0.429268 67
0.428651 67
0.428529 67
0.427956 66
0.427573 66
0.427365 65
0.426984 65
0.426205 65
0.425746 64
0.42516 64
0.424398 64
0.424281 64
0.423395 63
0.422657 63
0.422196 63
0.421497 61
0.420741 61
0.420015 60
0.419374 59
0.41846 59
0.418341 59
0.417556 59
0.417176 58
0.416564 57
0.4157 57
0.414447 55
0.413213 55
0.412195 55
0.410807 55
0.409931 54
0.409237 53
0.408039 53
0.407534 53
0.406056 53
0.404868 51
0.403764 51
0.40299 51
0.402139 51
0.401096 49
0.399834 49
0.399089 49
0.397967 49
0.396976 49
0.395532 48
0.394241 47
0.392702 45
0.390351 43
0.389157 42
0.387482 42
0.385933 42
0.384641 42
0.383736 42
0.3827 41
0.381561 39
0.379874 38
0.378097 36
0.37744 34
0.374887 33
0.372735 33
0.371621 33
0.37011 33
0.368692 33
0.36747 32
0.365243 31
0.364437 31
0.362982 30
0.361569 28
0.360199 27
0.359324 27
0.357324 27
0.355184 26
0.353194 25
0.351367 23
0.349793 23
0.347632 22
0.346406 22
0.343823 22
0.341267 22
0.339895 21
0.337831 19
0.336063 19
0.333911 19
0.332001 19
0.330492 19
0.329385 19
0.328031 19
0.326026 19
0.323239 17
0.320525 17
0.318481 17
0.316333 17
0.314951 17
0.312562 17
0.309979 17
0.307863 17
0.306137 16
0.303734 15
0.301521 14
0.298337 14
0.296793 14
0.29532 14
0.292595 13
0.290854 13
0.288661 13
0.287669 13
0.284945 12
0.282477 11
0.279913 11
0.276738 9
0.27425 9
0.272502 9
0.269763 8
0.266515 8
0.264263 8
0.262065 8
0.258946 8
0.255614 8
0.253377 8
0.251189 8
0.248702 8
0.246118 8
0.243599 8
0.241362 8
0.239615 8
0.236035 8
0.232493 8
0.230357 8
0.227142 8
0.223819 8
0.220674 8
0.217397 8
0.214593 8
0.211723 8
0.208631 8
0.206118 8
0.203741 7
0.199861 6
0.19685 6
0.193643 6
0.18971 6
0.186424 6
0.183785 5
0.181606 5
0.179702 5
0.17765 5
0.174381 4
0.171214 4
0.169536 4
0.166504 3
0.163624 3
0.160473 3
0.158947 3
0.156719 2
0.154362 2
0.151901 2
0.148624 2
0.146583 2
0.143586 2
0.139538 2
0.136497 2
0.1347 2
0.132252 2
0.129685 2
0.127652 2
0.124793 2
0.121081 2
0.118617 2
0.116865 2
0.114154 2
0.111864 2
0.110701 2
0.108467 1
0.106453 1
0.104899 1
0.102888 1
0.101066 1
0.0996855 1
0.0976543 0
0.09586 0
0.0934279 0
0.091558 0
0.0897418 0
0.0879381 0
0.0862204 0
0.0844429 0
0.082222 0
0.0806481 0
0.0788841 0
0.0770874 0
0.0759327 0
0.0735821 0
0.0717999 0
0.0703904 0
0.069259 0
0.0675997 0
0.0655142 0
0.0642362 0
0.0628277 0
0.0618068 0
0.060002 0
0.0583254 0
0.0571878 0
0.0563098 0
0.0547162 0
0.0530431 0
0.0514968 0
0.0505848 0
0.0496553 0
0.0480067 0
0.0465679 0
0.0452086 0
0.0441771 0
0.0428904 0
0.0410144 0
0.0402291 0
0.0394633 0
0.0381937 0
0.0369239 0
0.0356132 0
0.0348435 0
0.033695 0
0.032809 0
0.032558 0
0.0318231 0
0.0309237 0
0.0298803 0
0.0288374 0
0.0283257 0
0.0276767 0
0.0262805 0
0.0252211 0
0.0247246 0
0.0243617 0
0.0237276 0
0.0228439 0
0.0222106 0
0.0219464 0
0.0206545 0
0.0201301 0
0.0195009 0
0.0185974 0
0.0178118 0
0.0172994 0
0.0165224 0
0.0159874 0
0.0149702 0
0.013655 0
0.0127672 0
0.0126283 0
0.0123687 0
0.0117256 0
0.0115124 0
0.0110369 0
0.0104297 0
0.00991926 0
0.00965794 0
0.00938382 0
0.00925082 0
0.00899572 0
0.00847513 0
0.00782165 0
0.00769214 0
0.00743471 0
0.00730342 0
0.00692858 0
0.00642328 0
0.00601169 0
0.00587375 0
0.00552323 0
0.00525048 0
0.00472625 0
0.00403669 0
0.00389323 0
0.00364685 0
0.00338856 0
0.00314272 0
0.00288309 0
0.00261365 0
0.00223147 0
0.00208572 0
0.00196281 0
0.00184563 0
0.00173241 0
0.00160302 0
0.00133385 0
0.00119669 0
0.00106659 0
0.000919366 0
0.000785481 0
0.000649026 0
0.000516706 0
0.000389662 0
0.00026609 0
0.000130156 0
0 0
