0.729066 227 54.22
0.728873 227 54.24
0.728873 226 54.35
0.728873 225 54.4
0.728873 224 54.43
0.728873 223 54.52
0.728679 222 54.53
0.728486 222 54.6
0.728292 221 54.61
0.728099 220 54.62
0.728099 219 54.64
0.728099 218 54.65
0.727906 217 54.66
0.727906 215 54.67
0.727712 214 54.68
0.727712 213 54.69
0.727519 213 54.7
0.727325 212 54.71
0.727325 210 54.72
0.727325 208 54.73
0.727325 206 54.75
0.727325 203 54.76
0.727132 201 54.78
0.726939 200 54.79
0.726745 199 54.81
0.726745 198 54.83
0.726552 198 54.84
0.726359 198 54.85
0.726165 195 54.86
0.725585 195 54.87
0.725585 193 54.88
0.725392 191 54.89
0.725198 190 54.91
0.725198 187 54.92
0.725005 185 54.93
0.725005 184 54.95
0.725005 182 54.96
0.724618 179 54.97
0.724425 176 54.98
0.724231 176 54.99
0.724038 175 55
0.723845 174 55.01
0.722878 172 55.02
0.722878 171 55.03
0.722878 168 55.04
0.722684 166 55.05
0.722297 163 55.06
0.722104 163 55.09
0.721717 162 55.1
0.721524 161 55.12
0.721524 159 55.13
0.721137 154 55.14
0.720557 152 55.15
0.720364 150 55.16
0.719977 148 55.17
0.719397 145 55.18
0.71843 143 55.19
0.718236 140 55.2
0.718236 139 55.21
0.718043 137 55.22
0.717463 136 55.23
0.717076 135 55.24
0.716883 133 55.25
0.716883 131 55.26
0.716883 129 55.27
0.716496 129 55.28
0.716109 127 55.29
0.715916 124 55.3
0.715722 122 55.31
0.714755 121 55.32
0.714369 119 55.33
0.713595 117 55.34
0.712822 114 55.35
0.712435 113 55.36
0.712048 111 55.37
0.711855 109 55.38
0.711468 108 55.39
0.710501 107 55.4
0.709341 105 55.41
0.709147 104 55.42
0.70818 103 55.43
0.7076 102 55.44
0.70644 102 55.45
0.705666 102 55.46
0.704506 102 55.47
0.704313 99 55.48
0.702765 97 55.49
0.702185 96 55.5
0.700832 92 55.51
0.699091 90 55.52
0.698124 88 55.53
0.697544 88 55.54
0.697351 86 55.55
0.69619 82 55.56
0.695223 80 55.57
0.694256 79 55.58
0.693096 78 55.59
0.692129 75 55.6
0.690775 73 55.61
0.689228 73 55.62
0.687488 71 55.63
0.685747 70 55.64
0.684587 70 55.65
0.683427 70 55.66
0.682266 68 55.67
0.681493 66 55.68
0.680913 65 55.69
0.679172 63 55.7
0.676272 61 55.71
0.674338 61 55.72
0.672597 59 55.73
0.671437 59 55.74
0.66989 58 55.75
0.667956 57 55.76
0.666409 57 55.77
0.664088 55 55.78
0.661768 52 55.79
0.661574 51 55.8
0.66022 50 55.81
0.658673 48 55.82
0.656933 46 55.83
0.655386 46 55.85
0.653259 46 55.86
0.651905 44 55.87
0.649971 43 55.88
0.648617 42 55.89
0.646297 39 55.9
0.643783 38 55.91
0.640495 38 55.92
0.637594 37 55.93
0.63508 36 55.94
0.633533 36 55.95
0.631793 33 55.96
0.629859 33 55.97
0.627345 33 55.98
0.625604 33 55.99
0.62367 32 56
0.620383 32 56.01
0.619029 30 56.02
0.616902 29 56.03
0.615548 28 56.04
0.613808 26 56.05
0.610907 24 56.06
0.610133 23 56.07
0.607813 23 56.08
0.605105 22 56.09
0.602978 21 56.1
0.600464 19 56.11
0.59737 19 56.12
0.594082 19 56.13
0.590795 19 56.14
0.588474 17 56.15
0.586347 17 56.16
0.58364 17 56.17
0.580352 16 56.18
0.578998 16 56.19
0.576678 15 56.2
0.573583 15 56.21
0.571069 15 56.22
0.569329 14 56.23
0.567008 14 56.24
0.564301 13 56.25
0.561207 13 56.26
0.557532 13 56.27
0.555212 13 56.28
0.551924 12 56.29
0.548443 12 56.3
0.545542 11 56.31
0.541288 11 56.32
0.538581 10 56.33
0.534906 10 56.34
0.530458 10 56.35
0.524463 10 56.36
0.521176 10 56.37
0.517888 10 56.38
0.515568 10 56.39
0.5117 10 56.4
0.507832 9 56.41
0.504738 9 56.42
0.50145 9 56.43
0.498356 9 56.44
0.493908 9 56.45
0.48946 9 56.46
0.485593 9 56.47
0.483465 9 56.48
0.479211 9 56.49
0.474376 9 56.5
0.468962 9 56.51
0.4649 9 56.52
0.460453 8 56.53
0.455618 8 56.54
0.453684 8 56.55
0.450396 8 56.56
0.445562 7 56.57
0.441114 7 56.58
0.43802 6 56.59
0.434732 6 56.6
0.431638 6 56.61
0.426223 6 56.62
0.421969 6 56.63
0.416747 4 56.64
0.41346 4 56.65
0.409012 4 56.66
0.405531 4 56.67
0.400503 4 56.68
0.395668 4 56.69
0.39064 4 56.7
0.386772 4 56.71
0.382131 4 56.72
0.378263 4 56.73
0.373816 3 56.74
0.368401 3 56.75
0.36434 3 56.76
0.359892 3 56.77
0.355057 3 56.78
0.349449 3 56.79
0.345388 3 56.8
0.34094 3 56.81
0.335912 3 56.82
0.33069 3 56.83
0.325469 3 56.84
0.321021 3 56.85
0.31754 3 56.86
0.313866 3 56.87
0.309031 3 56.88
0.30613 3 56.89
0.301489 3 56.9
0.296461 3 56.91
0.291046 2 56.92
0.286018 2 56.93
0.281764 2 56.94
0.278089 2 56.95
0.273835 2 56.96
0.269194 2 56.97
0.265906 2 56.98
0.260685 2 56.99
0.257784 2 57
0.253336 2 57.01
0.250629 2 57.02
0.246761 2 57.03
0.243086 2 57.04
0.238832 2 57.05
0.233804 2 57.06
0.230903 2 57.07
0.227422 2 57.08
0.222007 2 57.09
0.2193 2 57.1
0.215432 2 57.11
0.211951 1 57.12
0.20789 1 57.13
0.204022 1 57.14
0.200735 1 57.15
0.197447 1 57.16
0.192999 1 57.17
0.189712 1 57.18
0.186424 1 57.19
0.18333 1 57.2
0.178689 1 57.21
0.174821 1 57.22
0.172887 1 57.23
0.1696 1 57.24
0.165539 1 57.25
0.162444 1 57.26
0.158383 0 57.27
0.156063 0 57.28
0.153742 0 57.29
0.150261 0 57.3
0.146587 0 57.31
0.143493 0 57.32
0.140592 0 57.33
0.137304 0 57.34
0.13421 0 57.35
0.131696 0 57.36
0.127055 0 57.37
0.123767 0 57.38
0.12164 0 57.39
0.119513 0 57.4
0.116418 0 57.41
0.112744 0 57.42
0.108876 0 57.43
0.106556 0 57.44
0.103268 0 57.45
0.101334 0 57.46
0.0984336 0 57.47
0.0959196 0 57.48
0.0941791 0 57.49
0.0918584 0 57.5
0.0897312 0 57.51
0.0879907 0 57.52
0.0868304 0 57.53
0.0839296 0 57.54
0.0808354 0 57.55
0.0773545 0 57.56
0.0752272 0 57.57
0.0731 0 57.58
0.0709727 0 57.59
0.0680719 0 57.6
0.0669116 0 57.61
0.0634307 0 57.62
0.0605299 0 57.63
0.0582092 0 57.64
0.0547283 0 57.65
0.0529878 0 57.66
0.0512473 0 57.67
0.0508606 0 57.68
0.0495069 0 57.69
0.0471862 0 57.7
0.0448656 0 57.71
0.0433185 0 57.72
0.0417714 0 57.73
0.0400309 0 57.74
0.0384839 0 57.75
0.0373235 0 57.76
0.0367434 0 57.77
0.0355831 0 57.78
0.0344227 0 57.79
0.0328757 0 57.8
0.0315219 0 57.81
0.0307484 0 57.82
0.0301682 0 57.83
0.0295881 0 57.84
0.0284278 0 57.85
0.0276542 0 57.86
0.0263005 0 57.87
0.0251402 0 57.88
0.0241733 0 57.89
0.0233997 0 57.9
0.0226262 0 57.91
0.0216593 0 57.92
0.0201122 0 57.93
0.0183717 0 57.94
0.0181783 0 57.95
0.0174048 0 57.96
0.0172114 0 57.97
0.017018 0 57.98
0.0160511 0 57.99
0.0156643 0 58
0.0152775 0 58.01
0.0146974 0 58.02
0.014504 0 58.03
0.013537 0 58.04
0.0131503 0 58.05
0.0123767 0 58.06
0.0116032 0 58.07
0.0114098 0 58.08
0.0106362 0 58.09
0.0102495 0 58.1
0.0098627 0 58.11
0.00928254 0 58.12
0.00850899 0 58.14
0.00812222 0 58.15
0.00754206 0 58.16
0.00734868 0 58.17
0.0069619 0 58.18
0.00676852 0 58.19
0.00657513 0 58.2
0.00638174 0 58.21
0.00580159 0 58.22
0.00541481 0 58.23
0.00483465 0 58.24
0.00444788 0 58.29
0.00406111 0 58.3
0.00348095 0 58.33
0.00309418 0 58.34
0.00290079 0 58.35
0.00270741 0 58.38
0.00251402 0 58.39
0.00212725 0 58.4
0.00193386 0 58.41
0.00174048 0 58.44
0.0013537 0 58.47
0.00116032 0 58.48
0.000966931 0 58.5
0.000773545 0 58.54
0.000580159 0 58.55
0.000386772 0 58.56
0.000193386 0 58.59
0 0 1.79769e+308
