0.703926 106 106.29
0.703926 105 106.53
0.703926 104 106.54
0.703926 103 106.59
0.703926 102 106.61
0.703926 101 106.62
0.703732 101 106.63
0.703539 101 106.65
0.703346 101 106.67
0.703346 100 106.69
0.703152 100 106.7
0.702959 99 106.72
0.702765 99 106.73
0.702572 99 106.76
0.702379 99 106.8
0.701992 99 106.83
0.701798 99 106.85
0.701605 99 106.86
0.701412 98 106.87
0.701412 97 106.89
0.701412 96 106.9
0.701218 95 106.92
0.701025 95 106.94
0.700832 95 106.95
0.700638 95 106.96
0.700251 95 106.97
0.699865 92 106.98
0.699478 92 106.99
0.699091 92 107.01
0.698704 91 107.03
0.698704 89 107.05
0.698318 88 107.06
0.698124 85 107.07
0.698124 84 107.08
0.697351 84 107.1
0.697157 84 107.11
0.696964 84 107.12
0.69677 84 107.13
0.696384 84 107.14
0.695804 83 107.15
0.695417 83 107.16
0.695223 82 107.17
0.69503 81 107.18
0.694643 79 107.19
0.69445 79 107.2
0.69387 78 107.21
0.693096 77 107.22
0.692516 76 107.23
0.691936 76 107.24
0.691356 76 107.25
0.690969 75 107.26
0.690775 74 107.27
0.690002 73 107.28
0.689809 73 107.29
0.689035 72 107.3
0.688261 71 107.31
0.687875 69 107.32
0.687488 68 107.33
0.687295 67 107.34
0.686908 67 107.35
0.686328 66 107.36
0.685554 65 107.37
0.684974 64 107.38
0.684007 64 107.39
0.683814 64 107.4
0.683427 63 107.41
0.683233 63 107.42
0.682847 62 107.43
0.68246 61 107.44
0.682266 60 107.45
0.6813 60 107.46
0.680526 59 107.47
0.679752 59 107.48
0.679172 57 107.49
0.678592 54 107.5
0.678012 53 107.51
0.677045 53 107.52
0.676465 53 107.53
0.675885 53 107.54
0.675111 53 107.55
0.674338 52 107.56
0.673757 51 107.57
0.673177 50 107.58
0.672017 50 107.59
0.670857 50 107.6
0.669503 48 107.61
0.668536 48 107.62
0.667763 48 107.63
0.666602 48 107.64
0.665829 46 107.65
0.665055 46 107.66
0.664088 45 107.67
0.662734 45 107.68
0.661961 45 107.69
0.661381 45 107.7
0.659447 45 107.71
0.657513 45 107.72
0.655579 45 107.73
0.654419 43 107.74
0.652485 42 107.75
0.651325 41 107.76
0.649778 41 107.77
0.64649 41 107.78
0.64533 41 107.79
0.643783 41 107.8
0.642816 41 107.81
0.641655 41 107.82
0.640302 39 107.83
0.637981 39 107.84
0.637208 38 107.85
0.636434 37 107.86
0.634887 35 107.87
0.632566 35 107.88
0.631213 35 107.89
0.628505 34 107.9
0.627151 32 107.91
0.625604 32 107.92
0.623864 32 107.93
0.621737 31 107.94
0.619803 29 107.95
0.617675 29 107.96
0.614001 27 107.97
0.613228 27 107.98
0.610907 26 107.99
0.608006 26 108
0.605686 24 108.01
0.604138 22 108.02
0.601431 22 108.03
0.600077 21 108.04
0.598337 19 108.05
0.59679 18 108.06
0.592535 18 108.07
0.590795 18 108.08
0.590021 18 108.09
0.588087 18 108.1
0.586154 17 108.11
0.583446 16 108.12
0.581706 16 108.13
0.578418 15 108.14
0.575131 15 108.15
0.573197 15 108.16
0.571069 13 108.17
0.567975 13 108.18
0.564881 13 108.19
0.561207 13 108.2
0.558886 13 108.21
0.556759 12 108.22
0.553085 12 108.23
0.54941 12 108.24
0.546703 12 108.25
0.542835 12 108.26
0.539547 11 108.27
0.537033 10 108.28
0.534519 10 108.29
0.530845 10 108.3
0.527944 10 108.31
0.52485 10 108.32
0.521563 10 108.33
0.518275 9 108.34
0.516148 9 108.35
0.5117 9 108.36
0.508412 9 108.37
0.505318 9 108.38
0.502031 9 108.39
0.498743 8 108.4
0.496036 8 108.41
0.491974 8 108.42
0.489267 8 108.43
0.486366 8 108.44
0.483079 8 108.45
0.479791 8 108.46
0.47631 8 108.47
0.471089 7 108.48
0.467414 7 108.49
0.46432 6 108.5
0.461033 6 108.51
0.457552 6 108.52
0.453877 5 108.53
0.451363 5 108.54
0.445949 5 108.55
0.442081 5 108.56
0.438213 4 108.57
0.432992 4 108.58
0.430091 4 108.59
0.42545 3 108.6
0.423322 3 108.61
0.420615 3 108.62
0.4152 3 108.63
0.412106 3 108.64
0.407465 3 108.65
0.403984 2 108.66
0.398182 2 108.67
0.392574 2 108.68
0.3889 1 108.69
0.385032 1 108.7
0.382325 1 108.71
0.379617 1 108.72
0.374976 1 108.73
0.372462 1 108.74
0.368207 1 108.75
0.363953 1 108.76
0.360278 1 108.77
0.353703 1 108.78
0.349255 1 108.79
0.344421 1 108.8
0.340166 1 108.81
0.335138 1 108.82
0.329917 1 108.83
0.324889 1 108.84
0.320248 1 108.85
0.316767 1 108.86
0.312319 1 108.87
0.307677 1 108.88
0.303616 1 108.89
0.299362 1 108.9
0.295301 1 108.91
0.292013 0 108.92
0.288339 0 108.93
0.283504 0 108.94
0.279056 0 108.95
0.274028 0 108.96
0.269387 0 108.97
0.264746 0 108.98
0.259718 0 108.99
0.25643 0 109
0.252756 0 109.01
0.248888 0 109.02
0.24502 0 109.03
0.2427 0 109.04
0.238252 0 109.05
0.234964 0 109.06
0.229356 0 109.07
0.224328 0 109.08
0.221234 0 109.09
0.216979 0 109.1
0.213498 0 109.11
0.210211 0 109.12
0.207117 0 109.13
0.203829 0 109.14
0.200735 0 109.15
0.197447 0 109.16
0.192032 0 109.17
0.187778 0 109.18
0.185457 0 109.19
0.184104 0 109.2
0.181396 0 109.21
0.177722 0 109.22
0.174241 0 109.23
0.171147 0 109.24
0.168826 0 109.25
0.166119 0 109.26
0.163991 0 109.27
0.160317 0 109.28
0.158577 0 109.29
0.153935 0 109.3
0.149294 0 109.31
0.146587 0 109.32
0.143106 0 109.33
0.141172 0 109.34
0.137691 0 109.35
0.13595 0 109.36
0.133243 0 109.37
0.129762 0 109.38
0.128022 0 109.39
0.125508 0 109.4
0.122027 0 109.41
0.119706 0 109.42
0.117385 0 109.43
0.113904 0 109.44
0.112551 0 109.45
0.108876 0 109.46
0.107136 0 109.47
0.105589 0 109.48
0.101915 0 109.49
0.0992071 0 109.5
0.09766 0 109.51
0.0945658 0 109.52
0.0920518 0 109.53
0.0889576 0 109.54
0.0862502 0 109.55
0.0837362 0 109.56
0.0812222 0 109.57
0.0796751 0 109.58
0.078128 0 109.59
0.0771611 0 109.6
0.075614 0 109.61
0.0742603 0 109.62
0.0734868 0 109.63
0.0709727 0 109.64
0.0692323 0 109.65
0.0678786 0 109.66
0.0661381 0 109.67
0.064591 0 109.68
0.0632373 0 109.69
0.0614968 0 109.7
0.0591762 0 109.71
0.0570489 0 109.72
0.0555018 0 109.73
0.0541481 0 109.74
0.0524077 0 109.75
0.051054 0 109.76
0.0498936 0 109.77
0.0481532 0 109.78
0.0464127 0 109.79
0.045059 0 109.8
0.0438987 0 109.81
0.0423516 0 109.82
0.0411913 0 109.83
0.0400309 0 109.84
0.0396442 0 109.85
0.0382905 0 109.86
0.0363566 0 109.87
0.0353897 0 109.88
0.0348095 0 109.89
0.0344227 0 109.9
0.0338426 0 109.91
0.0328757 0 109.92
0.0319087 0 109.93
0.0301682 0 109.94
0.0295881 0 109.95
0.0288145 0 109.96
0.0272675 0 109.97
0.0264939 0 109.98
0.0261071 0 109.99
0.0243667 0 110
0.0237865 0 110.01
0.023013 0 110.02
0.0210791 0 110.03
0.0197254 0 110.04
0.0193386 0 110.05
0.0183717 0 110.06
0.0179849 0 110.07
0.0175981 0 110.08
0.017018 0 110.09
0.0166312 0 110.1
0.0158577 0 110.11
0.0154709 0 110.12
0.0143106 0 110.13
0.0141172 0 110.14
0.013537 0 110.15
0.0131503 0 110.16
0.0127635 0 110.17
0.0125701 0 110.19
0.0121833 0 110.2
0.0117966 0 110.21
0.0112164 0 110.22
0.0106362 0 110.23
0.0102495 0 110.24
0.0098627 0 110.25
0.00947592 0 110.26
0.00908915 0 110.27
0.00889576 0 110.28
0.00850899 0 110.29
0.00812222 0 110.3
0.00792883 0 110.31
0.00734868 0 110.32
0.00715529 0 110.33
0.0069619 0 110.35
0.00657513 0 110.36
0.00638174 0 110.38
0.00618836 0 110.39
0.0056082 0 110.4
0.00502804 0 110.41
0.00483465 0 110.42
0.00444788 0 110.43
0.00386772 0 110.44
0.00367434 0 110.46
0.00348095 0 110.47
0.00328757 0 110.5
0.00309418 0 110.51
0.00270741 0 110.54
0.00232063 0 110.56
0.00193386 0 110.68
0.00174048 0 110.7
0.0013537 0 110.71
0.00116032 0 110.76
0.000966931 0 110.79
0.000773545 0 110.89
0.000580159 0 110.9
0.000386772 0 110.92
0.000193386 0 111.01
0 0 1.79769e+308
