0.64591 224 -0.36
0.645716 224 -0.06
0.645716 223 0.3
0.645523 223 0.37
0.64533 223 0.48
0.64533 222 0.53
0.64533 221 0.56
0.64533 220 0.57
0.645136 219 0.69
0.645136 218 0.85
0.644943 218 0.86
0.644943 217 0.91
0.64475 217 0.95
0.644556 217 0.96
0.644556 216 0.97
0.644363 215 1.02
0.644363 214 1.03
0.644169 214 1.04
0.643976 214 1.06
0.643976 213 1.09
0.643783 213 1.1
0.643783 212 1.14
0.643783 211 1.17
0.643783 210 1.18
0.643589 210 1.25
0.643589 209 1.27
0.643589 208 1.31
0.643589 207 1.38
0.643589 206 1.4
0.643396 206 1.46
0.643202 206 1.48
0.643202 205 1.55
0.643202 204 1.57
0.643009 204 1.6
0.642816 204 1.64
0.642816 203 1.68
0.642816 202 1.71
0.642816 200 1.77
0.642816 199 1.78
0.642816 198 1.82
0.642816 197 1.83
0.642816 196 1.84
0.642622 194 1.85
0.642429 194 1.86
0.642236 194 1.91
0.642236 193 1.92
0.642236 192 1.93
0.642236 191 1.95
0.642236 190 1.96
0.642042 189 1.97
0.641849 189 1.99
0.641849 188 2
0.641655 186 2.04
0.641462 185 2.08
0.641269 184 2.09
0.641075 184 2.1
0.641075 183 2.11
0.640882 183 2.12
0.640688 183 2.13
0.640302 181 2.14
0.640302 180 2.16
0.640302 178 2.18
0.639915 177 2.25
0.639722 177 2.26
0.639722 176 2.28
0.639528 176 2.33
0.639335 176 2.36
0.639141 176 2.39
0.639141 175 2.4
0.638755 175 2.41
0.638368 175 2.47
0.637981 175 2.48
0.637788 175 2.49
0.637014 175 2.51
0.637014 174 2.52
0.637014 173 2.53
0.636821 173 2.54
0.636627 172 2.55
0.636241 172 2.57
0.635854 172 2.6
0.63566 171 2.61
0.63566 170 2.63
0.635467 170 2.64
0.635274 168 2.66
0.635274 166 2.7
0.63508 165 2.71
0.634887 164 2.72
0.634887 163 2.73
0.6345 163 2.75
0.634307 163 2.76
0.634113 161 2.77
0.63392 161 2.78
0.633727 161 2.79
0.633533 161 2.8
0.63334 161 2.81
0.633146 159 2.83
0.632953 159 2.85
0.63276 159 2.87
0.632179 159 2.88
0.631986 159 2.9
0.631986 158 2.91
0.631793 157 2.92
0.631793 156 2.95
0.631406 156 2.96
0.631019 156 2.97
0.630826 156 2.99
0.630632 155 3
0.630246 155 3.01
0.630246 154 3.02
0.629859 154 3.03
0.629665 154 3.04
0.629472 154 3.06
0.629472 153 3.08
0.629085 152 3.09
0.628892 152 3.1
0.628699 152 3.11
0.628699 151 3.12
0.628699 150 3.15
0.628312 150 3.2
0.627925 150 3.21
0.627538 149 3.22
0.626378 147 3.23
0.625991 147 3.25
0.625604 147 3.27
0.625024 146 3.29
0.625024 145 3.3
0.625024 143 3.31
0.624831 143 3.33
0.624444 142 3.34
0.624444 141 3.35
0.624251 140 3.36
0.623864 139 3.37
0.623284 139 3.38
0.623284 138 3.39
0.622897 137 3.4
0.62251 137 3.41
0.62193 135 3.42
0.62193 134 3.43
0.62135 133 3.45
0.62135 132 3.46
0.62135 131 3.47
0.621156 131 3.48
0.620963 130 3.49
0.620963 129 3.5
0.620576 129 3.51
0.620383 128 3.52
0.620383 126 3.53
0.619803 124 3.55
0.619609 124 3.56
0.619223 123 3.57
0.619223 121 3.58
0.619029 121 3.59
0.618836 121 3.6
0.618449 121 3.61
0.618449 120 3.62
0.618062 120 3.64
0.618062 119 3.65
0.617869 116 3.66
0.617869 115 3.67
0.617675 114 3.68
0.617289 113 3.69
0.617095 113 3.7
0.616128 113 3.71
0.615935 112 3.72
0.615548 111 3.73
0.615161 110 3.74
0.614968 110 3.75
0.614968 109 3.76
0.614581 109 3.77
0.614195 108 3.78
0.613808 108 3.79
0.613614 108 3.8
0.613421 107 3.81
0.613228 106 3.82
0.613034 106 3.83
0.612841 106 3.84
0.612647 106 3.85
0.612647 105 3.86
0.612454 105 3.87
0.611874 102 3.88
0.611487 101 3.89
0.611294 101 3.9
0.610714 101 3.92
0.60994 100 3.93
0.609747 100 3.95
0.60936 97 3.96
0.609167 97 3.97
0.608973 95 3.98
0.608973 94 3.99
0.608586 94 4
0.6082 93 4.01
0.608006 93 4.02
0.607426 93 4.04
0.607039 93 4.05
0.606652 93 4.06
0.606652 91 4.07
0.606266 91 4.08
0.605879 91 4.09
0.605879 90 4.1
0.605492 89 4.11
0.605299 88 4.12
0.604719 88 4.13
0.604525 88 4.14
0.604138 88 4.15
0.603752 86 4.16
0.603558 86 4.17
0.602785 86 4.18
0.602591 85 4.19
0.602011 85 4.2
0.601624 85 4.21
0.600851 84 4.22
0.600077 83 4.23
0.600077 81 4.24
0.599884 81 4.25
0.598917 79 4.26
0.598337 78 4.27
0.596983 78 4.28
0.59621 77 4.29
0.595823 77 4.3
0.595629 77 4.31
0.595049 77 4.32
0.594276 77 4.33
0.593696 77 4.34
0.592535 77 4.35
0.592342 77 4.36
0.591762 77 4.37
0.591375 76 4.38
0.591182 76 4.39
0.590988 74 4.4
0.590408 74 4.41
0.589828 74 4.42
0.589441 74 4.43
0.588474 74 4.44
0.587894 73 4.45
0.587507 73 4.46
0.586734 73 4.47
0.586347 72 4.48
0.586154 72 4.49
0.584993 72 4.5
0.58422 71 4.51
0.58364 71 4.52
0.583253 71 4.53
0.582092 71 4.54
0.581899 70 4.55
0.581512 67 4.56
0.580352 67 4.57
0.579772 67 4.58
0.579578 66 4.59
0.578805 66 4.6
0.578611 65 4.61
0.578418 65 4.62
0.577258 65 4.63
0.576097 65 4.64
0.574937 65 4.65
0.574164 65 4.66
0.573777 65 4.67
0.57281 65 4.68
0.57223 65 4.69
0.571456 65 4.7
0.571069 64 4.71
0.570296 64 4.72
0.570102 63 4.73
0.569136 63 4.74
0.568169 61 4.75
0.567588 59 4.76
0.566622 59 4.77
0.566235 59 4.78
0.566041 58 4.79
0.565461 58 4.8
0.564301 58 4.81
0.563527 58 4.82
0.56198 57 4.83
0.5614 57 4.84
0.561013 57 4.85
0.560627 57 4.86
0.55966 57 4.87
0.558693 57 4.88
0.558499 56 4.89
0.557919 56 4.9
0.556952 55 4.91
0.556372 55 4.92
0.555018 55 4.93
0.554632 55 4.94
0.553858 54 4.95
0.553471 54 4.96
0.553085 54 4.97
0.552504 53 4.98
0.552118 51 4.99
0.551344 51 5
0.551151 51 5.01
0.550377 51 5.02
0.549217 50 5.03
0.548637 49 5.04
0.548637 48 5.05
0.54825 48 5.06
0.547283 48 5.07
0.54709 46 5.08
0.546123 46 5.09
0.545736 46 5.1
0.544769 44 5.11
0.544576 44 5.12
0.544382 44 5.13
0.543609 44 5.14
0.543028 44 5.15
0.542255 44 5.16
0.540321 44 5.17
0.539161 44 5.18
0.538774 44 5.19
0.538 43 5.2
0.53742 43 5.21
0.53684 43 5.22
0.53626 43 5.23
0.535873 43 5.24
0.535486 43 5.25
0.534326 43 5.26
0.533553 43 5.27
0.532199 43 5.28
0.531425 43 5.29
0.530072 43 5.3
0.529298 42 5.31
0.528911 42 5.32
0.528718 41 5.33
0.528331 40 5.34
0.527751 40 5.35
0.526204 40 5.36
0.525817 40 5.37
0.525237 39 5.38
0.524077 39 5.39
0.523303 39 5.4
0.522529 39 5.41
0.521949 39 5.42
0.521563 39 5.43
0.520596 38 5.44
0.520015 38 5.45
0.519242 38 5.46
0.518082 38 5.47
0.517115 38 5.48
0.516148 38 5.49
0.515568 38 5.5
0.514214 38 5.51
0.513054 38 5.52
0.512667 38 5.53
0.511506 38 5.54
0.511313 38 5.55
0.51112 38 5.56
0.510733 37 5.57
0.510153 37 5.58
0.508992 37 5.59
0.507832 37 5.6
0.506672 36 5.61
0.505318 36 5.62
0.504545 35 5.63
0.503964 34 5.64
0.502804 34 5.65
0.502417 33 5.66
0.502224 33 5.67
0.502031 33 5.68
0.501257 33 5.69
0.500677 33 5.7
0.49971 32 5.71
0.498936 32 5.72
0.498163 32 5.73
0.497969 32 5.74
0.497389 32 5.75
0.496616 31 5.76
0.495842 31 5.77
0.494488 31 5.78
0.493908 29 5.79
0.493715 29 5.8
0.493328 28 5.81
0.492748 28 5.82
0.491974 27 5.83
0.491588 27 5.84
0.491008 27 5.85
0.490234 27 5.86
0.48946 27 5.87
0.48888 27 5.88
0.487527 27 5.89
0.486366 27 5.9
0.48598 27 5.91
0.485206 27 5.92
0.484432 27 5.93
0.483465 27 5.94
0.482885 27 5.95
0.481918 27 5.96
0.480565 27 5.97
0.479018 27 5.98
0.478631 27 5.99
0.477664 27 6
0.47689 26 6.01
0.47631 25 6.02
0.47515 25 6.03
0.47457 25 6.04
0.47399 25 6.05
0.473023 24 6.06
0.472442 23 6.07
0.471669 22 6.08
0.471089 22 6.09
0.470702 22 6.1
0.469928 22 6.11
0.469348 22 6.12
0.469155 22 6.13
0.468962 22 6.14
0.467414 22 6.15
0.466254 22 6.16
0.465094 22 6.17
0.46316 22 6.18
0.462193 22 6.19
0.461226 21 6.2
0.460646 21 6.21
0.459679 21 6.22
0.459099 21 6.23
0.458132 21 6.24
0.457552 21 6.25
0.457358 21 6.26
0.456585 20 6.27
0.456005 19 6.28
0.455038 19 6.29
0.454651 19 6.3
0.453684 19 6.31
0.452717 19 6.32
0.452137 19 6.33
0.450783 19 6.34
0.449623 19 6.35
0.449043 19 6.36
0.448849 19 6.37
0.448656 19 6.38
0.447302 19 6.39
0.445755 19 6.4
0.445175 18 6.41
0.444595 18 6.42
0.443048 18 6.43
0.441694 18 6.44
0.440534 18 6.45
0.439373 18 6.46
0.4386 18 6.47
0.437826 17 6.48
0.436473 17 6.49
0.435892 17 6.5
0.434539 17 6.51
0.433572 17 6.52
0.432218 17 6.53
0.431058 17 6.54
0.429898 17 6.55
0.428544 17 6.56
0.42777 16 6.57
0.426803 16 6.58
0.425836 16 6.59
0.424869 16 6.6
0.424289 15 6.61
0.422936 15 6.62
0.421389 15 6.63
0.419841 15 6.64
0.419068 15 6.65
0.418488 15 6.66
0.417521 15 6.67
0.416167 15 6.68
0.415974 15 6.69
0.414813 15 6.7
0.412299 15 6.71
0.411526 15 6.72
0.410946 15 6.73
0.409592 15 6.74
0.408625 15 6.75
0.407658 15 6.76
0.406498 15 6.77
0.405337 15 6.78
0.403984 15 6.79
0.401663 15 6.8
0.40089 14 6.81
0.400309 14 6.82
0.399342 14 6.83
0.398569 14 6.84
0.396635 13 6.85
0.396248 13 6.86
0.395281 13 6.87
0.394314 13 6.88
0.392961 13 6.89
0.392187 13 6.9
0.390447 13 6.91
0.38948 13 6.92
0.388706 13 6.93
0.386966 13 6.94
0.385999 13 6.95
0.385032 13 6.96
0.384065 13 6.97
0.382905 13 6.98
0.381358 13 6.99
0.380584 13 7
0.378844 12 7.01
0.377683 12 7.02
0.375943 12 7.03
0.375169 12 7.04
0.374976 12 7.05
0.373235 12 7.06
0.372268 12 7.07
0.371301 12 7.08
0.370335 11 7.09
0.369561 11 7.1
0.368401 11 7.11
0.366854 11 7.12
0.366467 11 7.13
0.365887 11 7.14
0.364533 10 7.15
0.363566 10 7.16
0.363179 10 7.17
0.362212 10 7.18
0.361245 10 7.19
0.359698 10 7.2
0.358925 9 7.21
0.356991 9 7.22
0.356024 9 7.23
0.35467 9 7.24
0.35235 9 7.25
0.350416 8 7.26
0.349836 8 7.27
0.349062 8 7.28
0.347322 8 7.29
0.346355 8 7.3
0.345775 8 7.31
0.345001 7 7.32
0.343647 7 7.33
0.34268 7 7.34
0.34094 7 7.35
0.339586 7 7.36
0.338619 7 7.37
0.337652 7 7.38
0.335525 6 7.39
0.334171 5 7.4
0.332624 5 7.41
0.331077 5 7.42
0.33069 5 7.43
0.329723 5 7.44
0.327983 4 7.45
0.326629 4 7.46
0.325662 4 7.47
0.325276 4 7.48
0.324502 4 7.49
0.323535 4 7.5
0.322568 4 7.51
0.321988 4 7.52
0.321021 4 7.53
0.320634 4 7.54
0.319861 4 7.55
0.318507 4 7.56
0.317347 4 7.57
0.316573 4 7.58
0.314833 4 7.59
0.313286 4 7.6
0.312705 4 7.61
0.310965 4 7.62
0.310191 4 7.63
0.308451 4 7.64
0.307871 4 7.65
0.307097 4 7.66
0.306324 4 7.67
0.305744 4 7.68
0.30381 4 7.69
0.302069 4 7.7
0.300329 4 7.71
0.298782 4 7.72
0.297041 4 7.73
0.295881 3 7.74
0.294914 3 7.75
0.29414 3 7.76
0.29356 3 7.77
0.291046 3 7.78
0.289886 3 7.79
0.287565 3 7.8
0.286598 3 7.81
0.284858 3 7.82
0.283504 3 7.83
0.282344 3 7.84
0.281764 3 7.85
0.28099 3 7.86
0.279443 3 7.87
0.278863 3 7.88
0.277703 3 7.89
0.275962 3 7.9
0.274608 3 7.91
0.273448 3 7.92
0.273061 3 7.93
0.271127 3 7.94
0.270161 3 7.95
0.269194 3 7.96
0.268227 3 7.97
0.267646 3 7.98
0.265906 3 7.99
0.264939 3 8
0.263005 3 8.01
0.262618 3 8.02
0.261845 3 8.03
0.260878 3 8.04
0.259911 3 8.05
0.258944 3 8.06
0.257784 3 8.07
0.25643 3 8.08
0.255657 3 8.09
0.255076 3 8.1
0.253916 3 8.11
0.253336 3 8.12
0.252949 3 8.13
0.251789 3 8.14
0.250822 3 8.15
0.249662 3 8.16
0.249081 3 8.17
0.248114 2 8.18
0.247148 2 8.19
0.245987 2 8.2
0.244247 2 8.21
0.24328 2 8.22
0.2427 2 8.24
0.24212 2 8.25
0.241539 2 8.26
0.240379 2 8.27
0.239025 2 8.28
0.237865 2 8.29
0.236511 2 8.3
0.235738 2 8.31
0.234771 2 8.32
0.234191 2 8.33
0.23303 2 8.34
0.232257 2 8.35
0.231483 2 8.36
0.23071 2 8.37
0.229549 2 8.38
0.228582 2 8.39
0.227616 2 8.4
0.225682 2 8.41
0.224908 2 8.42
0.223941 2 8.43
0.223168 2 8.44
0.222201 2 8.45
0.22046 2 8.46
0.219107 2 8.47
0.218526 2 8.48
0.217946 2 8.49
0.216786 2 8.5
0.216206 2 8.51
0.215432 2 8.52
0.214272 2 8.53
0.213498 2 8.54
0.212531 2 8.55
0.212338 2 8.56
0.210984 2 8.57
0.210404 2 8.58
0.208277 2 8.59
0.20731 2 8.6
0.205956 2 8.61
0.205183 2 8.62
0.204796 2 8.63
0.203056 2 8.64
0.201508 2 8.65
0.200541 2 8.66
0.199768 2 8.67
0.198027 2 8.68
0.1959 2 8.69
0.194353 2 8.7
0.193773 2 8.71
0.192613 2 8.72
0.191646 2 8.73
0.190485 2 8.74
0.188358 2 8.75
0.187971 2 8.76
0.187391 2 8.77
0.186618 2 8.78
0.185457 2 8.79
0.184104 2 8.8
0.18333 2 8.81
0.18275 2 8.82
0.181976 2 8.83
0.180429 2 8.84
0.178882 2 8.85
0.178302 2 8.86
0.176562 2 8.87
0.175788 2 8.88
0.174821 1 8.89
0.173661 1 8.9
0.172694 1 8.91
0.171147 0 8.92
0.16902 0 8.93
0.167666 0 8.94
0.166312 0 8.95
0.165345 0 8.96
0.163991 0 8.97
0.162831 0 8.98
0.161477 0 8.99
0.159737 0 9
0.159157 0 9.01
0.15761 0 9.02
0.155869 0 9.03
0.155482 0 9.04
0.155096 0 9.05
0.154322 0 9.06
0.153162 0 9.07
0.152002 0 9.08
0.151035 0 9.09
0.150068 0 9.1
0.149681 0 9.11
0.148521 0 9.12
0.14794 0 9.13
0.14678 0 9.14
0.1462 0 9.15
0.14562 0 9.16
0.14504 0 9.17
0.144073 0 9.18
0.143299 0 9.19
0.142332 0 9.2
0.141172 0 9.21
0.139431 0 9.22
0.138851 0 9.23
0.138658 0 9.24
0.138271 0 9.25
0.137111 0 9.26
0.136724 0 9.27
0.136144 0 9.28
0.13479 0 9.29
0.13421 0 9.3
0.13363 0 9.31
0.132663 0 9.32
0.131503 0 9.33
0.131309 0 9.34
0.130729 0 9.35
0.130149 0 9.36
0.129182 0 9.37
0.127828 0 9.38
0.127055 0 9.39
0.126281 0 9.4
0.125508 0 9.41
0.125121 0 9.42
0.124347 0 9.43
0.124154 0 9.44
0.122994 0 9.45
0.122027 0 9.46
0.12164 0 9.47
0.121253 0 9.48
0.120673 0 9.49
0.120093 0 9.5
0.118739 0 9.51
0.117579 0 9.52
0.117192 0 9.54
0.116999 0 9.55
0.115838 0 9.56
0.115065 0 9.57
0.114485 0 9.58
0.113711 0 9.59
0.112938 0 9.6
0.111777 0 9.61
0.110424 0 9.62
0.109263 0 9.63
0.108296 0 9.64
0.107716 0 9.65
0.106749 0 9.66
0.106169 0 9.67
0.105782 0 9.68
0.105009 0 9.69
0.103848 0 9.7
0.103655 0 9.71
0.103268 0 9.73
0.103075 0 9.74
0.102881 0 9.75
0.101721 0 9.76
0.100754 0 9.77
0.0995939 0 9.78
0.0990137 0 9.79
0.0980468 0 9.8
0.0968865 0 9.81
0.0959196 0 9.82
0.0953394 0 9.83
0.0949526 0 9.84
0.0947592 0 9.85
0.0943725 0 9.86
0.0934055 0 9.87
0.0922452 0 9.88
0.0910849 0 9.89
0.0908915 0 9.9
0.0899246 0 9.91
0.0889576 0 9.92
0.0879907 0 9.93
0.0876039 0 9.94
0.0864436 0 9.95
0.0854767 0 9.96
0.0848965 0 9.97
0.0847032 0 9.98
0.0839296 0 9.99
0.0829627 0 10
0.0823825 0 10.01
0.0821891 0 10.02
0.0814156 0 10.03
0.0810288 0 10.04
0.0808354 0 10.05
0.0804487 0 10.06
0.0800619 0 10.07
0.0796751 0 10.08
0.079095 0 10.1
0.0783214 0 10.11
0.0763875 0 10.12
0.075614 0 10.13
0.0746471 0 10.14
0.0738735 0 10.15
0.0727132 0 10.16
0.072133 0 10.17
0.0717463 0 10.18
0.0707793 0 10.19
0.0701992 0 10.2
0.0698124 0 10.21
0.069619 0 10.22
0.0690389 0 10.23
0.0688455 0 10.24
0.0686521 0 10.25
0.0682653 0 10.26
0.0676852 0 10.27
0.0669116 0 10.28
0.0667182 0 10.29
0.0663315 0 10.3
0.0647844 0 10.31
0.0643976 0 10.32
0.0640108 0 10.33
0.0634307 0 10.34
0.0632373 0 10.35
0.0630439 0 10.36
0.0626571 0 10.37
0.062077 0 10.38
0.0618836 0 10.39
0.0614968 0 10.4
0.06111 0 10.41
0.0607233 0 10.42
0.0601431 0 10.43
0.0597563 0 10.44
0.0591762 0 10.45
0.0589828 0 10.46
0.058596 0 10.47
0.0580159 0 10.48
0.0574357 0 10.5
0.0564688 0 10.51
0.0555018 0 10.52
0.0547283 0 10.53
0.0543415 0 10.54
0.0537614 0 10.55
0.0531812 0 10.56
0.0527944 0 10.57
0.0522143 0 10.58
0.0516341 0 10.59
0.0514407 0 10.61
0.051054 0 10.62
0.0504738 0 10.63
0.0491201 0 10.64
0.0489267 0 10.65
0.0485399 0 10.66
0.0481532 0 10.67
0.0477664 0 10.68
0.0469928 0 10.69
0.0462193 0 10.7
0.0454458 0 10.71
0.0452524 0 10.72
0.045059 0 10.73
0.0444788 0 10.74
0.0442854 0 10.75
0.0437053 0 10.76
0.0431251 0 10.77
0.042545 0 10.78
0.0423516 0 10.79
0.0421582 0 10.8
0.041578 0 10.82
0.0411913 0 10.83
0.0408045 0 10.84
0.0406111 0 10.85
0.0400309 0 10.86
0.0396442 0 10.87
0.0394508 0 10.88
0.0392574 0 10.89
0.0384839 0 10.9
0.0377103 0 10.91
0.0373235 0 10.92
0.0371301 0 10.93
0.03655 0 10.95
0.0357764 0 10.96
0.0355831 0 10.97
0.0351963 0 10.98
0.0350029 0 10.99
0.0342294 0 11
0.0334558 0 11.01
0.033069 0 11.03
0.0328757 0 11.04
0.0326823 0 11.06
0.0321021 0 11.07
0.0319087 0 11.08
0.0315219 0 11.09
0.0309418 0 11.13
0.0301682 0 11.14
0.0297815 0 11.17
0.0293947 0 11.19
0.0292013 0 11.2
0.0288145 0 11.21
0.0284278 0 11.22
0.0282344 0 11.23
0.0278476 0 11.25
0.0270741 0 11.26
0.0261071 0 11.28
0.025527 0 11.29
0.0253336 0 11.3
0.0249468 0 11.31
0.0247534 0 11.34
0.0243667 0 11.36
0.0239799 0 11.37
0.0237865 0 11.38
0.0233997 0 11.39
0.0232063 0 11.4
0.0222394 0 11.41
0.0218526 0 11.42
0.0208857 0 11.43
0.0201122 0 11.46
0.0197254 0 11.49
0.0193386 0 11.5
0.0191452 0 11.51
0.0187585 0 11.52
0.0183717 0 11.53
0.0181783 0 11.54
0.0179849 0 11.55
0.0177915 0 11.57
0.0175981 0 11.58
0.0172114 0 11.59
0.017018 0 11.61
0.0166312 0 11.62
0.0162444 0 11.65
0.0160511 0 11.66
0.0156643 0 11.67
0.0154709 0 11.68
0.0150841 0 11.7
0.0148907 0 11.71
0.014504 0 11.73
0.0139238 0 11.77
0.0137304 0 11.78
0.013537 0 11.79
0.0133436 0 11.8
0.0131503 0 11.81
0.0127635 0 11.84
0.0125701 0 11.85
0.0123767 0 11.87
0.0119899 0 11.9
0.0117966 0 11.91
0.0116032 0 11.92
0.0114098 0 11.93
0.0112164 0 11.95
0.0108296 0 11.97
0.0104429 0 11.99
0.0102495 0 12
0.0100561 0 12.03
0.0098627 0 12.04
0.00966931 0 12.05
0.00947592 0 12.07
0.00928254 0 12.09
0.00908915 0 12.18
0.00889576 0 12.19
0.00870238 0 12.2
0.00850899 0 12.23
0.00812222 0 12.24
0.00792883 0 12.25
0.00773545 0 12.27
0.00754206 0 12.32
0.00734868 0 12.37
0.0069619 0 12.42
0.00676852 0 12.47
0.00638174 0 12.49
0.00618836 0 12.53
0.00599497 0 12.54
0.0056082 0 12.56
0.00541481 0 12.58
0.00522143 0 12.64
0.00502804 0 12.65
0.00464127 0 12.68
0.0042545 0 12.74
0.00406111 0 12.78
0.00367434 0 12.8
0.00348095 0 12.91
0.00328757 0 12.92
0.00309418 0 12.99
0.00290079 0 13.01
0.00251402 0 13.07
0.00232063 0 13.08
0.00212725 0 13.1
0.00193386 0 13.18
0.00174048 0 13.23
0.00154709 0 13.24
0.0013537 0 13.28
0.00116032 0 13.29
0.000966931 0 13.34
0.000773545 0 13.5
0.000580159 0 13.51
0.000386772 0 13.8
0.000193386 0 14.13
0 0 1.79769e+308
