0.648037 85 106.35
0.648037 84 106.46
0.647844 84 106.64
0.64765 84 106.65
0.647457 83 106.67
0.647264 83 106.68
0.64707 83 106.72
0.64707 82 106.79
0.64707 81 106.81
0.646877 81 106.84
0.646877 80 106.85
0.646877 78 106.89
0.646683 78 106.9
0.64649 78 106.95
0.646103 78 106.96
0.645716 77 106.98
0.645523 74 106.99
0.64533 74 107.02
0.645136 74 107.03
0.644556 73 107.04
0.644556 72 107.05
0.644169 71 107.06
0.643589 70 107.07
0.643202 70 107.08
0.642622 69 107.1
0.642429 67 107.12
0.642042 66 107.13
0.641849 66 107.14
0.641269 66 107.15
0.640495 66 107.16
0.640302 66 107.17
0.639722 65 107.18
0.639141 64 107.19
0.638948 64 107.21
0.638948 63 107.22
0.638561 62 107.23
0.637981 62 107.24
0.637401 60 107.26
0.637208 60 107.27
0.636434 60 107.28
0.63566 60 107.29
0.635467 60 107.3
0.6345 58 107.31
0.633146 58 107.32
0.63276 58 107.33
0.632373 56 107.34
0.631793 55 107.35
0.630826 55 107.36
0.630246 55 107.37
0.629472 55 107.38
0.628699 55 107.39
0.627538 55 107.4
0.626571 55 107.41
0.626184 55 107.42
0.625991 55 107.43
0.624831 55 107.44
0.624251 55 107.45
0.62309 54 107.46
0.62251 54 107.47
0.620963 54 107.48
0.619996 54 107.49
0.619416 52 107.5
0.619029 52 107.51
0.618062 51 107.52
0.617482 50 107.53
0.616128 49 107.54
0.614968 49 107.55
0.614001 49 107.56
0.611874 49 107.57
0.610133 49 107.58
0.609167 48 107.59
0.607233 47 107.6
0.605686 47 107.61
0.603558 46 107.62
0.602205 45 107.63
0.599691 44 107.64
0.598143 44 107.65
0.596596 44 107.66
0.595243 44 107.67
0.593115 42 107.68
0.591568 40 107.69
0.590021 40 107.7
0.588474 40 107.71
0.586734 39 107.72
0.585573 38 107.73
0.584413 38 107.74
0.583446 38 107.75
0.581899 38 107.76
0.579385 38 107.77
0.578418 37 107.78
0.577064 36 107.79
0.574937 36 107.8
0.573197 35 107.81
0.571456 35 107.82
0.570489 34 107.83
0.568362 33 107.84
0.566235 32 107.85
0.564494 32 107.86
0.563527 32 107.87
0.561594 31 107.88
0.559273 31 107.89
0.557532 30 107.9
0.555018 29 107.91
0.553858 28 107.92
0.550957 28 107.93
0.548637 27 107.94
0.545929 27 107.95
0.543222 27 107.96
0.541481 26 107.97
0.538774 25 107.98
0.536647 22 107.99
0.5351 21 108
0.532779 21 108.01
0.531038 20 108.02
0.527558 20 108.03
0.526204 20 108.04
0.523883 20 108.05
0.520789 20 108.06
0.518662 18 108.07
0.515374 18 108.08
0.512473 18 108.09
0.509766 17 108.1
0.505705 17 108.11
0.503191 17 108.12
0.501257 17 108.13
0.498356 16 108.14
0.494875 14 108.15
0.490041 14 108.16
0.486946 12 108.17
0.483272 12 108.18
0.480565 12 108.19
0.47515 12 108.2
0.472829 12 108.21
0.468768 12 108.22
0.465867 11 108.23
0.462967 11 108.24
0.459099 11 108.25
0.454651 11 108.26
0.452137 11 108.27
0.448656 11 108.28
0.443821 11 108.29
0.441114 10 108.3
0.437246 9 108.31
0.433765 9 108.32
0.430671 9 108.33
0.42835 9 108.34
0.424483 9 108.35
0.420808 8 108.36
0.418681 8 108.37
0.41462 8 108.38
0.410365 8 108.39
0.407271 8 108.4
0.403984 8 108.41
0.401663 8 108.42
0.399342 8 108.43
0.395088 8 108.44
0.39122 8 108.45
0.387546 8 108.46
0.383872 8 108.47
0.379617 8 108.48
0.375749 8 108.49
0.373235 7 108.5
0.368787 6 108.51
0.365887 6 108.52
0.360665 5 108.53
0.357378 4 108.54
0.352543 4 108.55
0.349062 4 108.56
0.346161 4 108.57
0.34268 4 108.58
0.339586 4 108.59
0.333978 4 108.6
0.329917 4 108.61
0.324695 4 108.62
0.321021 4 108.63
0.316573 4 108.64
0.309225 4 108.65
0.305744 3 108.66
0.302649 3 108.67
0.298202 3 108.68
0.29414 2 108.69
0.29124 2 108.7
0.287178 2 108.71
0.284664 2 108.72
0.280217 2 108.73
0.276349 2 108.74
0.272094 2 108.75
0.268227 2 108.76
0.263972 2 108.77
0.260104 2 108.78
0.256043 2 108.79
0.252949 2 108.8
0.250242 2 108.81
0.247534 2 108.82
0.24328 2 108.83
0.240379 2 108.84
0.237285 2 108.85
0.234191 1 108.86
0.23013 1 108.87
0.226649 1 108.88
0.224135 1 108.89
0.221814 0 108.9
0.217946 0 108.91
0.214079 0 108.92
0.211564 0 108.93
0.206923 0 108.94
0.202862 0 108.95
0.199961 0 108.96
0.197447 0 108.97
0.194353 0 108.98
0.191259 0 108.99
0.187585 0 109
0.18333 0 109.01
0.178689 0 109.02
0.175208 0 109.03
0.17134 0 109.04
0.168439 0 109.05
0.166119 0 109.06
0.162831 0 109.07
0.159737 0 109.08
0.155096 0 109.09
0.152775 0 109.1
0.150648 0 109.11
0.148907 0 109.12
0.146587 0 109.13
0.144653 0 109.14
0.142139 0 109.15
0.139238 0 109.16
0.136531 0 109.17
0.133243 0 109.18
0.131696 0 109.19
0.130149 0 109.2
0.128795 0 109.21
0.126281 0 109.22
0.123961 0 109.23
0.12222 0 109.24
0.118739 0 109.25
0.115452 0 109.26
0.112551 0 109.27
0.11139 0 109.28
0.109457 0 109.29
0.106556 0 109.3
0.101915 0 109.31
0.100367 0 109.32
0.098627 0 109.33
0.0963063 0 109.34
0.0943725 0 109.35
0.0924386 0 109.36
0.0899246 0 109.37
0.0877973 0 109.38
0.0860569 0 109.39
0.0837362 0 109.4
0.0810288 0 109.41
0.0796751 0 109.42
0.0775479 0 109.43
0.0752272 0 109.44
0.0732934 0 109.45
0.0713595 0 109.46
0.0698124 0 109.47
0.0688455 0 109.48
0.067105 0 109.49
0.0659447 0 109.5
0.0638174 0 109.51
0.0618836 0 109.52
0.0597563 0 109.53
0.0572423 0 109.54
0.056082 0 109.55
0.0541481 0 109.56
0.0524077 0 109.57
0.0514407 0 109.58
0.0504738 0 109.59
0.0497003 0 109.6
0.0485399 0 109.61
0.0466061 0 109.62
0.0452524 0 109.63
0.0442854 0 109.64
0.0417714 0 109.65
0.0406111 0 109.66
0.0386772 0 109.67
0.0377103 0 109.68
0.0361632 0 109.69
0.0346161 0 109.7
0.0336492 0 109.71
0.0328757 0 109.72
0.0324889 0 109.73
0.0321021 0 109.74
0.0311352 0 109.75
0.0299749 0 109.76
0.0297815 0 109.77
0.0284278 0 109.78
0.028041 0 109.79
0.0274608 0 109.8
0.0263005 0 109.81
0.0253336 0 109.82
0.0241733 0 109.83
0.0232063 0 109.84
0.022046 0 109.85
0.0210791 0 109.86
0.0204989 0 109.87
0.019532 0 109.88
0.0183717 0 109.9
0.0179849 0 109.91
0.0174048 0 109.92
0.0162444 0 109.93
0.0158577 0 109.94
0.0150841 0 109.95
0.0146974 0 109.96
0.0143106 0 109.98
0.0141172 0 110
0.0137304 0 110.01
0.0127635 0 110.02
0.0117966 0 110.03
0.0108296 0 110.04
0.0106362 0 110.06
0.0104429 0 110.07
0.0100561 0 110.08
0.0098627 0 110.09
0.00966931 0 110.1
0.00928254 0 110.11
0.00889576 0 110.12
0.00850899 0 110.13
0.00812222 0 110.14
0.00754206 0 110.15
0.00734868 0 110.16
0.00715529 0 110.18
0.0069619 0 110.2
0.00580159 0 110.22
0.0056082 0 110.23
0.00464127 0 110.26
0.00444788 0 110.28
0.00406111 0 110.3
0.00386772 0 110.35
0.00367434 0 110.37
0.00328757 0 110.41
0.00309418 0 110.43
0.00270741 0 110.44
0.00251402 0 110.45
0.00232063 0 110.46
0.00193386 0 110.47
0.00174048 0 110.48
0.0013537 0 110.56
0.00116032 0 110.64
0.000966931 0 110.65
0.000773545 0 110.66
0.000580159 0 110.92
0.000386772 0 110.99
0.000193386 0 111.01
0 0 1.79769e+308
