0.698511 595 -1.41
0.698511 594 -0.86
0.698318 594 -0.78
0.698318 593 -0.58
0.698318 592 -0.46
0.698318 591 -0.38
0.698318 590 -0.28
0.698124 590 -0.21
0.698124 589 -0.17
0.698124 588 -0.13
0.698124 586 0.02
0.697931 586 0.06
0.697931 584 0.23
0.697931 583 0.27
0.697931 582 0.32
0.697931 581 0.34
0.697931 580 0.35
0.697737 580 0.37
0.697737 579 0.39
0.697737 577 0.4
0.697737 576 0.41
0.697737 575 0.42
0.697737 574 0.43
0.697544 574 0.46
0.697351 574 0.47
0.697351 572 0.55
0.697351 571 0.57
0.697157 570 0.61
0.697157 568 0.64
0.697157 567 0.66
0.696964 567 0.71
0.696964 566 0.73
0.696964 565 0.74
0.696964 564 0.76
0.696964 562 0.77
0.696964 561 0.8
0.696964 560 0.81
0.696964 559 0.82
0.69677 559 0.83
0.696577 559 0.84
0.696577 558 0.87
0.696577 557 0.88
0.696384 557 0.9
0.69619 557 0.91
0.69619 556 0.92
0.69619 555 0.93
0.695997 554 0.94
0.695997 553 0.95
0.695997 552 0.98
0.695997 551 1.01
0.695804 548 1.02
0.695804 547 1.05
0.695804 545 1.07
0.695804 544 1.08
0.695804 543 1.11
0.69561 542 1.19
0.69561 540 1.21
0.695417 540 1.22
0.695223 539 1.23
0.695223 538 1.25
0.695223 536 1.26
0.695223 534 1.27
0.695223 533 1.28
0.695223 532 1.29
0.694837 532 1.3
0.694643 530 1.31
0.694643 529 1.32
0.69445 527 1.34
0.69445 523 1.35
0.69445 521 1.37
0.69445 520 1.38
0.694256 519 1.4
0.694256 518 1.41
0.694256 517 1.42
0.694063 517 1.43
0.694063 514 1.45
0.694063 512 1.46
0.69387 510 1.47
0.69387 509 1.48
0.69387 508 1.49
0.69387 507 1.5
0.693483 507 1.52
0.693483 504 1.54
0.693483 503 1.55
0.693483 501 1.56
0.693289 500 1.57
0.693289 498 1.58
0.693096 497 1.59
0.693096 496 1.62
0.692903 496 1.64
0.692903 494 1.65
0.692709 493 1.69
0.692516 492 1.7
0.692129 490 1.71
0.692129 489 1.72
0.692129 488 1.73
0.692129 487 1.74
0.691936 486 1.75
0.691936 484 1.79
0.691936 483 1.81
0.691742 480 1.84
0.691742 478 1.85
0.691742 475 1.86
0.691742 473 1.87
0.691549 472 1.88
0.691549 471 1.91
0.691549 470 1.93
0.691549 467 1.95
0.691549 465 1.96
0.691549 463 1.97
0.691356 463 1.99
0.691162 463 2
0.691162 462 2.01
0.691162 461 2.02
0.691162 460 2.03
0.690969 460 2.04
0.690969 457 2.05
0.690775 455 2.06
0.690775 451 2.07
0.690775 449 2.09
0.690389 449 2.1
0.690389 448 2.11
0.690389 447 2.12
0.690389 446 2.13
0.690389 445 2.14
0.690389 443 2.15
0.690389 442 2.16
0.690389 440 2.17
0.690195 440 2.18
0.690002 439 2.19
0.689809 439 2.2
0.689809 437 2.21
0.689422 434 2.22
0.689228 434 2.23
0.689035 432 2.24
0.688842 431 2.25
0.688648 431 2.26
0.688648 428 2.27
0.688455 425 2.28
0.688261 425 2.29
0.688261 423 2.31
0.688261 421 2.32
0.688068 420 2.33
0.687681 419 2.34
0.687101 417 2.36
0.687101 415 2.37
0.687101 413 2.38
0.687101 412 2.39
0.687101 410 2.4
0.687101 409 2.42
0.686908 409 2.43
0.686521 408 2.45
0.686521 407 2.46
0.686521 406 2.47
0.686328 403 2.48
0.685941 400 2.49
0.685554 399 2.5
0.685554 398 2.51
0.685554 396 2.52
0.685361 394 2.53
0.685361 393 2.54
0.685167 391 2.55
0.685167 390 2.56
0.685167 388 2.58
0.685167 387 2.6
0.685167 385 2.61
0.685167 384 2.62
0.684587 383 2.65
0.684587 381 2.66
0.684394 380 2.67
0.6842 380 2.69
0.683814 378 2.7
0.683427 376 2.71
0.68304 376 2.72
0.68304 374 2.73
0.682847 374 2.74
0.682847 370 2.75
0.682847 368 2.76
0.682653 365 2.78
0.682266 362 2.79
0.681493 359 2.81
0.6813 358 2.83
0.681106 357 2.84
0.680719 357 2.86
0.680719 353 2.87
0.680719 351 2.88
0.680333 351 2.89
0.679946 350 2.9
0.679946 348 2.92
0.679559 348 2.93
0.679366 346 2.94
0.679172 346 2.98
0.678592 345 2.99
0.678399 342 3
0.678205 340 3.01
0.678205 339 3.03
0.678012 338 3.04
0.677819 336 3.05
0.677819 334 3.06
0.677819 333 3.07
0.677432 332 3.08
0.677045 328 3.09
0.676852 326 3.1
0.676852 325 3.11
0.676852 323 3.12
0.676658 322 3.13
0.676658 320 3.14
0.676658 319 3.15
0.676465 318 3.16
0.676272 318 3.17
0.675885 317 3.18
0.675498 317 3.19
0.675111 313 3.2
0.674724 313 3.21
0.674724 312 3.22
0.674724 311 3.23
0.674531 310 3.24
0.674338 309 3.25
0.673951 309 3.27
0.673757 309 3.28
0.673757 308 3.29
0.673371 308 3.3
0.673177 308 3.31
0.672984 306 3.32
0.672791 306 3.33
0.67221 306 3.34
0.672017 306 3.35
0.672017 305 3.36
0.671824 305 3.37
0.671437 302 3.38
0.67105 302 3.39
0.67105 301 3.4
0.670663 301 3.41
0.670277 300 3.42
0.669696 298 3.43
0.669503 296 3.44
0.669503 292 3.45
0.669116 291 3.47
0.668729 285 3.48
0.668729 284 3.49
0.668536 284 3.5
0.668149 283 3.51
0.668149 281 3.52
0.668149 279 3.53
0.667956 279 3.54
0.667956 278 3.55
0.667763 277 3.56
0.667376 274 3.57
0.667376 273 3.58
0.667376 271 3.59
0.666796 270 3.6
0.666796 267 3.61
0.666409 266 3.62
0.666409 264 3.63
0.666215 260 3.64
0.665829 258 3.65
0.665249 257 3.66
0.665249 255 3.67
0.664475 254 3.68
0.664282 253 3.69
0.664088 251 3.7
0.663121 250 3.71
0.662348 249 3.72
0.661768 246 3.73
0.661574 244 3.74
0.661187 240 3.76
0.660994 240 3.77
0.660801 239 3.78
0.660607 239 3.79
0.660414 237 3.8
0.660027 237 3.81
0.659834 237 3.82
0.659254 237 3.83
0.65906 236 3.84
0.658867 236 3.85
0.658287 235 3.86
0.658093 232 3.88
0.6579 231 3.89
0.6579 229 3.9
0.657706 229 3.91
0.657126 227 3.92
0.65674 227 3.93
0.65674 226 3.94
0.656353 225 3.95
0.656159 223 3.96
0.656159 222 3.97
0.655773 218 3.98
0.655386 217 3.99
0.654419 216 4
0.654225 212 4.01
0.654225 209 4.02
0.653839 207 4.03
0.653645 205 4.04
0.653065 203 4.05
0.652678 203 4.06
0.652485 202 4.07
0.651905 200 4.08
0.651518 198 4.09
0.651325 196 4.1
0.650745 195 4.11
0.650551 193 4.12
0.650164 191 4.13
0.649971 191 4.14
0.649778 187 4.15
0.648617 187 4.16
0.648231 186 4.17
0.648231 185 4.18
0.647844 184 4.2
0.647264 183 4.21
0.646877 182 4.22
0.646103 182 4.23
0.645716 182 4.24
0.645136 180 4.25
0.644556 176 4.28
0.643976 174 4.29
0.643202 174 4.3
0.643009 174 4.31
0.642429 174 4.32
0.641849 174 4.33
0.641462 173 4.34
0.640882 172 4.37
0.640495 171 4.38
0.639528 170 4.39
0.638755 169 4.4
0.638368 169 4.41
0.637981 169 4.42
0.637594 169 4.43
0.636821 169 4.44
0.636434 169 4.45
0.636047 168 4.46
0.63566 166 4.47
0.635274 166 4.48
0.635274 165 4.49
0.634887 165 4.5
0.6345 163 4.51
0.634307 161 4.52
0.63392 159 4.53
0.63276 159 4.54
0.632373 159 4.55
0.631793 158 4.56
0.631213 158 4.57
0.631019 158 4.58
0.630439 158 4.59
0.629665 158 4.6
0.629472 157 4.61
0.628699 156 4.62
0.627925 154 4.63
0.627151 153 4.64
0.626571 153 4.65
0.625411 152 4.66
0.625024 150 4.67
0.624831 150 4.68
0.624444 149 4.69
0.623864 147 4.7
0.623477 143 4.71
0.62251 142 4.72
0.622317 142 4.73
0.621737 142 4.74
0.621156 142 4.75
0.62019 142 4.76
0.619996 142 4.77
0.619223 140 4.78
0.619029 140 4.79
0.618836 140 4.8
0.618449 138 4.81
0.617675 136 4.82
0.617095 135 4.83
0.616902 135 4.84
0.616515 135 4.85
0.616128 132 4.86
0.615548 131 4.87
0.614968 131 4.88
0.614581 131 4.89
0.614581 130 4.9
0.614195 130 4.91
0.614001 129 4.93
0.613614 129 4.94
0.613228 126 4.95
0.612647 124 4.96
0.612261 123 4.97
0.611874 123 4.98
0.611487 122 4.99
0.6111 122 5
0.610133 122 5.01
0.609553 121 5.02
0.608973 121 5.03
0.608393 120 5.04
0.6082 116 5.05
0.607426 116 5.06
0.607426 115 5.07
0.606652 115 5.08
0.606072 115 5.09
0.605686 114 5.1
0.605299 113 5.11
0.604332 113 5.12
0.603365 113 5.13
0.602398 112 5.14
0.601818 112 5.15
0.601238 112 5.16
0.599884 110 5.17
0.598143 110 5.18
0.59795 109 5.19
0.596983 109 5.2
0.59621 107 5.21
0.595629 107 5.22
0.595049 107 5.23
0.594663 106 5.24
0.593696 105 5.25
0.593115 103 5.26
0.592535 103 5.27
0.592149 101 5.28
0.591375 100 5.29
0.590988 100 5.3
0.590215 95 5.31
0.589635 95 5.32
0.588861 94 5.33
0.588087 94 5.34
0.587314 94 5.35
0.586347 94 5.36
0.586347 93 5.37
0.58596 92 5.38
0.584413 92 5.39
0.583833 91 5.4
0.583059 91 5.41
0.581899 89 5.42
0.580739 89 5.43
0.579772 88 5.44
0.579578 88 5.45
0.578805 88 5.46
0.577645 88 5.47
0.576871 87 5.48
0.575711 87 5.49
0.575131 87 5.5
0.574744 86 5.51
0.57455 86 5.52
0.572617 85 5.53
0.571843 84 5.54
0.571263 82 5.55
0.570102 82 5.56
0.569909 82 5.57
0.569136 81 5.58
0.568555 80 5.59
0.567782 79 5.6
0.566041 78 5.61
0.565074 78 5.62
0.564881 77 5.63
0.563914 77 5.64
0.563721 76 5.65
0.562754 75 5.66
0.562367 74 5.67
0.56198 74 5.68
0.561594 74 5.69
0.559853 73 5.7
0.559079 72 5.71
0.558886 71 5.72
0.558693 71 5.73
0.557919 71 5.74
0.556952 70 5.75
0.556372 69 5.76
0.555405 68 5.77
0.554438 66 5.79
0.552504 64 5.8
0.552118 63 5.81
0.551151 63 5.82
0.550764 63 5.83
0.54999 63 5.84
0.549217 62 5.85
0.548056 60 5.86
0.54767 60 5.87
0.546896 60 5.88
0.546316 60 5.89
0.544189 59 5.9
0.543609 59 5.91
0.542642 58 5.92
0.541868 58 5.93
0.540901 58 5.94
0.540321 58 5.95
0.539354 58 5.96
0.538967 57 5.97
0.538194 56 5.98
0.537614 56 5.99
0.536453 55 6
0.535873 55 6.01
0.535293 55 6.02
0.534906 54 6.03
0.533553 53 6.04
0.531425 53 6.05
0.530265 51 6.06
0.529298 51 6.07
0.528331 50 6.08
0.527364 49 6.09
0.526591 49 6.1
0.525044 49 6.11
0.523883 48 6.12
0.522916 48 6.13
0.521949 47 6.14
0.520209 47 6.15
0.519822 47 6.16
0.518275 47 6.17
0.517695 47 6.18
0.517115 45 6.19
0.516341 43 6.2
0.515568 42 6.21
0.514601 42 6.22
0.514407 42 6.23
0.51344 42 6.24
0.513247 42 6.25
0.512473 42 6.26
0.5117 41 6.27
0.510346 40 6.28
0.508992 40 6.29
0.507832 40 6.3
0.507445 40 6.31
0.505898 39 6.32
0.504351 39 6.33
0.503191 38 6.34
0.502611 38 6.35
0.502417 38 6.36
0.502031 36 6.37
0.501064 36 6.38
0.50029 36 6.39
0.49913 36 6.4
0.496616 36 6.41
0.495455 36 6.42
0.493908 36 6.43
0.493135 36 6.44
0.491974 36 6.45
0.491201 36 6.46
0.490621 36 6.47
0.48888 36 6.48
0.486753 36 6.49
0.48598 36 6.5
0.484626 33 6.51
0.483659 33 6.52
0.482112 33 6.53
0.481532 33 6.54
0.480951 33 6.55
0.479404 32 6.56
0.478824 32 6.57
0.478244 31 6.58
0.477277 31 6.59
0.47689 30 6.6
0.476117 29 6.61
0.474956 29 6.62
0.473603 29 6.63
0.472829 29 6.64
0.471669 29 6.65
0.470702 29 6.66
0.469928 29 6.67
0.468768 29 6.68
0.468381 29 6.69
0.467608 29 6.7
0.466254 29 6.71
0.465094 29 6.72
0.46432 29 6.73
0.46258 29 6.74
0.462 29 6.75
0.461806 29 6.76
0.460839 29 6.77
0.459872 29 6.78
0.459486 29 6.79
0.458325 29 6.8
0.457745 29 6.81
0.456972 29 6.82
0.456778 29 6.83
0.455424 29 6.84
0.454651 28 6.85
0.454264 28 6.86
0.453297 28 6.87
0.451944 28 6.88
0.451557 28 6.89
0.450977 28 6.9
0.449623 28 6.91
0.448656 28 6.92
0.447302 27 6.93
0.446529 26 6.94
0.444788 26 6.95
0.443821 26 6.96
0.443048 26 6.97
0.442274 26 6.98
0.441114 26 6.99
0.44034 26 7
0.438793 26 7.01
0.437826 26 7.02
0.436859 26 7.03
0.436086 25 7.04
0.434539 25 7.05
0.434345 25 7.06
0.433185 24 7.07
0.432412 23 7.08
0.431831 22 7.09
0.431445 21 7.1
0.429898 21 7.11
0.428931 21 7.12
0.427383 21 7.13
0.426417 21 7.14
0.425256 21 7.15
0.423322 21 7.16
0.422742 20 7.17
0.421582 20 7.18
0.420422 19 7.2
0.419455 19 7.21
0.417714 19 7.22
0.41636 19 7.23
0.415394 19 7.24
0.413846 19 7.25
0.412493 19 7.26
0.411719 19 7.27
0.410365 19 7.28
0.409399 19 7.29
0.408238 19 7.3
0.407851 18 7.31
0.406498 17 7.32
0.404371 16 7.33
0.403017 15 7.34
0.401663 15 7.35
0.400696 15 7.36
0.399342 15 7.37
0.397989 15 7.38
0.396828 15 7.39
0.395862 14 7.4
0.394701 14 7.41
0.393541 14 7.42
0.393154 14 7.43
0.392574 14 7.44
0.3918 14 7.45
0.390253 14 7.46
0.388706 14 7.47
0.387159 14 7.48
0.385999 14 7.49
0.385032 14 7.5
0.383872 14 7.51
0.382711 14 7.52
0.381551 14 7.53
0.380777 14 7.54
0.379037 13 7.55
0.378263 13 7.56
0.37691 13 7.57
0.375749 13 7.58
0.375556 13 7.59
0.374589 13 7.6
0.374009 13 7.61
0.372849 13 7.62
0.372655 13 7.63
0.371301 13 7.64
0.368981 13 7.65
0.367821 13 7.66
0.36608 12 7.67
0.3655 12 7.68
0.36434 12 7.69
0.362599 12 7.7
0.361245 11 7.71
0.359698 11 7.72
0.358925 11 7.73
0.357378 10 7.74
0.356604 10 7.75
0.354864 10 7.76
0.353897 10 7.77
0.351769 10 7.78
0.349642 10 7.79
0.349255 10 7.8
0.348869 9 7.81
0.347708 9 7.82
0.346161 8 7.83
0.345001 8 7.84
0.343841 8 7.85
0.34268 8 7.86
0.341907 8 7.87
0.341327 8 7.88
0.33978 8 7.89
0.338039 8 7.9
0.335525 8 7.91
0.334751 8 7.92
0.333591 8 7.93
0.332044 8 7.94
0.331271 8 7.95
0.329723 8 7.96
0.329337 8 7.97
0.32895 7 7.98
0.328176 7 7.99
0.327596 7 8
0.326243 7 8.01
0.325856 7 8.02
0.324309 7 8.03
0.323148 7 8.04
0.321408 6 8.05
0.319667 6 8.06
0.318507 6 8.07
0.317734 6 8.08
0.316186 6 8.09
0.315026 6 8.1
0.314446 6 8.11
0.313479 6 8.12
0.312125 6 8.13
0.310385 6 8.14
0.309418 6 8.15
0.308451 6 8.16
0.308064 6 8.17
0.307291 6 8.18
0.306904 6 8.19
0.30497 6 8.2
0.302456 6 8.21
0.301102 6 8.22
0.299942 5 8.23
0.298975 5 8.24
0.297041 5 8.25
0.295881 5 8.26
0.295107 5 8.27
0.29356 5 8.28
0.291626 5 8.29
0.291046 5 8.3
0.290659 5 8.31
0.289112 5 8.32
0.288919 5 8.33
0.287759 5 8.34
0.286018 5 8.35
0.285438 5 8.36
0.283891 5 8.37
0.282537 5 8.38
0.28099 5 8.39
0.28041 5 8.4
0.278863 5 8.41
0.276736 5 8.42
0.275769 5 8.43
0.275189 5 8.44
0.274608 5 8.45
0.273641 5 8.46
0.272481 5 8.47
0.270934 5 8.48
0.270354 5 8.49
0.269387 5 8.5
0.26726 5 8.51
0.266099 5 8.52
0.264939 5 8.53
0.263199 4 8.54
0.262038 4 8.55
0.261652 4 8.56
0.260878 4 8.57
0.259524 4 8.58
0.258364 4 8.59
0.257204 4 8.6
0.254883 3 8.61
0.253916 3 8.62
0.252756 3 8.63
0.251209 3 8.64
0.249662 3 8.65
0.248501 3 8.66
0.247534 3 8.67
0.247148 3 8.68
0.245794 3 8.69
0.244827 3 8.7
0.24444 3 8.71
0.242893 3 8.72
0.241926 3 8.73
0.240572 3 8.74
0.239025 3 8.75
0.237285 3 8.76
0.235931 3 8.77
0.235351 3 8.78
0.234384 3 8.79
0.232837 3 8.8
0.232063 3 8.81
0.231096 3 8.82
0.230323 3 8.83
0.229163 2 8.84
0.228389 2 8.85
0.227616 2 8.86
0.226455 2 8.87
0.225488 2 8.88
0.224521 2 8.89
0.223941 2 8.9
0.222394 2 8.91
0.221427 2 8.92
0.220073 2 8.93
0.219107 2 8.94
0.217946 2 8.95
0.216399 2 8.96
0.214659 2 8.97
0.212918 2 8.98
0.212145 2 8.99
0.210598 2 9
0.209824 2 9.01
0.208664 2 9.02
0.207503 2 9.03
0.206536 2 9.04
0.205763 2 9.05
0.205183 2 9.06
0.204409 2 9.07
0.203636 2 9.08
0.202475 2 9.09
0.201895 2 9.1
0.200541 2 9.11
0.199381 2 9.12
0.198027 2 9.13
0.196867 2 9.14
0.1959 2 9.15
0.19416 2 9.16
0.19358 2 9.17
0.192613 2 9.18
0.191452 2 9.19
0.190485 2 9.2
0.189712 2 9.21
0.188938 2 9.22
0.188358 2 9.23
0.187198 2 9.24
0.185264 2 9.25
0.184297 2 9.26
0.183137 2 9.27
0.182557 2 9.28
0.181783 2 9.29
0.180429 2 9.3
0.179656 2 9.31
0.178495 2 9.32
0.177722 2 9.33
0.175981 2 9.34
0.174821 2 9.35
0.174241 2 9.36
0.173274 2 9.37
0.17192 2 9.38
0.17134 2 9.39
0.169793 2 9.4
0.168633 2 9.41
0.168246 2 9.42
0.167472 2 9.43
0.166699 2 9.44
0.165925 2 9.45
0.165345 2 9.46
0.165152 2 9.47
0.164765 2 9.48
0.163798 2 9.49
0.163025 2 9.5
0.162251 2 9.51
0.161477 2 9.52
0.160897 2 9.53
0.159737 2 9.54
0.15877 2 9.55
0.157803 2 9.56
0.156643 2 9.57
0.155096 2 9.58
0.154902 2 9.59
0.153935 2 9.6
0.152775 2 9.61
0.151808 2 9.62
0.150261 2 9.63
0.149101 2 9.64
0.148714 2 9.65
0.148134 2 9.66
0.14678 2 9.67
0.145813 2 9.68
0.145233 2 9.69
0.144073 2 9.7
0.143493 2 9.71
0.142526 2 9.72
0.142139 2 9.73
0.140785 2 9.74
0.139431 2 9.75
0.138851 2 9.76
0.137691 2 9.77
0.137111 2 9.78
0.136337 2 9.79
0.134984 2 9.8
0.13421 2 9.81
0.13363 2 9.82
0.133243 2 9.83
0.131309 2 9.84
0.130536 2 9.85
0.129569 2 9.86
0.128795 2 9.87
0.127828 2 9.88
0.126861 2 9.89
0.125701 2 9.9
0.124541 2 9.91
0.124347 2 9.92
0.124154 2 9.93
0.123187 2 9.94
0.1228 2 9.95
0.122607 2 9.96
0.121833 2 9.97
0.12106 2 9.98
0.12048 1 9.99
0.119899 1 10
0.118933 1 10.01
0.118546 1 10.02
0.117579 1 10.03
0.117192 1 10.04
0.116418 1 10.05
0.116032 1 10.06
0.115258 1 10.07
0.114678 1 10.08
0.113518 1 10.09
0.113131 1 10.1
0.112551 1 10.11
0.11139 1 10.12
0.11081 1 10.13
0.110424 1 10.14
0.109457 1 10.15
0.109263 1 10.16
0.108296 1 10.17
0.107329 1 10.18
0.106362 1 10.19
0.105976 1 10.21
0.105395 1 10.22
0.104622 1 10.23
0.103462 1 10.24
0.102688 1 10.25
0.102301 1 10.26
0.101528 1 10.27
0.100754 1 10.28
0.0999807 1 10.29
0.0994005 1 10.3
0.0984336 1 10.31
0.0978534 1 10.32
0.09766 1 10.33
0.0970799 1 10.35
0.0966931 1 10.37
0.0964997 1 10.38
0.0959196 1 10.39
0.095146 1 10.4
0.0947592 1 10.41
0.0943725 1 10.42
0.0935989 1 10.43
0.0930188 1 10.44
0.0918584 1 10.45
0.0910849 1 10.46
0.0905047 1 10.47
0.0897312 1 10.48
0.0893444 1 10.49
0.0879907 1 10.5
0.0872172 1 10.51
0.086637 1 10.52
0.0856701 1 10.53
0.0848965 1 10.54
0.084123 1 10.55
0.0829627 1 10.56
0.0823825 1 10.58
0.081609 1 10.59
0.0810288 1 10.6
0.0800619 1 10.61
0.0792883 1 10.62
0.0783214 1 10.63
0.0769677 1 10.64
0.0763875 1 10.65
0.075614 1 10.66
0.0754206 1 10.67
0.0748405 1 10.68
0.0742603 1 10.69
0.0736801 1 10.7
0.0729066 1 10.71
0.072133 1 10.72
0.0719397 1 10.73
0.0707793 1 10.74
0.0698124 1 10.75
0.0694256 1 10.77
0.0686521 1 10.78
0.0682653 1 10.79
0.0678786 1 10.8
0.0676852 1 10.81
0.0672984 1 10.82
0.0661381 1 10.83
0.0659447 1 10.84
0.0653645 1 10.85
0.064591 1 10.86
0.0640108 1 10.87
0.0630439 1 10.88
0.062077 1 10.89
0.0614968 1 10.9
0.0613034 1 10.91
0.0607233 1 10.92
0.0597563 1 10.93
0.0589828 1 10.94
0.0587894 1 10.95
0.058596 1 10.96
0.0584026 1 10.97
0.0572423 1 10.98
0.0570489 1 10.99
0.0566622 1 11
0.0564688 1 11.01
0.0556952 1 11.02
0.0553085 1 11.04
0.0545349 1 11.05
0.0539547 1 11.07
0.0537614 1 11.08
0.0533746 1 11.09
0.0531812 1 11.1
0.0527944 1 11.11
0.0516341 1 11.12
0.0512473 1 11.13
0.050087 1 11.14
0.0498936 1 11.15
0.0493135 1 11.16
0.0489267 1 11.17
0.0481532 1 11.18
0.0477664 1 11.19
0.0467995 1 11.2
0.0462193 1 11.21
0.0460259 1 11.22
0.0458325 1 11.23
0.0452524 1 11.24
0.045059 1 11.25
0.0442854 1 11.26
0.0437053 1 11.28
0.0433185 1 11.29
0.0431251 1 11.3
0.0429317 1 11.32
0.0427383 1 11.33
0.042545 1 11.34
0.0421582 1 11.35
0.0417714 1 11.36
0.0413846 1 11.37
0.0408045 1 11.38
0.0402243 1 11.39
0.0398376 1 11.41
0.0394508 1 11.42
0.0392574 0 11.43
0.039064 0 11.44
0.0386772 0 11.45
0.0380971 0 11.47
0.0377103 0 11.48
0.0371301 0 11.49
0.0369368 0 11.5
0.03655 0 11.51
0.0361632 0 11.52
0.0359698 0 11.53
0.0357764 0 11.54
0.0355831 0 11.55
0.0350029 0 11.56
0.0346161 0 11.57
0.034036 0 11.58
0.0338426 0 11.59
0.0334558 0 11.6
0.0332624 0 11.61
0.0324889 0 11.62
0.0321021 0 11.63
0.0319087 0 11.64
0.0317153 0 11.66
0.0313286 0 11.67
0.030555 0 11.68
0.0297815 0 11.69
0.0295881 0 11.72
0.0290079 0 11.73
0.0286212 0 11.74
0.0284278 0 11.76
0.028041 0 11.77
0.0278476 0 11.78
0.0276542 0 11.8
0.0274608 0 11.81
0.0270741 0 11.82
0.0268807 0 11.83
0.0266873 0 11.84
0.0264939 0 11.85
0.0263005 0 11.87
0.025527 0 11.88
0.0249468 0 11.89
0.0247534 0 11.9
0.0243667 0 11.91
0.0241733 0 11.93
0.0239799 0 11.95
0.0233997 0 11.96
0.0232063 0 11.97
0.0226262 0 11.98
0.0224328 0 12
0.022046 0 12.02
0.0218526 0 12.03
0.0216593 0 12.05
0.0214659 0 12.06
0.0212725 0 12.07
0.0206923 0 12.08
0.0204989 0 12.09
0.0201122 0 12.11
0.0199188 0 12.12
0.0197254 0 12.13
0.019532 0 12.16
0.0193386 0 12.17
0.0191452 0 12.18
0.0189518 0 12.2
0.0185651 0 12.21
0.0181783 0 12.22
0.0179849 0 12.23
0.0177915 0 12.27
0.0174048 0 12.28
0.017018 0 12.29
0.0168246 0 12.3
0.0166312 0 12.31
0.0162444 0 12.32
0.0158577 0 12.34
0.0154709 0 12.35
0.0150841 0 12.36
0.0148907 0 12.38
0.0146974 0 12.39
0.014504 0 12.41
0.0143106 0 12.42
0.0141172 0 12.43
0.0139238 0 12.44
0.0137304 0 12.45
0.013537 0 12.5
0.0133436 0 12.51
0.0131503 0 12.54
0.0125701 0 12.56
0.0123767 0 12.59
0.0119899 0 12.61
0.0117966 0 12.63
0.0116032 0 12.65
0.0114098 0 12.68
0.0112164 0 12.69
0.011023 0 12.71
0.0108296 0 12.74
0.0106362 0 12.75
0.0102495 0 12.77
0.0100561 0 12.78
0.0098627 0 12.79
0.00966931 0 12.82
0.00947592 0 12.83
0.00928254 0 12.85
0.00908915 0 12.87
0.00889576 0 12.89
0.00870238 0 12.91
0.00850899 0 12.92
0.00831561 0 12.93
0.00812222 0 12.95
0.00792883 0 12.99
0.00754206 0 13
0.00734868 0 13.05
0.00715529 0 13.07
0.0069619 0 13.08
0.00676852 0 13.09
0.00657513 0 13.1
0.00599497 0 13.12
0.00580159 0 13.14
0.0056082 0 13.15
0.00522143 0 13.18
0.00502804 0 13.21
0.00483465 0 13.22
0.00464127 0 13.24
0.00444788 0 13.28
0.00406111 0 13.29
0.00386772 0 13.33
0.00367434 0 13.34
0.00328757 0 13.37
0.00309418 0 13.38
0.00290079 0 13.41
0.00270741 0 13.43
0.00251402 0 13.47
0.00232063 0 13.56
0.00193386 0 13.66
0.00174048 0 13.71
0.00154709 0 13.72
0.0013537 0 13.73
0.00116032 0 13.94
0.000966931 0 14.06
0.000773545 0 14.17
0.000580159 0 14.18
0.000386772 0 15.06
0.000193386 0 16.05
0 0 1.79769e+308
