0.183997 3
0.183882 3
0.183765 3
0.183642 3
0.183505 3
0.183379 3
0.183255 3
0.18306 2
0.182934 2
0.182669 2
0.182559 2
0.18244 2
0.182307 2
0.182177 2
0.182058 2
0.18194 2
0.181808 2
0.181685 2
0.181562 2
0.181433 2
0.181323 2
0.181062 2
0.180933 2
0.180688 2
0.180572 2
0.180193 2
0.180064 2
0.179937 2
0.179805 2
0.179555 2
0.179426 2
0.179301 2
0.179028 2
0.178903 2
0.178668 2
0.178142 2
0.178001 2
0.177735 2
0.177612 2
0.17725 2
0.177123 2
0.176988 2
0.176873 2
0.176614 2
0.176257 2
0.175997 2
0.175866 2
0.175741 2
0.175368 2
0.174853 2
0.174604 2
0.174144 2
0.173526 2
0.173261 2
0.173121 2
0.172997 2
0.172881 2
0.172749 2
0.172363 2
0.172123 2
0.171862 2
0.171739 2
0.171477 2
0.171351 2
0.171224 2
0.17109 2
0.170603 2
0.169576 2
0.169468 2
0.169091 2
0.168687 2
0.168061 2
0.167589 2
0.167088 2
0.166956 2
0.166677 2
0.166425 2
0.166151 2
0.165774 2
0.16554 2
0.165423 2
0.165287 2
0.164999 2
0.164476 2
0.164095 2
0.163592 2
0.163295 2
0.1628 2
0.162284 2
0.161774 2
0.161517 2
0.161264 2
0.160623 2
0.160271 1
0.159908 1
0.159786 1
0.159306 1
0.159045 1
0.158937 1
0.158668 1
0.15844 1
0.158317 1
0.15807 1
0.157688 1
0.157297 1
0.157055 1
0.156559 1
0.156196 1
0.155183 1
0.1548 1
0.154548 1
0.153766 1
0.153649 1
0.153271 1
0.153025 1
0.151978 1
0.151717 1
0.151217 1
0.150566 1
0.150441 1
0.150061 1
0.149814 1
0.149323 1
0.148949 1
0.148373 0
0.147488 0
0.147106 0
0.146847 0
0.146468 0
0.145419 0
0.145166 0
0.144781 0
0.144286 0
0.143696 0
0.142947 0
0.142808 0
0.141807 0
0.140643 0
0.140131 0
0.139235 0
0.137964 0
0.137178 0
0.136166 0
0.135662 0
0.13501 0
0.134498 0
0.133738 0
0.133609 0
0.132998 0
0.132371 0
0.131621 0
0.131096 0
0.1302 0
0.129957 0
0.129176 0
0.128793 0
0.128065 0
0.127431 0
0.126812 0
0.126688 0
0.12565 0
0.124381 0
0.123861 0
0.123233 0
0.122834 0
0.122299 0
0.122043 0
0.121643 0
0.121524 0
0.12037 0
0.119358 0
0.119096 0
0.118166 0
0.117292 0
0.11679 0
0.116186 0
0.115297 0
0.114661 0
0.114043 0
0.113765 0
0.113258 0
0.112771 0
0.112128 0
0.111355 0
0.110433 0
0.109536 0
0.10852 0
0.107882 0
0.107211 0
0.106197 0
0.105326 0
0.104941 0
0.104281 0
0.103241 0
0.102581 0
0.101952 0
0.101026 0
0.100139 0
0.0993333 0
0.0985582 0
0.0978007 0
0.097279 0
0.0963722 0
0.0954677 0
0.0945695 0
0.0938175 0
0.0934392 0
0.0923966 0
0.0916159 0
0.0908573 0
0.089969 0
0.0891871 0
0.0887903 0
0.0870044 0
0.0864966 0
0.0858324 0
0.0854486 0
0.0836707 0
0.0833018 0
0.0824163 0
0.0819537 0
0.0815822 0
0.0810643 0
0.0806734 0
0.0801516 0
0.0796363 0
0.0787275 0
0.0783561 0
0.0775815 0
0.076816 0
0.0761707 0
0.0756192 0
0.0753639 0
0.0749684 0
0.0741883 0
0.073169 0
0.0725358 0
0.0716431 0
0.0703372 0
0.0699558 0
0.0688958 0
0.0681107 0
0.06681 0
0.0663032 0
0.0659368 0
0.0653013 0
0.0644257 0
0.0639025 0
0.0634075 0
0.0630321 0
0.0625257 0
0.0620068 0
0.0615087 0
0.0609918 0
0.0604806 0
0.0600964 0
0.0595748 0
0.0586884 0
0.0578225 0
0.0575766 0
0.0574489 0
0.057056 0
0.0561879 0
0.0555347 0
0.0544904 0
0.0538219 0
0.0531912 0
0.0524181 0
0.0517751 0
0.0511213 0
0.0504986 0
0.0495911 0
0.0493582 0
0.0483485 0
0.0477003 0
0.0469432 0
0.0460248 0
0.0455005 0
0.0449796 0
0.0445719 0
0.0438201 0
0.0433262 0
0.0425281 0
0.0421396 0
0.0416283 0
0.0411373 0
0.0401226 0
0.0399925 0
0.039365 0
0.0385814 0
0.0382106 0
0.0377132 0
0.0370741 0
0.0361682 0
0.0353824 0
0.0348648 0
0.0343313 0
0.0338054 0
0.0334424 0
0.0330511 0
0.0326771 0
0.0314376 0
0.0309117 0
0.0307943 0
0.0303934 0
0.0301483 0
0.0300204 0
0.0296314 0
0.0289957 0
0.0286011 0
0.0280873 0
0.0273134 0
0.0265544 0
0.0259377 0
0.0255586 0
0.0249071 0
0.0245263 0
0.0242751 0
0.0238987 0
0.0235151 0
0.0234014 0
0.0230128 0
0.0228785 0
0.0223619 0
0.0221087 0
0.0217251 0
0.0214667 0
0.020951 0
0.0203324 0
0.0201988 0
0.0194031 0
0.0191495 0
0.0189051 0
0.0181484 0
0.0178889 0
0.0175203 0
0.0169936 0
0.0167055 0
0.0165822 0
0.0163169 0
0.0160572 0
0.0155328 0
0.0154153 0
0.0151416 0
0.0148823 0
0.0142261 0
0.0138286 0
0.0135948 0
0.0132287 0
0.0129664 0
0.0125852 0
0.0124593 0
0.0121923 0
0.0119269 0
0.0117954 0
0.0115512 0
0.0114238 0
0.0112829 0
0.0109086 0
0.0107726 0
0.0105304 0
0.0101448 0
0.0100237 0
0.00988849 0
0.00964066 0
0.0093719 0
0.0089858 0
0.00862339 0
0.00809975 0
0.00798751 0
0.00772385 0
0.00758932 0
0.0070619 0
0.0069292 0
0.00654833 0
0.00642498 0
0.00629426 0
0.00616608 0
0.00604135 0
0.0059173 0
0.00551386 0
0.00538099 0
0.00512372 0
0.00499063 0
0.00486441 0
0.00473009 0
0.00460411 0
0.00446889 0
0.00408243 0
0.00381896 0
0.00368196 0
0.00355947 0
0.00330812 0
0.00317177 0
0.0029148 0
0.00278376 0
0.00265039 0
0.00251474 0
0.00238625 0
0.00225418 0
0.00212265 0
0.00198945 0
0.00185707 0
0.00172253 0
0.00158475 0
0.00145155 0
0.00132157 0
0.00119161 0
0.00106599 0
0.000925471 0
0.00079362 0
0.000657149 0
0.000397294 0
0.000270758 0
0.000128305 0
0 0
