0.468801 253
0.468662 253
0.468662 252
0.468662 251
0.468649 250
0.468649 249
0.468649 248
0.468611 247
0.468432 246
0.46833 246
0.468196 245
0.468196 244
0.468196 243
0.468196 242
0.468073 241
0.468073 239
0.467943 238
0.467943 237
0.467818 237
0.467594 236
0.467574 234
0.467574 232
0.467574 230
0.46748 227
0.467345 225
0.467244 224
0.467133 223
0.467133 222
0.467011 222
0.466874 222
0.466771 219
0.466381 219
0.466381 217
0.466214 215
0.466076 214
0.466076 211
0.465945 209
0.465817 207
0.465817 205
0.465536 201
0.465323 198
0.465196 197
0.465068 196
0.464958 195
0.464326 193
0.464326 192
0.464198 189
0.464075 187
0.463793 184
0.463655 183
0.463655 182
0.463559 181
0.463225 180
0.462994 178
0.462994 176
0.462459 171
0.461964 169
0.461632 166
0.461311 164
0.460938 161
0.460326 159
0.460088 156
0.460088 155
0.459822 154
0.459294 153
0.459074 152
0.458939 150
0.458843 148
0.458698 146
0.458409 145
0.458071 143
0.457907 140
0.457677 137
0.457006 136
0.456628 133
0.456244 131
0.455893 128
0.455652 127
0.455416 125
0.455171 123
0.454857 122
0.454137 121
0.453321 117
0.45304 116
0.452588 115
0.452105 114
0.451504 114
0.451107 114
0.450507 114
0.450241 111
0.4493 109
0.448848 108
0.447688 104
0.4465 102
0.445805 100
0.445424 100
0.445165 98
0.444194 95
0.44342 93
0.44259 92
0.441963 91
0.441215 88
0.440193 86
0.439299 86
0.438323 84
0.437143 83
0.436325 83
0.435417 83
0.434544 81
0.433912 79
0.433585 78
0.432395 76
0.430448 74
0.429164 74
0.427796 71
0.427067 71
0.426021 70
0.424805 69
0.423472 69
0.422094 67
0.420188 64
0.42007 63
0.419306 62
0.418197 60
0.417218 57
0.415871 57
0.415662 57
0.414107 57
0.413204 55
0.412103 54
0.411024 53
0.409147 48
0.407326 47
0.405425 46
0.403228 45
0.401535 43
0.400274 42
0.398709 39
0.397351 39
0.396019 39
0.394874 39
0.393469 38
0.39168 38
0.390605 36
0.389173 35
0.388084 34
0.386757 32
0.384572 30
0.383639 29
0.381923 29
0.379854 28
0.37815 27
0.376397 25
0.374139 25
0.371955 25
0.370009 24
0.368184 22
0.366622 22
0.365242 22
0.363009 21
0.362248 21
0.360789 20
0.358816 20
0.357087 20
0.355752 18
0.354255 18
0.352773 17
0.350864 17
0.348491 17
0.346939 17
0.344675 15
0.342236 14
0.340316 13
0.337156 13
0.335103 12
0.333118 12
0.33025 12
0.326633 12
0.324622 12
0.322787 11
0.321405 11
0.319138 11
0.316474 10
0.314544 10
0.312703 10
0.310713 10
0.307688 10
0.304944 10
0.302103 10
0.301217 10
0.298598 10
0.295193 10
0.291542 10
0.288788 10
0.285976 9
0.283112 9
0.281987 9
0.279723 9
0.276834 8
0.274144 8
0.272072 7
0.26988 7
0.26774 7
0.264454 7
0.261628 7
0.258639 5
0.256366 5
0.253489 5
0.251315 5
0.248348 5
0.245483 5
0.242062 5
0.239691 5
0.236485 5
0.234312 5
0.231218 4
0.227661 4
0.225268 4
0.222606 4
0.219568 3
0.216459 3
0.213698 3
0.210707 3
0.207746 3
0.204268 3
0.201326 3
0.198996 3
0.196981 3
0.194524 3
0.191678 3
0.189584 3
0.186682 3
0.183443 3
0.179753 2
0.176793 2
0.174148 2
0.171645 2
0.169053 2
0.166249 2
0.164357 2
0.161359 2
0.159455 2
0.156649 2
0.154825 2
0.152282 2
0.149606 2
0.146939 2
0.143706 2
0.141917 2
0.140007 2
0.136415 2
0.134655 2
0.132349 2
0.130199 1
0.127652 1
0.125074 1
0.123069 1
0.121155 1
0.118682 1
0.116622 1
0.114334 1
0.112493 1
0.109917 1
0.107605 1
0.10635 1
0.104338 1
0.101872 1
0.0999359 1
0.0973697 0
0.0958271 0
0.0943177 0
0.0920084 0
0.0899446 0
0.0878794 0
0.0862416 0
0.0838924 0
0.0820293 0
0.0808905 0
0.0779861 0
0.0758048 0
0.0744035 0
0.0733628 0
0.0718173 0
0.0696608 0
0.0671539 0
0.0657443 0
0.0635875 0
0.0623429 0
0.0604415 0
0.0590537 0
0.0579029 0
0.0565014 0
0.0551005 0
0.054046 0
0.0532895 0
0.051452 0
0.0497898 0
0.047689 0
0.0461575 0
0.0447171 0
0.0432426 0
0.0415643 0
0.0409106 0
0.0389955 0
0.0372111 0
0.0357972 0
0.0340187 0
0.0330012 0
0.0317324 0
0.0314754 0
0.0305764 0
0.0292775 0
0.0278303 0
0.0267763 0
0.0258785 0
0.0248141 0
0.023889 0
0.0231078 0
0.022718 0
0.0219256 0
0.0211422 0
0.0201102 0
0.0194683 0
0.0190822 0
0.0187037 0
0.0183145 0
0.0176851 0
0.0172785 0
0.0163914 0
0.0156435 0
0.0150005 0
0.0144623 0
0.0139216 0
0.013399 0
0.0125931 0
0.01144 0
0.0113212 0
0.0108046 0
0.0106864 0
0.0105536 0
0.00979292 0
0.00953652 0
0.00927549 0
0.00888416 0
0.00875146 0
0.008079 0
0.00782697 0
0.0073118 0
0.00692668 0
0.00641421 0
0.00615939 0
0.0058883 0
0.00562519 0
0.00511643 0
0.00485474 0
0.00443534 0
0.00431555 0
0.0040255 0
0.00390006 0
0.00377773 0
0.00338721 0
0.00312101 0
0.00285424 0
0.00260239 0
0.00234797 0
0.00210263 0
0.00184923 0
0.00171454 0
0.0015741 0
0.00144147 0
0.00119591 0
0.00106358 0
0.000930987 0
0.000660932 0
0.000536874 0
0.000397744 0
0.000264725 0
0.000139603 0
0 0
