0.723071 188 54.22
0.722878 188 54.24
0.722878 187 54.53
0.722684 187 54.61
0.722491 186 54.62
0.722491 185 54.64
0.722491 184 54.65
0.722297 183 54.66
0.722297 182 54.67
0.722104 181 54.69
0.721911 181 54.7
0.721717 181 54.72
0.721717 179 54.73
0.721717 177 54.75
0.721717 176 54.76
0.721524 174 54.79
0.72133 173 54.81
0.72133 172 54.83
0.721137 172 54.85
0.720944 170 54.86
0.720557 170 54.87
0.720557 168 54.88
0.720364 166 54.89
0.720364 165 54.91
0.720364 164 54.92
0.72017 162 54.93
0.72017 161 54.95
0.72017 160 54.96
0.719783 157 54.97
0.71959 154 54.98
0.719397 154 54.99
0.719397 153 55
0.719203 152 55.01
0.718236 152 55.02
0.718236 151 55.03
0.718236 148 55.04
0.718043 147 55.05
0.717656 144 55.09
0.717656 143 55.1
0.717463 142 55.12
0.717463 140 55.13
0.717076 135 55.14
0.716496 133 55.15
0.716302 132 55.16
0.716109 130 55.17
0.715722 127 55.18
0.714755 125 55.19
0.714562 122 55.2
0.714562 121 55.21
0.714369 119 55.22
0.713982 118 55.23
0.713595 117 55.24
0.713402 115 55.25
0.713402 114 55.26
0.713402 112 55.27
0.713015 112 55.28
0.712628 110 55.29
0.712435 107 55.3
0.712241 106 55.31
0.711274 106 55.32
0.711081 105 55.33
0.710307 104 55.34
0.709534 102 55.35
0.709147 101 55.36
0.70876 99 55.37
0.708567 97 55.38
0.70818 97 55.39
0.707213 96 55.4
0.706053 94 55.41
0.70586 93 55.42
0.705086 92 55.43
0.704699 92 55.44
0.703539 92 55.45
0.702765 92 55.46
0.701605 92 55.47
0.701412 89 55.48
0.699865 88 55.49
0.699284 87 55.5
0.697931 83 55.51
0.69619 81 55.52
0.695223 79 55.53
0.694837 79 55.54
0.694643 78 55.55
0.693483 75 55.56
0.692516 73 55.57
0.691549 72 55.58
0.690582 72 55.59
0.689615 69 55.6
0.688261 67 55.61
0.686908 67 55.62
0.685167 65 55.63
0.683427 64 55.64
0.682266 64 55.65
0.681106 64 55.66
0.679946 62 55.67
0.679172 61 55.68
0.678592 60 55.69
0.677045 59 55.7
0.674144 58 55.71
0.67221 58 55.72
0.67047 56 55.73
0.66931 56 55.74
0.667763 55 55.75
0.665829 54 55.76
0.664282 54 55.77
0.662154 52 55.78
0.659834 50 55.79
0.65964 49 55.8
0.65848 48 55.81
0.656933 46 55.82
0.655192 45 55.83
0.653645 45 55.85
0.651518 45 55.86
0.650164 43 55.87
0.648231 42 55.88
0.646877 41 55.89
0.644556 39 55.9
0.642042 38 55.91
0.638755 38 55.92
0.635854 37 55.93
0.63334 36 55.94
0.631793 36 55.95
0.630052 33 55.96
0.628118 33 55.97
0.625604 33 55.98
0.623864 33 55.99
0.62193 32 56
0.618642 32 56.01
0.617289 30 56.02
0.615161 29 56.03
0.613808 28 56.04
0.612067 26 56.05
0.609167 24 56.06
0.60878 23 56.07
0.606459 23 56.08
0.603752 22 56.09
0.601624 21 56.1
0.59911 19 56.11
0.596016 19 56.12
0.592922 19 56.13
0.589828 19 56.14
0.587507 17 56.15
0.58538 17 56.16
0.582673 17 56.17
0.579385 16 56.18
0.578031 16 56.19
0.575711 15 56.2
0.572617 15 56.21
0.570102 15 56.22
0.568362 14 56.23
0.566041 14 56.24
0.563334 13 56.25
0.56024 13 56.26
0.556565 13 56.27
0.554245 13 56.28
0.550957 12 56.29
0.54767 12 56.3
0.544769 11 56.31
0.540514 11 56.32
0.537807 10 56.33
0.534133 10 56.34
0.529685 10 56.35
0.52369 10 56.36
0.520402 10 56.37
0.517308 10 56.38
0.514987 10 56.39
0.51112 10 56.4
0.507252 9 56.41
0.504158 9 56.42
0.50087 9 56.43
0.497776 9 56.44
0.493522 9 56.45
0.489074 9 56.46
0.485206 9 56.47
0.483079 9 56.48
0.478824 9 56.49
0.47399 9 56.5
0.468575 9 56.51
0.464514 9 56.52
0.460066 8 56.53
0.455231 8 56.54
0.453297 8 56.55
0.45001 8 56.56
0.445175 7 56.57
0.440727 7 56.58
0.437633 6 56.59
0.434345 6 56.6
0.431251 6 56.61
0.425836 6 56.62
0.421582 6 56.63
0.41636 4 56.64
0.413073 4 56.65
0.408625 4 56.66
0.405144 4 56.67
0.400116 4 56.68
0.395475 4 56.69
0.390447 4 56.7
0.386579 4 56.71
0.381938 4 56.72
0.37807 4 56.73
0.373622 3 56.74
0.368207 3 56.75
0.364146 3 56.76
0.359698 3 56.77
0.354864 3 56.78
0.349255 3 56.79
0.345194 3 56.8
0.340746 3 56.81
0.335718 3 56.82
0.330497 3 56.83
0.325469 3 56.84
0.321021 3 56.85
0.31754 3 56.86
0.313866 3 56.87
0.309031 3 56.88
0.30613 3 56.89
0.301489 3 56.9
0.296461 3 56.91
0.291046 2 56.92
0.286018 2 56.93
0.281764 2 56.94
0.278089 2 56.95
0.273835 2 56.96
0.269194 2 56.97
0.265906 2 56.98
0.260685 2 56.99
0.257784 2 57
0.253336 2 57.01
0.250629 2 57.02
0.246761 2 57.03
0.243086 2 57.04
0.238832 2 57.05
0.233804 2 57.06
0.230903 2 57.07
0.227422 2 57.08
0.222007 2 57.09
0.2193 2 57.1
0.215432 2 57.11
0.211951 1 57.12
0.20789 1 57.13
0.204022 1 57.14
0.200735 1 57.15
0.197447 1 57.16
0.192999 1 57.17
0.189712 1 57.18
0.186424 1 57.19
0.18333 1 57.2
0.178689 1 57.21
0.174821 1 57.22
0.172887 1 57.23
0.1696 1 57.24
0.165539 1 57.25
0.162444 1 57.26
0.158383 0 57.27
0.156063 0 57.28
0.153742 0 57.29
0.150261 0 57.3
0.146587 0 57.31
0.143493 0 57.32
0.140592 0 57.33
0.137304 0 57.34
0.13421 0 57.35
0.131696 0 57.36
0.127055 0 57.37
0.123767 0 57.38
0.12164 0 57.39
0.119513 0 57.4
0.116418 0 57.41
0.112744 0 57.42
0.108876 0 57.43
0.106556 0 57.44
0.103268 0 57.45
0.101334 0 57.46
0.0984336 0 57.47
0.0959196 0 57.48
0.0941791 0 57.49
0.0918584 0 57.5
0.0897312 0 57.51
0.0879907 0 57.52
0.0868304 0 57.53
0.0839296 0 57.54
0.0808354 0 57.55
0.0773545 0 57.56
0.0752272 0 57.57
0.0731 0 57.58
0.0709727 0 57.59
0.0680719 0 57.6
0.0669116 0 57.61
0.0634307 0 57.62
0.0605299 0 57.63
0.0582092 0 57.64
0.0547283 0 57.65
0.0529878 0 57.66
0.0512473 0 57.67
0.0508606 0 57.68
0.0495069 0 57.69
0.0471862 0 57.7
0.0448656 0 57.71
0.0433185 0 57.72
0.0417714 0 57.73
0.0400309 0 57.74
0.0384839 0 57.75
0.0373235 0 57.76
0.0367434 0 57.77
0.0355831 0 57.78
0.0344227 0 57.79
0.0328757 0 57.8
0.0315219 0 57.81
0.0307484 0 57.82
0.0301682 0 57.83
0.0295881 0 57.84
0.0284278 0 57.85
0.0276542 0 57.86
0.0263005 0 57.87
0.0251402 0 57.88
0.0241733 0 57.89
0.0233997 0 57.9
0.0226262 0 57.91
0.0216593 0 57.92
0.0201122 0 57.93
0.0183717 0 57.94
0.0181783 0 57.95
0.0174048 0 57.96
0.0172114 0 57.97
0.017018 0 57.98
0.0160511 0 57.99
0.0156643 0 58
0.0152775 0 58.01
0.0146974 0 58.02
0.014504 0 58.03
0.013537 0 58.04
0.0131503 0 58.05
0.0123767 0 58.06
0.0116032 0 58.07
0.0114098 0 58.08
0.0106362 0 58.09
0.0102495 0 58.1
0.0098627 0 58.11
0.00928254 0 58.12
0.00850899 0 58.14
0.00812222 0 58.15
0.00754206 0 58.16
0.00734868 0 58.17
0.0069619 0 58.18
0.00676852 0 58.19
0.00657513 0 58.2
0.00638174 0 58.21
0.00580159 0 58.22
0.00541481 0 58.23
0.00483465 0 58.24
0.00444788 0 58.29
0.00406111 0 58.3
0.00348095 0 58.33
0.00309418 0 58.34
0.00290079 0 58.35
0.00270741 0 58.38
0.00251402 0 58.39
0.00212725 0 58.4
0.00193386 0 58.41
0.00174048 0 58.44
0.0013537 0 58.47
0.00116032 0 58.48
0.000966931 0 58.5
0.000773545 0 58.54
0.000580159 0 58.55
0.000386772 0 58.56
0.000193386 0 58.59
0 0 1.79769e+308
