0.430794 227
0.430675 227
0.430675 226
0.430573 226
0.430473 226
0.430473 225
0.430473 224
0.430473 223
0.430336 222
0.430336 221
0.43022 221
0.43022 220
0.430073 220
0.429976 220
0.429976 219
0.429861 218
0.429861 217
0.42974 217
0.429613 217
0.429613 216
0.42948 216
0.42948 215
0.42948 214
0.42948 213
0.429362 213
0.429362 212
0.429352 211
0.429352 210
0.429352 209
0.429218 209
0.429097 209
0.429097 208
0.429097 207
0.428969 207
0.428855 207
0.428855 206
0.428854 205
0.428854 203
0.428854 202
0.428854 201
0.428854 200
0.428854 199
0.428739 197
0.428615 197
0.428492 197
0.428492 196
0.428492 195
0.428492 194
0.428492 193
0.428427 192
0.428301 191
0.428168 191
0.428168 190
0.428038 188
0.427919 187
0.427682 186
0.427554 186
0.427554 185
0.42744 185
0.427325 185
0.427009 183
0.427009 182
0.427009 180
0.426777 179
0.426669 179
0.426669 178
0.426543 178
0.426446 178
0.426317 178
0.426317 177
0.42606 177
0.425795 177
0.425565 177
0.425446 177
0.424963 177
0.424963 176
0.424963 175
0.424847 175
0.424637 174
0.42441 174
0.424153 174
0.424016 173
0.423891 172
0.423782 172
0.423683 170
0.423677 168
0.423557 167
0.423434 166
0.423434 165
0.423191 165
0.423061 165
0.422907 163
0.422793 163
0.422681 163
0.422569 163
0.422457 163
0.422337 161
0.422216 161
0.422087 161
0.421711 161
0.421595 161
0.42147 160
0.421331 159
0.421242 158
0.420976 158
0.420746 158
0.420616 158
0.420508 158
0.420421 157
0.420235 157
0.420235 156
0.419974 156
0.419876 156
0.419746 156
0.419746 155
0.41951 154
0.41938 154
0.419243 154
0.419243 153
0.419243 152
0.41898 152
0.418733 152
0.418473 151
0.417745 149
0.417511 149
0.41725 149
0.41688 148
0.416825 147
0.41674 145
0.416608 145
0.41634 144
0.41634 143
0.416075 142
0.415819 141
0.415422 141
0.415422 140
0.415077 139
0.414801 139
0.41436 137
0.41436 136
0.413928 135
0.413928 134
0.413843 133
0.413737 133
0.413618 132
0.413529 131
0.413289 131
0.413163 130
0.413074 128
0.4126 126
0.412469 126
0.412124 125
0.412124 123
0.412007 123
0.411881 123
0.411642 123
0.411642 122
0.411383 122
0.411383 121
0.411279 118
0.411279 117
0.411158 116
0.410839 115
0.410719 115
0.410066 115
0.409951 114
0.409603 113
0.409358 112
0.409258 112
0.409258 111
0.409006 111
0.408762 110
0.408522 110
0.408384 110
0.408258 109
0.408132 108
0.408029 108
0.4079 108
0.407778 108
0.407778 107
0.407642 107
0.407248 104
0.407013 103
0.406885 103
0.406475 103
0.406031 102
0.405898 102
0.40563 99
0.405502 99
0.405374 97
0.405374 96
0.405135 96
0.404864 95
0.404742 95
0.40438 95
0.404158 95
0.403904 95
0.403814 93
0.403608 93
0.403364 93
0.403364 92
0.403061 91
0.402837 90
0.402446 90
0.402331 90
0.402083 90
0.401858 88
0.401738 88
0.401247 88
0.401122 87
0.400768 87
0.400518 87
0.400023 86
0.399444 85
0.399301 83
0.399155 83
0.398516 81
0.398127 80
0.397298 80
0.396695 79
0.396436 79
0.396316 79
0.395957 79
0.395347 79
0.394968 79
0.394213 79
0.394086 79
0.39368 79
0.393406 78
0.393286 78
0.393063 76
0.392648 76
0.392282 76
0.392032 76
0.391421 76
0.390956 75
0.390712 75
0.39009 75
0.389848 74
0.389744 74
0.38898 74
0.388443 73
0.388039 73
0.387799 72
0.387043 72
0.386906 71
0.38667 68
0.385965 68
0.385563 68
0.385332 68
0.384859 68
0.38464 67
0.384514 67
0.383778 67
0.38304 67
0.382231 67
0.381711 67
0.381497 67
0.380855 67
0.380474 67
0.379985 67
0.379721 66
0.379258 66
0.379128 65
0.378546 65
0.377795 63
0.377317 61
0.376702 61
0.376452 60
0.376297 59
0.375905 59
0.375175 59
0.374636 59
0.373618 58
0.373248 58
0.373026 58
0.372786 58
0.372177 58
0.371519 58
0.371285 57
0.370938 57
0.370217 56
0.369852 56
0.369008 56
0.368757 56
0.368124 55
0.367866 55
0.367607 55
0.367013 54
0.366714 52
0.366217 52
0.366097 52
0.36558 52
0.364922 51
0.364451 50
0.364451 49
0.364203 49
0.363605 49
0.363498 47
0.362884 47
0.362635 47
0.361862 45
0.361734 45
0.361606 45
0.361121 45
0.360783 45
0.360147 44
0.358847 44
0.358136 44
0.357882 44
0.357374 43
0.357024 43
0.356672 43
0.35632 43
0.356075 43
0.355826 43
0.35493 43
0.354472 43
0.353651 43
0.353147 43
0.35228 43
0.351664 42
0.351438 42
0.351282 41
0.351041 40
0.350658 40
0.349676 40
0.349404 40
0.349013 39
0.348254 39
0.347764 39
0.347241 39
0.346871 39
0.346613 39
0.345986 38
0.345619 38
0.345093 38
0.344338 38
0.343709 38
0.343088 38
0.342687 38
0.341755 38
0.340975 38
0.340701 38
0.340041 38
0.339916 38
0.339792 38
0.339549 37
0.339167 37
0.338388 37
0.337625 37
0.33679 36
0.335932 36
0.335405 35
0.334942 34
0.334025 34
0.333772 33
0.33365 33
0.333526 33
0.333017 33
0.332636 33
0.331959 32
0.331446 32
0.330932 32
0.330811 32
0.330453 32
0.329904 31
0.329417 31
0.328533 31
0.328164 29
0.328021 29
0.327779 28
0.327422 28
0.326823 27
0.326558 27
0.32602 27
0.325534 27
0.325038 27
0.324651 27
0.323729 27
0.322866 27
0.322618 27
0.322133 27
0.321532 27
0.32088 27
0.320504 27
0.319898 27
0.319025 27
0.318018 27
0.317753 27
0.317116 27
0.316646 26
0.31613 25
0.315392 25
0.315003 25
0.314632 25
0.313933 24
0.313481 23
0.312896 22
0.31254 22
0.312267 22
0.311736 22
0.311366 22
0.311235 22
0.311109 22
0.310113 22
0.309349 22
0.30857 22
0.307357 22
0.306716 22
0.306034 21
0.305627 21
0.30501 21
0.304634 21
0.303982 21
0.303614 21
0.303489 21
0.302962 20
0.302581 19
0.30194 19
0.30169 19
0.301059 19
0.300449 19
0.30006 19
0.299203 19
0.298365 19
0.297987 19
0.297857 19
0.297722 19
0.296829 19
0.295804 19
0.295435 18
0.295035 18
0.293999 18
0.293118 18
0.292364 18
0.291604 18
0.29106 18
0.290543 17
0.289663 17
0.289279 17
0.288404 17
0.28781 17
0.286901 17
0.286139 17
0.285389 17
0.284518 17
0.283922 16
0.283289 16
0.282645 16
0.28199 16
0.281529 15
0.280594 15
0.279627 15
0.278633 15
0.278026 15
0.277671 15
0.277014 15
0.276119 15
0.275986 15
0.275241 15
0.273576 15
0.27306 15
0.27269 15
0.271833 15
0.271182 15
0.270546 15
0.269779 15
0.269033 15
0.268158 15
0.266634 15
0.266126 14
0.265727 14
0.265095 14
0.264626 14
0.263277 13
0.263026 13
0.262397 13
0.26165 13
0.260739 13
0.260209 13
0.259029 13
0.258392 13
0.257869 13
0.256692 13
0.256072 13
0.255431 13
0.254808 13
0.254046 13
0.253037 13
0.252533 13
0.251382 12
0.25067 12
0.24951 12
0.249004 12
0.248876 12
0.247714 12
0.247099 12
0.246482 12
0.245782 11
0.245283 11
0.244519 11
0.243516 11
0.24327 11
0.242878 11
0.242001 10
0.24138 10
0.24115 10
0.24051 10
0.239882 10
0.238868 10
0.238284 9
0.237026 9
0.236393 9
0.235492 9
0.233993 9
0.232641 8
0.232264 8
0.231741 8
0.230568 8
0.229927 8
0.229577 8
0.228986 7
0.228129 7
0.227516 7
0.226396 7
0.225494 7
0.224866 7
0.224226 7
0.222721 6
0.221749 5
0.220748 5
0.219738 5
0.219501 5
0.21871 5
0.217556 4
0.216664 4
0.216008 4
0.215753 4
0.21525 4
0.21462 4
0.213987 4
0.213599 4
0.212956 4
0.21271 4
0.21223 4
0.211401 4
0.210623 4
0.210112 4
0.208961 4
0.207946 4
0.207556 4
0.206452 4
0.205951 4
0.204805 4
0.204401 4
0.203878 4
0.203399 4
0.203033 4
0.201772 4
0.200645 4
0.199529 4
0.198527 4
0.197409 4
0.196577 3
0.195924 3
0.195459 3
0.195059 3
0.193305 3
0.192504 3
0.190966 3
0.190347 3
0.189135 3
0.188235 3
0.187471 3
0.187082 3
0.186593 3
0.1856 3
0.185237 3
0.184491 3
0.183355 3
0.182466 3
0.181726 3
0.181472 3
0.180152 3
0.179517 3
0.178873 3
0.178254 3
0.177884 3
0.176734 3
0.176115 3
0.174792 3
0.17454 3
0.174029 3
0.173379 3
0.172761 3
0.172108 3
0.17136 3
0.170425 3
0.169933 3
0.169549 3
0.16864 3
0.168241 3
0.168001 3
0.167288 3
0.166653 3
0.165924 3
0.16556 3
0.164837 2
0.16421 2
0.16343 2
0.162279 2
0.161632 2
0.161234 2
0.160852 2
0.160475 2
0.159725 2
0.158818 2
0.158039 2
0.157161 2
0.156648 2
0.156023 2
0.155657 2
0.154907 2
0.154404 2
0.153899 2
0.15338 2
0.152496 2
0.151857 2
0.151219 2
0.149929 2
0.149408 2
0.148754 2
0.148093 2
0.147434 2
0.14631 2
0.145442 2
0.145036 2
0.14464 2
0.143884 2
0.143506 2
0.143 2
0.142253 2
0.141736 2
0.141116 2
0.140975 2
0.140111 2
0.139706 2
0.138293 2
0.137627 2
0.136726 2
0.13621 2
0.135949 2
0.134791 2
0.133758 2
0.133106 2
0.13256 2
0.131392 2
0.12994 2
0.128911 2
0.128529 2
0.127797 2
0.127156 2
0.126376 2
0.12496 2
0.1247 2
0.124287 2
0.123771 2
0.12298 2
0.122063 2
0.121552 2
0.121159 2
0.12064 2
0.119631 2
0.118632 2
0.118244 2
0.117107 2
0.116593 2
0.115974 1
0.115207 1
0.114603 1
0.113522 0
0.112115 0
0.111196 0
0.110292 0
0.109652 0
0.108762 0
0.108003 0
0.107118 0
0.105969 0
0.10556 0
0.104527 0
0.103391 0
0.103122 0
0.102872 0
0.102361 0
0.101592 0
0.10082 0
0.100201 0
0.0995702 0
0.0992953 0
0.09852 0
0.0981425 0
0.0973668 0
0.0969638 0
0.0965863 0
0.0962031 0
0.0955755 0
0.0950495 0
0.0944119 0
0.0936422 0
0.0925129 0
0.0921461 0
0.0920217 0
0.0917715 0
0.0909915 0
0.09074 0
0.0903802 0
0.0895294 0
0.0891476 0
0.0887801 0
0.0881329 0
0.0873506 0
0.0872264 0
0.0868352 0
0.0864318 0
0.0857844 0
0.0848878 0
0.0843702 0
0.0837112 0
0.0831895 0
0.0829338 0
0.0824277 0
0.0823009 0
0.0815429 0
0.0809061 0
0.080646 0
0.0803844 0
0.0799952 0
0.0796088 0
0.0787344 0
0.0779721 0
0.0777208 0
0.0775936 0
0.0768257 0
0.0763384 0
0.0759633 0
0.0754278 0
0.0749249 0
0.0741744 0
0.0732948 0
0.0725168 0
0.071897 0
0.0715051 0
0.0708734 0
0.0704846 0
0.0702424 0
0.0697476 0
0.0689568 0
0.0688507 0
0.0686212 0
0.0684841 0
0.0683638 0
0.06759 0
0.0669559 0
0.0661707 0
0.0657768 0
0.0651637 0
0.0643759 0
0.0636335 0
0.0632622 0
0.0629988 0
0.0628687 0
0.0626179 0
0.062003 0
0.0612377 0
0.0604526 0
0.0603294 0
0.0597211 0
0.0590771 0
0.0584781 0
0.0582269 0
0.05747 0
0.0568515 0
0.0564555 0
0.0563251 0
0.0558209 0
0.0551778 0
0.0547846 0
0.0546501 0
0.0541574 0
0.0539015 0
0.0537618 0
0.0534907 0
0.053241 0
0.0529806 0
0.0525886 0
0.052075 0
0.0508147 0
0.0503126 0
0.0496463 0
0.0491423 0
0.0483727 0
0.0479792 0
0.0477315 0
0.0471014 0
0.0467253 0
0.0464641 0
0.04633 0
0.045943 0
0.0458272 0
0.0456921 0
0.0454266 0
0.0450222 0
0.0445114 0
0.0443839 0
0.0441685 0
0.0431685 0
0.0429126 0
0.0426509 0
0.0422553 0
0.0421167 0
0.0419691 0
0.0417076 0
0.0413128 0
0.0411878 0
0.0409067 0
0.040648 0
0.0404072 0
0.0400498 0
0.0397798 0
0.0393858 0
0.0392694 0
0.0390053 0
0.0386419 0
0.0382732 0
0.037639 0
0.0370009 0
0.036471 0
0.0362249 0
0.0358275 0
0.0354208 0
0.0351724 0
0.0347917 0
0.0343915 0
0.0342733 0
0.0340081 0
0.0336347 0
0.0327622 0
0.0326325 0
0.0323642 0
0.0321037 0
0.0318413 0
0.0313186 0
0.0308009 0
0.0302999 0
0.0301611 0
0.0300269 0
0.0296562 0
0.0295332 0
0.0291474 0
0.0287664 0
0.0283827 0
0.0282552 0
0.0281298 0
0.0277544 0
0.0275099 0
0.0272517 0
0.0271224 0
0.0267435 0
0.0264927 0
0.0263718 0
0.026235 0
0.0257169 0
0.0252011 0
0.0249481 0
0.0248115 0
0.0244227 0
0.0238983 0
0.0237571 0
0.0234763 0
0.0233526 0
0.0228392 0
0.022318 0
0.0220589 0
0.0219258 0
0.0218019 0
0.0214476 0
0.0213108 0
0.0210576 0
0.0206753 0
0.0201442 0
0.0198734 0
0.0196001 0
0.0194758 0
0.0192238 0
0.0189731 0
0.0188375 0
0.0185836 0
0.0180813 0
0.0174344 0
0.0170716 0
0.0169299 0
0.0166588 0
0.0165205 0
0.016258 0
0.0160045 0
0.0158751 0
0.0156187 0
0.0154742 0
0.014824 0
0.0145599 0
0.0139273 0
0.013404 0
0.0131281 0
0.0128825 0
0.0127569 0
0.0125025 0
0.0122465 0
0.0121395 0
0.0120039 0
0.0118844 0
0.0117607 0
0.0114973 0
0.0113726 0
0.0111189 0
0.0108609 0
0.0107253 0
0.0104757 0
0.0103496 0
0.0100966 0
0.00996908 0
0.00971429 0
0.00933338 0
0.00920234 0
0.00907347 0
0.00895042 0
0.00882239 0
0.00869762 0
0.00845281 0
0.00833195 0
0.00820375 0
0.00795075 0
0.00781426 0
0.00767827 0
0.0075437 0
0.00741892 0
0.00715416 0
0.00689749 0
0.00677336 0
0.0066472 0
0.00652106 0
0.00640702 0
0.00627812 0
0.0061424 0
0.00600452 0
0.00587064 0
0.00574172 0
0.00562199 0
0.00537125 0
0.00523593 0
0.00510714 0
0.00497392 0
0.00483644 0
0.00457372 0
0.00444119 0
0.00418853 0
0.00406175 0
0.0039246 0
0.00365501 0
0.00352109 0
0.00339244 0
0.00327867 0
0.0030092 0
0.00276667 0
0.00264675 0
0.00239623 0
0.00227283 0
0.00215384 0
0.00203087 0
0.0019071 0
0.00165596 0
0.0015265 0
0.00139532 0
0.00127305 0
0.00115072 0
0.00101785 0
0.000895649 0
0.000755548 0
0.000630898 0
0.000502542 0
0.000384501 0
0.000261319 0
0.00013118 0
0 0
