0.433858 56
0.433722 56
0.433597 56
0.433481 56
0.433351 56
0.433333 55
0.433096 55
0.432879 54
0.432711 51
0.432589 51
0.432353 51
0.432218 50
0.431964 50
0.431847 50
0.431743 49
0.431743 48
0.431494 48
0.431142 48
0.430892 48
0.430754 48
0.430396 48
0.43014 48
0.430007 48
0.430007 47
0.429916 46
0.429651 46
0.429307 45
0.429194 45
0.428708 45
0.428352 45
0.428232 45
0.427865 43
0.427156 43
0.427032 43
0.426717 41
0.426252 40
0.425851 40
0.425721 40
0.425453 40
0.424834 40
0.424197 40
0.423957 40
0.423715 40
0.423442 40
0.422574 40
0.422084 40
0.421557 40
0.420698 40
0.420034 40
0.419801 38
0.419397 38
0.418795 37
0.418462 36
0.417834 36
0.417442 36
0.416675 36
0.415503 36
0.415017 36
0.414666 36
0.413567 35
0.412695 35
0.411839 35
0.410887 34
0.409516 34
0.408869 34
0.40825 34
0.407403 34
0.4061 33
0.405078 32
0.404423 32
0.403418 32
0.4023 31
0.401503 30
0.401145 30
0.400399 30
0.399451 30
0.398184 30
0.397802 30
0.397223 29
0.39592 29
0.394862 28
0.393824 28
0.393288 28
0.392163 28
0.390967 27
0.389967 27
0.389195 27
0.387564 27
0.386186 27
0.385052 27
0.383628 26
0.382756 25
0.381327 25
0.380023 25
0.378563 25
0.376903 25
0.375394 24
0.373845 24
0.372312 21
0.371278 20
0.369441 20
0.368036 19
0.366113 19
0.364557 19
0.362995 19
0.360987 19
0.359327 18
0.357247 18
0.355849 18
0.353821 17
0.351134 17
0.349545 17
0.348416 17
0.346431 16
0.344284 14
0.341049 14
0.338927 12
0.33629 12
0.334289 12
0.331047 12
0.32966 12
0.32728 12
0.325184 11
0.323029 11
0.320124 11
0.317135 11
0.315628 11
0.313465 11
0.310281 11
0.308741 11
0.306114 10
0.303964 10
0.301824 10
0.300118 9
0.298205 9
0.295828 8
0.294293 8
0.291696 8
0.288822 8
0.286545 8
0.284313 8
0.28238 8
0.280828 8
0.278111 8
0.275796 7
0.273349 7
0.270845 7
0.267942 7
0.265627 7
0.263243 6
0.260497 5
0.258357 5
0.25503 4
0.252641 3
0.249559 3
0.247 3
0.244722 3
0.242349 3
0.2402 3
0.236403 3
0.234099 3
0.230866 3
0.228632 3
0.225641 3
0.221169 3
0.218831 2
0.216381 2
0.213289 2
0.210245 1
0.208072 1
0.205413 1
0.203522 1
0.200207 1
0.197661 1
0.195149 1
0.192462 1
0.189662 1
0.187144 1
0.184202 1
0.182057 1
0.179709 1
0.17787 1
0.175218 1
0.173 1
0.170301 1
0.167929 0
0.164829 0
0.162404 0
0.160852 0
0.159151 0
0.156765 0
0.154107 0
0.152264 0
0.149342 0
0.146584 0
0.144787 0
0.142968 0
0.140659 0
0.138596 0
0.136246 0
0.133308 0
0.129988 0
0.127577 0
0.124828 0
0.122944 0
0.12126 0
0.118949 0
0.116732 0
0.113511 0
0.111426 0
0.109708 0
0.108708 0
0.106635 0
0.105189 0
0.103424 0
0.10127 0
0.0993454 0
0.0970457 0
0.0956245 0
0.0944886 0
0.0932352 0
0.0915976 0
0.0899442 0
0.0887875 0
0.0862053 0
0.083943 0
0.0820458 0
0.0810266 0
0.0796167 0
0.0774235 0
0.0741662 0
0.07277 0
0.071444 0
0.0696545 0
0.068217 0
0.066941 0
0.0650192 0
0.0636077 0
0.0624643 0
0.0608152 0
0.0587243 0
0.0578174 0
0.0564086 0
0.054732 0
0.0532852 0
0.0519956 0
0.0509863 0
0.0502304 0
0.0489634 0
0.0481868 0
0.0467909 0
0.0453536 0
0.0438032 0
0.042026 0
0.0410985 0
0.0396537 0
0.0385172 0
0.0377442 0
0.0368713 0
0.0362303 0
0.0353265 0
0.033992 0
0.0329929 0
0.0322087 0
0.0303638 0
0.0295985 0
0.028356 0
0.0277241 0
0.0265454 0
0.0255039 0
0.0248597 0
0.0243494 0
0.0241029 0
0.0238517 0
0.0232402 0
0.0221926 0
0.0219294 0
0.0210383 0
0.0207774 0
0.0203817 0
0.0194714 0
0.018835 0
0.0180581 0
0.0173885 0
0.0165956 0
0.0160909 0
0.0156767 0
0.0150557 0
0.0143056 0
0.0140425 0
0.0135007 0
0.0125898 0
0.0121881 0
0.0116808 0
0.0112813 0
0.0108885 0
0.0107549 0
0.0104961 0
0.00984927 0
0.00906821 0
0.00840784 0
0.00828159 0
0.00815929 0
0.00790829 0
0.00750608 0
0.00737349 0
0.0072321 0
0.00695625 0
0.00657097 0
0.00631528 0
0.00604437 0
0.00566476 0
0.00553696 0
0.00541694 0
0.00529446 0
0.00454848 0
0.00441152 0
0.00428135 0
0.00349715 0
0.00336734 0
0.00311591 0
0.00272292 0
0.00259733 0
0.00221046 0
0.00207667 0
0.00183433 0
0.00170143 0
0.00157524 0
0.0013115 0
0.00117944 0
0.000920762 0
0.000787969 0
0.000658487 0
0.000521702 0
0.000402937 0
0.000264001 0
0.000127951 0
0 0
