0.689422 82 54.36
0.689422 81 54.63
0.689422 80 54.65
0.689422 79 54.66
0.689228 79 54.73
0.689228 78 54.74
0.688842 78 54.76
0.688648 78 54.77
0.688455 78 54.79
0.688261 78 54.8
0.688068 78 54.81
0.687875 78 54.84
0.687681 78 54.86
0.687488 78 54.89
0.687295 78 54.92
0.687101 78 54.96
0.686908 78 54.98
0.686714 77 55
0.686328 76 55.01
0.686328 75 55.04
0.686134 75 55.06
0.686134 73 55.07
0.685747 73 55.08
0.685554 73 55.1
0.685554 72 55.11
0.684781 71 55.12
0.6842 71 55.13
0.6842 70 55.14
0.684007 70 55.15
0.683814 70 55.16
0.683814 69 55.17
0.68362 69 55.18
0.683233 69 55.19
0.683233 67 55.2
0.68304 67 55.21
0.682266 66 55.22
0.681493 65 55.23
0.6813 63 55.24
0.681106 63 55.25
0.680719 63 55.26
0.679946 63 55.27
0.679559 63 55.28
0.678786 62 55.29
0.677432 62 55.3
0.676272 62 55.31
0.676078 61 55.32
0.675885 60 55.33
0.675111 60 55.34
0.674338 60 55.35
0.674144 60 55.36
0.673371 59 55.37
0.672791 59 55.38
0.672597 58 55.39
0.672017 58 55.4
0.670857 58 55.41
0.67047 57 55.42
0.669503 57 55.43
0.668343 57 55.44
0.667763 57 55.45
0.666796 56 55.46
0.665635 56 55.47
0.664862 56 55.48
0.663315 54 55.49
0.662348 54 55.5
0.661187 53 55.51
0.66022 51 55.52
0.658673 51 55.53
0.65848 51 55.54
0.657513 51 55.55
0.657126 50 55.56
0.65674 49 55.57
0.655579 49 55.58
0.653839 48 55.59
0.652292 48 55.6
0.650745 48 55.61
0.648811 48 55.62
0.648037 47 55.63
0.647457 46 55.64
0.646103 46 55.65
0.645136 45 55.66
0.642622 45 55.67
0.641075 44 55.68
0.639141 44 55.69
0.637981 44 55.7
0.636627 44 55.71
0.634887 42 55.72
0.633146 42 55.73
0.631793 42 55.74
0.630246 42 55.75
0.628505 42 55.76
0.626184 41 55.77
0.624637 40 55.78
0.62193 38 55.79
0.618062 36 55.8
0.616709 35 55.81
0.614195 35 55.82
0.611874 35 55.83
0.60994 35 55.84
0.608393 35 55.85
0.606846 34 55.86
0.604912 32 55.87
0.602591 31 55.88
0.600271 29 55.89
0.599497 28 55.9
0.595823 27 55.91
0.592342 27 55.92
0.590601 27 55.93
0.587894 27 55.94
0.585767 27 55.95
0.584026 26 55.96
0.580932 25 55.97
0.579772 25 55.98
0.577645 24 55.99
0.575904 22 56
0.57397 21 56.01
0.572423 21 56.02
0.569136 21 56.03
0.566041 20 56.04
0.563527 19 56.05
0.560433 18 56.06
0.558113 18 56.07
0.554825 18 56.08
0.552698 18 56.09
0.549023 18 56.1
0.545542 18 56.11
0.543415 17 56.12
0.540128 16 56.13
0.53742 16 56.14
0.534133 16 56.15
0.531232 16 56.16
0.529105 16 56.17
0.527171 16 56.18
0.524657 16 56.19
0.521176 16 56.2
0.516148 15 56.21
0.5117 15 56.22
0.508799 15 56.23
0.504931 15 56.24
0.502417 15 56.25
0.49855 15 56.26
0.495069 15 56.27
0.491974 15 56.28
0.488687 14 56.29
0.485013 13 56.3
0.481532 12 56.31
0.476117 12 56.32
0.473796 12 56.33
0.471476 12 56.34
0.467608 11 56.35
0.464514 11 56.36
0.461613 11 56.37
0.459679 11 56.38
0.455811 10 56.39
0.45175 9 56.4
0.447882 9 56.41
0.443435 7 56.42
0.43976 7 56.43
0.436666 7 56.44
0.432605 6 56.45
0.426803 6 56.46
0.423129 6 56.47
0.419841 6 56.48
0.4152 6 56.49
0.410559 6 56.5
0.407078 6 56.51
0.403597 6 56.52
0.399923 6 56.53
0.395862 6 56.54
0.391994 6 56.55
0.387739 6 56.56
0.385225 6 56.57
0.380197 6 56.58
0.374202 6 56.59
0.370141 6 56.6
0.364726 6 56.61
0.359698 6 56.62
0.35467 6 56.63
0.349836 6 56.64
0.345581 6 56.65
0.341907 6 56.66
0.337266 6 56.67
0.333204 6 56.68
0.329723 5 56.69
0.323148 5 56.7
0.318507 5 56.71
0.313672 5 56.72
0.307677 5 56.73
0.302069 5 56.74
0.298008 4 56.75
0.293947 4 56.76
0.290659 4 56.77
0.287178 4 56.78
0.28215 3 56.79
0.276929 3 56.8
0.274222 3 56.81
0.269774 2 56.82
0.264939 2 56.83
0.259911 2 56.84
0.25701 2 56.85
0.253529 1 56.86
0.249855 1 56.87
0.245794 1 56.88
0.240959 1 56.89
0.237672 1 56.9
0.233417 1 56.91
0.226842 1 56.92
0.222007 1 56.93
0.218913 1 56.94
0.215239 1 56.95
0.210984 1 56.96
0.207697 1 56.97
0.203829 1 56.98
0.198027 1 56.99
0.19358 1 57
0.190292 1 57.01
0.186038 1 57.02
0.18217 1 57.03
0.180236 1 57.04
0.177142 0 57.05
0.173854 0 57.06
0.171534 0 57.07
0.167859 0 57.08
0.164765 0 57.09
0.162444 0 57.1
0.159157 0 57.11
0.156063 0 57.12
0.152195 0 57.13
0.149101 0 57.14
0.1462 0 57.15
0.143299 0 57.16
0.140398 0 57.17
0.137691 0 57.18
0.134597 0 57.19
0.131503 0 57.2
0.128602 0 57.21
0.125894 0 57.22
0.123961 0 57.23
0.120286 0 57.24
0.117192 0 57.25
0.114678 0 57.26
0.112551 0 57.27
0.109843 0 57.28
0.106556 0 57.29
0.104429 0 57.3
0.102108 0 57.31
0.100561 0 57.32
0.0978534 0 57.33
0.0953394 0 57.34
0.0932121 0 57.35
0.0910849 0 57.36
0.0887643 0 57.37
0.0860569 0 57.38
0.0835428 0 57.39
0.0821891 0 57.4
0.0810288 0 57.41
0.0785148 0 57.42
0.0763875 0 57.43
0.0740669 0 57.44
0.0725198 0 57.45
0.0703926 0 57.46
0.0674918 0 57.47
0.0661381 0 57.48
0.0649778 0 57.49
0.0630439 0 57.5
0.0609167 0 57.51
0.0589828 0 57.52
0.0572423 0 57.53
0.0555018 0 57.54
0.0537614 0 57.55
0.0533746 0 57.56
0.0518275 0 57.57
0.0502804 0 57.58
0.0487333 0 57.59
0.0471862 0 57.6
0.0462193 0 57.61
0.0452524 0 57.62
0.0431251 0 57.63
0.0413846 0 57.64
0.0404177 0 57.65
0.0398376 0 57.66
0.0388706 0 57.67
0.0375169 0 57.68
0.0361632 0 57.69
0.0355831 0 57.7
0.0336492 0 57.71
0.0328757 0 57.72
0.0317153 0 57.73
0.0303616 0 57.74
0.0293947 0 57.75
0.0284278 0 57.76
0.0272675 0 57.77
0.0264939 0 57.78
0.0249468 0 57.79
0.023013 0 57.8
0.0210791 0 57.81
0.0206923 0 57.82
0.0203056 0 57.83
0.0193386 0 57.84
0.0189518 0 57.85
0.0181783 0 57.86
0.0172114 0 57.87
0.0162444 0 57.88
0.0158577 0 57.89
0.0154709 0 57.9
0.0152775 0 57.91
0.0148907 0 57.92
0.0141172 0 57.93
0.0131503 0 57.94
0.0129569 0 57.95
0.0125701 0 57.96
0.0123767 0 57.97
0.0116032 0 57.98
0.0106362 0 57.99
0.0098627 0 58.01
0.00947592 0 58.02
0.00889576 0 58.03
0.00812222 0 58.04
0.00734868 0 58.05
0.00638174 0 58.06
0.00618836 0 58.08
0.00580159 0 58.09
0.00541481 0 58.11
0.00483465 0 58.14
0.00444788 0 58.15
0.00406111 0 58.16
0.00348095 0 58.18
0.00328757 0 58.19
0.00309418 0 58.2
0.00290079 0 58.22
0.00270741 0 58.23
0.00251402 0 58.24
0.00212725 0 58.25
0.00193386 0 58.29
0.00174048 0 58.32
0.00154709 0 58.38
0.0013537 0 58.39
0.00116032 0 58.47
0.000966931 0 58.5
0.000773545 0 58.51
0.000580159 0 58.54
0.000386772 0 58.55
0.000193386 0 58.68
0 0 1.79769e+308
