0.47545 155
0.47545 154
0.47545 153
0.47545 152
0.47545 151
0.47545 150
0.475336 149
0.475336 148
0.475336 147
0.475336 146
0.475246 145
0.475246 144
0.475246 142
0.475123 142
0.474908 141
0.474806 141
0.474806 140
0.474806 139
0.474693 139
0.474564 138
0.474564 137
0.474461 136
0.474309 136
0.474309 135
0.474173 135
0.473762 135
0.473638 135
0.473518 135
0.473297 133
0.473297 132
0.473296 131
0.473182 130
0.473085 130
0.472944 130
0.472829 129
0.472617 129
0.472476 129
0.472082 129
0.471839 125
0.471374 123
0.471006 123
0.47064 121
0.47064 120
0.470477 117
0.470477 116
0.470209 115
0.469917 112
0.469828 111
0.469352 111
0.469215 111
0.469111 110
0.468978 110
0.468855 110
0.46848 110
0.467875 109
0.467627 109
0.467507 108
0.467368 106
0.466993 104
0.466654 104
0.466309 102
0.465625 100
0.465232 99
0.464829 99
0.464458 99
0.464141 97
0.463902 96
0.463066 94
0.46293 93
0.462151 91
0.461606 89
0.461122 86
0.460648 83
0.460327 81
0.459967 81
0.45956 80
0.459054 79
0.458615 78
0.458049 78
0.457915 78
0.457413 76
0.457291 76
0.456828 74
0.456318 73
0.456123 72
0.455266 72
0.454694 71
0.45409 71
0.453567 69
0.453097 66
0.452434 65
0.451634 65
0.451265 65
0.450819 63
0.450323 63
0.449817 62
0.449445 61
0.448942 60
0.448186 60
0.447458 60
0.446653 58
0.446058 58
0.445435 57
0.444583 57
0.444118 55
0.44356 55
0.442937 54
0.442069 54
0.441321 53
0.440974 53
0.439759 52
0.438501 52
0.43703 52
0.436104 50
0.434662 48
0.433958 47
0.433033 47
0.430894 47
0.430161 47
0.429159 47
0.428402 47
0.427686 47
0.426627 45
0.424975 44
0.424449 43
0.42385 42
0.422869 40
0.421205 40
0.420358 40
0.418531 39
0.417471 36
0.416333 36
0.415266 36
0.413772 35
0.412544 33
0.411165 33
0.408455 31
0.407944 31
0.406239 30
0.404396 30
0.402806 28
0.401653 26
0.399897 26
0.398883 25
0.397557 23
0.396564 22
0.393658 22
0.39256 22
0.391941 22
0.390694 22
0.389344 21
0.387416 19
0.386119 19
0.38402 18
0.381856 18
0.380641 18
0.379069 16
0.377109 16
0.375042 15
0.372734 15
0.371279 15
0.369896 14
0.367309 13
0.364782 13
0.362991 13
0.360468 13
0.358362 12
0.356636 11
0.355027 11
0.352625 11
0.350695 11
0.34866 11
0.34648 11
0.344192 10
0.342637 9
0.339725 9
0.337533 9
0.335488 9
0.333408 9
0.331142 8
0.329354 8
0.326691 8
0.324904 8
0.322989 8
0.320826 8
0.318695 8
0.316457 8
0.312962 7
0.310584 7
0.308454 6
0.306301 6
0.304029 6
0.301482 5
0.299863 5
0.296396 5
0.293795 5
0.291225 4
0.287751 4
0.285792 4
0.28265 3
0.281185 3
0.279382 3
0.275721 3
0.273744 3
0.270704 3
0.268366 2
0.264552 2
0.260845 2
0.258359 1
0.255846 1
0.254072 1
0.252267 1
0.249177 1
0.247541 1
0.244688 1
0.241867 1
0.239406 1
0.235113 1
0.232116 1
0.229037 1
0.226323 1
0.223004 1
0.219505 1
0.216073 1
0.212992 1
0.210683 1
0.207734 1
0.204631 1
0.20197 1
0.199209 1
0.196571 1
0.194313 0
0.191892 0
0.188685 0
0.185759 0
0.182456 0
0.179328 0
0.176228 0
0.172957 0
0.170752 0
0.168301 0
0.165728 0
0.163174 0
0.161626 0
0.158709 0
0.156566 0
0.152782 0
0.149451 0
0.147396 0
0.144543 0
0.142244 0
0.140069 0
0.138028 0
0.13583 0
0.133776 0
0.131567 0
0.128015 0
0.125174 0
0.123644 0
0.122754 0
0.120987 0
0.118536 0
0.116207 0
0.114162 0
0.11263 0
0.110884 0
0.109431 0
0.106958 0
0.105821 0
0.102677 0
0.0995658 0
0.0977862 0
0.0954918 0
0.09419 0
0.0918472 0
0.0907054 0
0.0888734 0
0.0866029 0
0.0854503 0
0.0838017 0
0.0814921 0
0.0799819 0
0.0784508 0
0.076086 0
0.0751505 0
0.0727635 0
0.0716131 0
0.0705991 0
0.068128 0
0.0663553 0
0.0653521 0
0.0632772 0
0.061575 0
0.0595371 0
0.0577465 0
0.0560793 0
0.0543663 0
0.0533302 0
0.052293 0
0.0516443 0
0.0506229 0
0.0497492 0
0.0492326 0
0.0475681 0
0.0463538 0
0.0454485 0
0.0442495 0
0.0432258 0
0.0423214 0
0.041169 0
0.0396123 0
0.0381716 0
0.0371764 0
0.0362543 0
0.0351101 0
0.0341698 0
0.0333736 0
0.0322093 0
0.031046 0
0.0301544 0
0.0293854 0
0.0283357 0
0.0275633 0
0.0267832 0
0.0265247 0
0.0256134 0
0.024347 0
0.023719 0
0.0233432 0
0.0230838 0
0.0227314 0
0.0220939 0
0.0214509 0
0.0202693 0
0.019896 0
0.0193643 0
0.018305 0
0.0177968 0
0.0175399 0
0.0163743 0
0.0159704 0
0.0154577 0
0.0141587 0
0.0132304 0
0.012977 0
0.0123473 0
0.0120986 0
0.0118333 0
0.0114305 0
0.0111555 0
0.0106372 0
0.0103667 0
0.0095775 0
0.00944499 0
0.00906225 0
0.00879639 0
0.00854729 0
0.00842694 0
0.00817555 0
0.00791835 0
0.0075191 0
0.00713076 0
0.00686789 0
0.00659481 0
0.00632788 0
0.00606695 0
0.00593604 0
0.00568046 0
0.0054221 0
0.00528518 0
0.00491298 0
0.00477765 0
0.00464995 0
0.00441254 0
0.00428438 0
0.00414695 0
0.00375402 0
0.0033752 0
0.00324179 0
0.00298886 0
0.00259152 0
0.00245679 0
0.00232837 0
0.00220268 0
0.00206569 0
0.00180693 0
0.00155131 0
0.00130698 0
0.00117658 0
0.000910322 0
0.000779292 0
0.000651496 0
0.000521402 0
0.000396658 0
0.000266277 0
0.00012734 0
0 0
