0.654419 56 106.46
0.654225 56 106.64
0.654032 56 106.68
0.653839 56 106.81
0.653645 56 106.84
0.653645 55 106.95
0.653259 55 106.96
0.653065 54 106.98
0.653065 51 107.02
0.652872 51 107.03
0.652485 51 107.05
0.652292 50 107.06
0.651905 50 107.07
0.651711 50 107.08
0.651518 49 107.1
0.651518 48 107.12
0.651131 48 107.14
0.650551 48 107.15
0.650164 48 107.16
0.649971 48 107.17
0.649391 48 107.18
0.649004 48 107.19
0.648811 48 107.21
0.648811 47 107.22
0.648811 46 107.23
0.648424 46 107.24
0.647844 45 107.25
0.64765 45 107.27
0.646877 45 107.28
0.646297 45 107.29
0.646103 45 107.3
0.645523 43 107.31
0.644363 43 107.32
0.644169 43 107.33
0.643976 41 107.34
0.643396 40 107.35
0.642816 40 107.36
0.642622 40 107.37
0.642236 40 107.38
0.641269 40 107.39
0.640302 40 107.4
0.639915 40 107.41
0.639528 40 107.42
0.639141 40 107.43
0.637788 40 107.45
0.637014 40 107.46
0.636241 40 107.47
0.634887 40 107.48
0.63392 40 107.49
0.633533 38 107.5
0.632953 38 107.51
0.632179 37 107.52
0.631599 36 107.53
0.630632 36 107.54
0.630052 36 107.55
0.628892 36 107.56
0.626958 36 107.57
0.626184 36 107.58
0.625604 36 107.59
0.624057 35 107.6
0.622704 35 107.61
0.62135 35 107.62
0.619996 34 107.63
0.617869 34 107.64
0.616902 34 107.65
0.615935 34 107.66
0.614581 34 107.67
0.612647 33 107.68
0.6111 32 107.69
0.610133 32 107.7
0.608586 32 107.71
0.606846 31 107.72
0.605686 30 107.73
0.605105 30 107.74
0.603945 30 107.75
0.602398 30 107.76
0.600464 30 107.77
0.599884 30 107.78
0.598917 29 107.79
0.596983 29 107.8
0.595436 28 107.81
0.593889 28 107.82
0.593115 28 107.83
0.591375 28 107.84
0.589635 27 107.85
0.588087 27 107.86
0.586927 27 107.87
0.584413 27 107.88
0.582286 27 107.89
0.580545 27 107.9
0.578611 26 107.91
0.577451 25 107.92
0.575131 25 107.93
0.573197 25 107.94
0.570876 25 107.95
0.568362 25 107.96
0.566235 24 107.97
0.563721 24 107.98
0.561594 21 107.99
0.560046 20 108
0.557339 20 108.01
0.555405 19 108.02
0.552504 19 108.03
0.550184 19 108.04
0.547863 19 108.05
0.544769 19 108.06
0.542255 18 108.07
0.539161 18 108.08
0.537033 18 108.09
0.533939 17 108.1
0.529878 17 108.11
0.527558 17 108.12
0.525817 17 108.13
0.522916 16 108.14
0.519822 14 108.15
0.514794 14 108.16
0.511893 12 108.17
0.507832 12 108.18
0.504738 12 108.19
0.49971 12 108.2
0.497583 12 108.21
0.493908 12 108.22
0.490814 11 108.23
0.487527 11 108.24
0.483079 11 108.25
0.478437 11 108.26
0.476117 11 108.27
0.472829 11 108.28
0.467995 11 108.29
0.465674 11 108.3
0.461613 10 108.31
0.458325 10 108.32
0.455038 10 108.33
0.452524 9 108.34
0.449623 9 108.35
0.446142 8 108.36
0.443821 8 108.37
0.439954 8 108.38
0.435506 8 108.39
0.432025 8 108.4
0.428544 8 108.41
0.425643 8 108.42
0.423129 8 108.43
0.419068 8 108.44
0.41578 7 108.45
0.411913 7 108.46
0.408045 7 108.47
0.403597 7 108.48
0.400116 7 108.49
0.396635 6 108.5
0.392381 5 108.51
0.389093 5 108.52
0.384065 4 108.53
0.380584 3 108.54
0.375943 3 108.55
0.372075 3 108.56
0.368594 3 108.57
0.365113 3 108.58
0.361826 3 108.59
0.356024 3 108.6
0.352543 3 108.61
0.347515 3 108.62
0.344034 3 108.63
0.339586 3 108.64
0.332818 3 108.65
0.32953 2 108.66
0.325856 2 108.67
0.321214 2 108.68
0.316767 1 108.69
0.313479 1 108.7
0.309418 1 108.71
0.306517 1 108.72
0.301489 1 108.73
0.297621 1 108.74
0.293754 1 108.75
0.289693 1 108.76
0.285438 1 108.77
0.28157 1 108.78
0.277122 1 108.79
0.273835 1 108.8
0.270354 1 108.81
0.267646 1 108.82
0.263585 1 108.83
0.260298 1 108.84
0.256237 1 108.85
0.252756 0 108.86
0.248114 0 108.87
0.24444 0 108.88
0.24212 0 108.89
0.239412 0 108.9
0.235738 0 108.91
0.231677 0 108.92
0.228969 0 108.93
0.224521 0 108.94
0.22046 0 108.95
0.217753 0 108.96
0.215045 0 108.97
0.211564 0 108.98
0.20847 0 108.99
0.204989 0 109
0.200541 0 109.01
0.195513 0 109.02
0.191839 0 109.03
0.187585 0 109.04
0.184684 0 109.05
0.18217 0 109.06
0.178689 0 109.07
0.175401 0 109.08
0.170567 0 109.09
0.167472 0 109.1
0.164958 0 109.11
0.163411 0 109.12
0.160317 0 109.13
0.15819 0 109.14
0.155482 0 109.15
0.152195 0 109.16
0.149294 0 109.17
0.145813 0 109.18
0.143686 0 109.19
0.141945 0 109.2
0.140012 0 109.21
0.137498 0 109.22
0.134984 0 109.23
0.133243 0 109.24
0.129375 0 109.25
0.125894 0 109.26
0.122994 0 109.27
0.121447 0 109.28
0.119319 0 109.29
0.116032 0 109.3
0.111197 0 109.31
0.10907 0 109.32
0.107136 0 109.33
0.104429 0 109.34
0.102301 0 109.35
0.100367 0 109.36
0.0974666 0 109.37
0.0953394 0 109.38
0.0935989 0 109.39
0.0910849 0 109.4
0.0879907 0 109.41
0.086637 0 109.42
0.0845098 0 109.43
0.0819957 0 109.44
0.0798685 0 109.45
0.0779346 0 109.46
0.0763875 0 109.47
0.0752272 0 109.48
0.0732934 0 109.49
0.072133 0 109.5
0.0700058 0 109.51
0.0678786 0 109.52
0.0655579 0 109.53
0.0628505 0 109.54
0.0614968 0 109.55
0.0593696 0 109.56
0.0576291 0 109.57
0.0564688 0 109.58
0.0551151 0 109.59
0.0541481 0 109.6
0.0527944 0 109.61
0.0508606 0 109.62
0.0493135 0 109.63
0.0481532 0 109.64
0.0454458 0 109.65
0.0442854 0 109.66
0.0423516 0 109.67
0.0413846 0 109.68
0.0396442 0 109.69
0.0380971 0 109.7
0.0371301 0 109.71
0.0363566 0 109.72
0.0359698 0 109.73
0.0355831 0 109.74
0.0346161 0 109.75
0.033069 0 109.76
0.0326823 0 109.77
0.0313286 0 109.78
0.0309418 0 109.79
0.0303616 0 109.8
0.0290079 0 109.81
0.028041 0 109.82
0.0268807 0 109.83
0.0259137 0 109.84
0.0247534 0 109.85
0.0239799 0 109.86
0.0233997 0 109.87
0.0224328 0 109.88
0.0212725 0 109.9
0.0208857 0 109.91
0.0201122 0 109.92
0.0187585 0 109.93
0.0181783 0 109.94
0.0174048 0 109.95
0.0168246 0 109.96
0.0162444 0 109.98
0.0160511 0 110
0.0156643 0 110.01
0.0146974 0 110.02
0.013537 0 110.03
0.0125701 0 110.04
0.0123767 0 110.05
0.0121833 0 110.06
0.0117966 0 110.07
0.0112164 0 110.08
0.011023 0 110.09
0.0108296 0 110.1
0.0104429 0 110.11
0.0098627 0 110.12
0.00947592 0 110.13
0.00908915 0 110.14
0.00850899 0 110.15
0.00831561 0 110.16
0.00812222 0 110.18
0.00792883 0 110.2
0.00676852 0 110.21
0.00657513 0 110.22
0.00638174 0 110.23
0.00522143 0 110.26
0.00502804 0 110.28
0.00464127 0 110.3
0.00406111 0 110.35
0.00386772 0 110.37
0.00328757 0 110.41
0.00309418 0 110.43
0.00270741 0 110.44
0.00251402 0 110.45
0.00232063 0 110.46
0.00193386 0 110.47
0.00174048 0 110.48
0.0013537 0 110.56
0.00116032 0 110.64
0.000966931 0 110.65
0.000773545 0 110.66
0.000580159 0 110.92
0.000386772 0 110.99
0.000193386 0 111.01
0 0 1.79769e+308
