0.63508 65 54.62
0.634887 65 54.74
0.634693 65 54.79
0.6345 65 54.89
0.634307 65 54.92
0.634113 65 54.96
0.63392 65 54.98
0.633727 65 55
0.633727 64 55.01
0.633727 63 55.11
0.633533 63 55.12
0.633146 63 55.13
0.633146 62 55.15
0.632953 62 55.17
0.63276 62 55.18
0.632566 62 55.19
0.632566 61 55.21
0.631793 59 55.22
0.631213 58 55.23
0.631213 57 55.24
0.631019 57 55.25
0.630632 57 55.26
0.629859 57 55.27
0.629472 57 55.28
0.628699 57 55.29
0.627732 57 55.3
0.626958 57 55.31
0.626958 56 55.32
0.626765 55 55.33
0.625991 55 55.34
0.625218 55 55.35
0.625024 55 55.36
0.624444 54 55.37
0.624057 54 55.38
0.62367 53 55.39
0.623284 53 55.4
0.622897 53 55.41
0.62251 52 55.42
0.621737 52 55.43
0.620576 52 55.45
0.619609 52 55.46
0.618642 52 55.47
0.618256 52 55.48
0.617289 51 55.49
0.616515 51 55.5
0.615355 50 55.51
0.614581 49 55.52
0.613228 49 55.53
0.613034 49 55.54
0.612261 49 55.55
0.611874 49 55.56
0.611294 48 55.57
0.610714 48 55.58
0.609553 48 55.59
0.608006 48 55.6
0.606846 48 55.61
0.605105 48 55.62
0.603752 47 55.63
0.602785 46 55.64
0.601431 46 55.65
0.600658 46 55.66
0.59853 46 55.67
0.597177 45 55.68
0.595629 45 55.69
0.594469 45 55.7
0.593502 45 55.71
0.592149 44 55.72
0.590601 44 55.73
0.589441 44 55.74
0.587894 44 55.75
0.58654 44 55.76
0.584606 44 55.77
0.583446 43 55.78
0.581512 41 55.79
0.578611 39 55.8
0.576871 38 55.81
0.574357 38 55.82
0.571843 38 55.83
0.570102 38 55.84
0.568749 38 55.85
0.567202 37 55.86
0.565655 36 55.87
0.564108 35 55.88
0.561594 34 55.89
0.56082 33 55.9
0.556952 32 55.91
0.553665 32 55.92
0.551924 32 55.93
0.549797 32 55.94
0.54767 32 55.95
0.545929 31 55.96
0.542835 30 55.97
0.541675 30 55.98
0.539934 29 55.99
0.538194 27 56
0.53626 26 56.01
0.534906 26 56.02
0.532005 26 56.03
0.528911 25 56.04
0.526204 24 56.05
0.524077 22 56.06
0.521563 22 56.07
0.518662 21 56.08
0.516921 21 56.09
0.51286 21 56.1
0.509379 21 56.11
0.507639 20 56.12
0.505318 18 56.13
0.502611 18 56.14
0.49971 18 56.15
0.496809 18 56.16
0.494682 18 56.17
0.492941 18 56.18
0.490814 18 56.19
0.48772 18 56.2
0.484046 16 56.21
0.479985 16 56.22
0.477084 16 56.23
0.47399 16 56.24
0.471862 16 56.25
0.468188 16 56.26
0.464127 16 56.27
0.461226 16 56.28
0.458712 15 56.29
0.455231 14 56.3
0.451944 13 56.31
0.447109 13 56.32
0.444982 13 56.33
0.442854 13 56.34
0.438793 12 56.35
0.436279 12 56.36
0.432992 12 56.37
0.431445 12 56.38
0.427383 11 56.39
0.423903 10 56.4
0.420035 10 56.41
0.415394 8 56.42
0.411526 8 56.43
0.408818 8 56.44
0.404757 7 56.45
0.399923 7 56.46
0.396635 7 56.47
0.393348 7 56.48
0.388706 7 56.49
0.383678 7 56.5
0.380197 7 56.51
0.37691 7 56.52
0.373042 7 56.53
0.369174 7 56.54
0.365693 7 56.55
0.362212 7 56.56
0.359698 7 56.57
0.354477 7 56.58
0.349062 7 56.59
0.345775 7 56.6
0.34094 7 56.61
0.335912 7 56.62
0.331077 7 56.63
0.326243 7 56.64
0.321988 7 56.65
0.317927 7 56.66
0.313286 7 56.67
0.309611 7 56.68
0.30613 6 56.69
0.300522 6 56.7
0.295881 6 56.71
0.291046 6 56.72
0.285245 6 56.73
0.280217 6 56.74
0.276349 5 56.75
0.273061 5 56.76
0.270161 5 56.77
0.267066 5 56.78
0.262232 4 56.79
0.257397 4 56.8
0.254883 4 56.81
0.250435 3 56.82
0.246181 3 56.83
0.241346 3 56.84
0.239025 3 56.85
0.235738 2 56.86
0.232063 2 56.87
0.228389 2 56.88
0.223554 2 56.89
0.22046 2 56.9
0.216012 2 56.91
0.209824 2 56.92
0.205183 2 56.93
0.202475 2 56.94
0.198994 2 56.95
0.195127 2 56.96
0.192032 2 56.97
0.187778 2 56.98
0.18217 2 56.99
0.178495 2 57
0.175788 2 57.01
0.171727 2 57.02
0.168439 2 57.03
0.166699 2 57.04
0.163411 1 57.05
0.160317 1 57.06
0.157997 1 57.07
0.154902 1 57.08
0.152195 1 57.09
0.150068 1 57.1
0.147167 0 57.11
0.144459 0 57.12
0.140785 0 57.13
0.137884 0 57.14
0.135177 0 57.15
0.13247 0 57.16
0.129762 0 57.17
0.127055 0 57.18
0.123767 0 57.19
0.121447 0 57.2
0.118739 0 57.21
0.116032 0 57.22
0.114291 0 57.23
0.110617 0 57.24
0.108103 0 57.25
0.105976 0 57.26
0.104235 0 57.27
0.101721 0 57.28
0.098627 0 57.29
0.0966931 0 57.3
0.0945658 0 57.31
0.0930188 0 57.32
0.0903114 0 57.33
0.0877973 0 57.34
0.0860569 0 57.35
0.0847032 0 57.36
0.0823825 0 57.37
0.0798685 0 57.38
0.0775479 0 57.39
0.0761942 0 57.4
0.0748405 0 57.41
0.0723264 0 57.42
0.0701992 0 57.43
0.0680719 0 57.44
0.0665249 0 57.45
0.064591 0 57.46
0.0616902 0 57.47
0.0605299 0 57.48
0.0593696 0 57.49
0.0574357 0 57.5
0.0555018 0 57.51
0.053568 0 57.52
0.0524077 0 57.53
0.0506672 0 57.54
0.0493135 0 57.55
0.0489267 0 57.56
0.0477664 0 57.57
0.0464127 0 57.58
0.0448656 0 57.59
0.0433185 0 57.6
0.042545 0 57.61
0.041578 0 57.62
0.0394508 0 57.63
0.0379037 0 57.64
0.0371301 0 57.65
0.03655 0 57.66
0.0355831 0 57.67
0.0342294 0 57.68
0.0332624 0 57.69
0.0328757 0 57.7
0.0309418 0 57.71
0.0301682 0 57.72
0.0292013 0 57.73
0.0278476 0 57.74
0.0266873 0 57.75
0.0259137 0 57.76
0.0247534 0 57.77
0.0239799 0 57.78
0.0224328 0 57.79
0.0204989 0 57.8
0.0191452 0 57.81
0.0189518 0 57.82
0.0185651 0 57.83
0.0175981 0 57.84
0.0172114 0 57.85
0.0164378 0 57.86
0.0154709 0 57.87
0.0146974 0 57.88
0.0143106 0 57.89
0.0139238 0 57.9
0.0137304 0 57.91
0.0133436 0 57.92
0.0125701 0 57.93
0.0116032 0 57.94
0.0114098 0 57.95
0.011023 0 57.96
0.0108296 0 57.97
0.0102495 0 57.98
0.00947592 0 57.99
0.00889576 0 58.01
0.00870238 0 58.02
0.00812222 0 58.03
0.00773545 0 58.04
0.0069619 0 58.05
0.00599497 0 58.06
0.00580159 0 58.08
0.00541481 0 58.09
0.00502804 0 58.11
0.00464127 0 58.14
0.0042545 0 58.15
0.00386772 0 58.16
0.00328757 0 58.18
0.00309418 0 58.19
0.00290079 0 58.2
0.00270741 0 58.22
0.00251402 0 58.23
0.00232063 0 58.24
0.00193386 0 58.25
0.00174048 0 58.29
0.00154709 0 58.32
0.0013537 0 58.38
0.00116032 0 58.39
0.000966931 0 58.5
0.000773545 0 58.51
0.000580159 0 58.54
0.000386772 0 58.55
0.000193386 0 58.68
0 0 1.79769e+308
