0.441093 319
0.441093 318
0.441093 317
0.440967 317
0.440848 317
0.440848 316
0.440719 316
0.440719 315
0.440719 314
0.440719 313
0.440719 312
0.440719 311
0.440719 310
0.440719 309
0.440719 308
0.440719 307
0.440701 306
0.440701 305
0.440598 305
0.440464 305
0.440365 305
0.440252 305
0.440252 304
0.440252 303
0.440252 302
0.440252 301
0.440252 300
0.440134 300
0.440134 299
0.439997 297
0.439879 296
0.439753 295
0.439669 294
0.439569 294
0.439453 294
0.439453 293
0.439453 292
0.439305 292
0.439208 292
0.439208 291
0.439093 290
0.438956 289
0.438956 288
0.438836 288
0.438708 288
0.438708 287
0.438708 286
0.438575 286
0.438575 285
0.438447 284
0.438447 282
0.438447 281
0.438447 280
0.438208 280
0.438103 280
0.438064 279
0.43794 278
0.43794 277
0.43793 276
0.43793 275
0.43793 274
0.43793 273
0.43793 272
0.43793 271
0.437796 271
0.437684 271
0.437562 271
0.437562 270
0.437562 268
0.437443 267
0.437443 266
0.437216 266
0.437084 266
0.4369 265
0.436792 264
0.436792 263
0.436792 262
0.436792 260
0.436792 259
0.436792 258
0.436666 256
0.4366 256
0.4366 254
0.4366 253
0.436485 251
0.436361 251
0.436238 251
0.436238 250
0.436139 248
0.436139 247
0.436139 245
0.436074 244
0.435948 242
0.435815 242
0.43571 241
0.435579 239
0.435579 238
0.435461 237
0.435224 236
0.435096 236
0.435096 235
0.434982 235
0.434867 235
0.434411 233
0.434411 232
0.434411 230
0.43418 229
0.43418 228
0.434051 228
0.434051 227
0.433942 227
0.43382 226
0.433694 226
0.433556 225
0.433458 225
0.43334 225
0.433211 225
0.433211 224
0.432954 224
0.43269 222
0.432604 221
0.432604 220
0.432374 220
0.432255 220
0.431771 220
0.431771 219
0.431771 218
0.431655 218
0.431446 217
0.431219 217
0.430962 217
0.430962 216
0.430824 214
0.430824 213
0.430715 213
0.430482 211
0.430476 209
0.430355 208
0.430232 207
0.430232 206
0.429997 206
0.429867 206
0.429587 204
0.429472 204
0.42936 204
0.429249 204
0.429137 204
0.428908 202
0.428787 202
0.42852 202
0.428144 202
0.428028 202
0.428028 200
0.427889 198
0.4278 197
0.427533 197
0.427304 197
0.427173 197
0.427087 196
0.4269 196
0.4269 195
0.42664 195
0.426417 195
0.426173 195
0.426173 194
0.425936 192
0.425807 192
0.42567 192
0.42567 190
0.42567 189
0.42555 189
0.425276 188
0.425276 187
0.42516 187
0.424794 187
0.424534 186
0.423806 184
0.423573 184
0.423311 183
0.422942 181
0.422932 180
0.422847 178
0.422599 178
0.422331 177
0.422331 176
0.422078 175
0.421822 174
0.421425 174
0.421425 173
0.42108 172
0.420678 172
0.420237 170
0.420237 168
0.419805 166
0.419805 165
0.41969 164
0.419605 163
0.419499 163
0.419191 161
0.419103 160
0.418862 159
0.418737 158
0.418647 156
0.418174 154
0.418042 154
0.417698 153
0.417698 151
0.417581 150
0.417455 150
0.417216 150
0.417216 149
0.416957 149
0.416957 146
0.416852 143
0.416731 142
0.41661 141
0.416291 140
0.41617 140
0.415517 140
0.415402 138
0.414944 137
0.4147 136
0.4146 136
0.4146 135
0.414348 135
0.413981 133
0.413609 133
0.413471 133
0.413345 132
0.413219 131
0.413115 131
0.412987 131
0.412864 131
0.412864 130
0.412729 130
0.412341 127
0.412106 126
0.411979 126
0.411569 126
0.411124 125
0.410845 125
0.410325 122
0.410197 122
0.410069 120
0.410069 119
0.40983 119
0.409541 117
0.409419 117
0.409057 116
0.408835 116
0.408446 116
0.408355 114
0.40815 114
0.407905 114
0.407905 113
0.407602 112
0.407379 111
0.406879 111
0.406764 111
0.406516 111
0.406291 109
0.406172 109
0.405585 108
0.405461 107
0.405106 106
0.404762 104
0.404166 103
0.403588 102
0.403444 100
0.403299 100
0.402659 98
0.402271 97
0.401325 97
0.400722 96
0.400463 96
0.400343 96
0.399984 96
0.399513 96
0.399134 96
0.398379 96
0.39813 96
0.397724 96
0.397449 95
0.39733 95
0.397107 93
0.396613 92
0.396247 92
0.395998 92
0.395387 92
0.394836 90
0.394593 90
0.394086 90
0.393773 88
0.39367 88
0.392916 88
0.392272 87
0.391868 86
0.391628 86
0.390872 85
0.390735 84
0.3905 81
0.389795 81
0.389394 81
0.38917 80
0.388697 80
0.388479 79
0.388352 79
0.387616 79
0.386878 79
0.386054 78
0.385403 78
0.385189 78
0.384422 78
0.384042 78
0.383426 78
0.383162 77
0.382699 77
0.382569 76
0.381987 76
0.381236 74
0.38064 72
0.380025 72
0.379774 72
0.37962 71
0.379228 71
0.378498 71
0.377952 70
0.376824 69
0.376453 69
0.376231 69
0.375992 69
0.375281 69
0.374623 69
0.374389 68
0.374042 68
0.373321 67
0.372956 67
0.372112 67
0.371861 67
0.371228 65
0.37097 65
0.370711 65
0.37026 64
0.369841 61
0.36924 60
0.368993 60
0.368476 60
0.367679 59
0.367209 58
0.367081 57
0.366707 57
0.366109 57
0.366003 55
0.365389 55
0.365139 54
0.364367 52
0.364238 52
0.364111 52
0.363614 52
0.363276 52
0.362736 52
0.361196 52
0.360485 52
0.36023 52
0.359607 51
0.359257 51
0.358903 51
0.35855 51
0.358306 51
0.358057 51
0.3573 51
0.356841 51
0.356021 51
0.355516 51
0.354649 51
0.353914 50
0.353689 50
0.353532 49
0.353291 48
0.352908 47
0.351813 47
0.351541 47
0.35115 46
0.35039 46
0.349901 46
0.349378 45
0.349007 45
0.348749 45
0.348186 44
0.347819 44
0.347293 44
0.34641 44
0.345781 44
0.34516 44
0.34476 44
0.343827 44
0.343047 44
0.342773 44
0.342113 44
0.341988 44
0.341864 43
0.341621 42
0.341239 42
0.340326 42
0.339434 42
0.338472 41
0.337614 41
0.337087 40
0.336624 39
0.335845 39
0.335592 38
0.335336 38
0.335213 38
0.334598 38
0.334216 38
0.333539 37
0.333027 37
0.332512 37
0.332392 37
0.332034 37
0.331485 36
0.330998 36
0.330114 36
0.329744 34
0.329602 34
0.329359 33
0.328943 32
0.328344 31
0.328079 31
0.327679 31
0.327193 31
0.326697 31
0.32631 31
0.325388 31
0.324629 31
0.324253 31
0.323768 31
0.323272 31
0.32262 31
0.322244 30
0.321638 30
0.320765 30
0.319649 30
0.319385 30
0.318747 30
0.318159 29
0.317518 28
0.316781 28
0.316392 28
0.31602 28
0.315202 27
0.314628 26
0.314042 25
0.313571 25
0.313298 25
0.312768 25
0.312261 25
0.31213 25
0.311874 25
0.310878 25
0.310114 25
0.309335 25
0.307972 25
0.307331 25
0.306649 24
0.306242 24
0.305625 24
0.30525 24
0.304469 24
0.304101 24
0.303976 24
0.303452 23
0.30307 22
0.30243 22
0.302179 22
0.301418 22
0.300807 22
0.300418 22
0.299561 22
0.298841 21
0.298462 21
0.298333 21
0.298198 21
0.297305 21
0.296279 21
0.295911 20
0.295518 20
0.294481 20
0.293604 20
0.29285 20
0.29209 20
0.291546 20
0.291029 19
0.290149 19
0.289766 19
0.28889 19
0.288296 19
0.287387 19
0.286625 19
0.285875 19
0.285004 19
0.284408 18
0.283775 18
0.283131 18
0.282477 18
0.282015 17
0.28108 17
0.280113 17
0.279119 17
0.278368 17
0.278013 17
0.277356 17
0.276462 17
0.276328 17
0.275583 17
0.273912 17
0.273396 17
0.273026 17
0.272169 17
0.271518 17
0.270882 17
0.270115 17
0.269369 17
0.268494 17
0.26697 17
0.266466 16
0.266067 15
0.265435 15
0.264967 15
0.263618 14
0.263366 14
0.262738 14
0.262132 14
0.26122 14
0.260691 14
0.25951 14
0.258873 14
0.25835 14
0.257173 14
0.256553 14
0.255912 14
0.255289 14
0.254527 14
0.253518 14
0.253015 14
0.251864 13
0.251151 13
0.249991 13
0.24936 13
0.249232 13
0.24807 13
0.247455 13
0.246837 13
0.246138 12
0.245639 12
0.244874 12
0.243872 12
0.243625 12
0.243233 12
0.242357 11
0.241736 11
0.241506 11
0.240751 11
0.240122 11
0.239109 11
0.238525 10
0.237158 10
0.236525 10
0.235624 10
0.234124 10
0.232773 9
0.232396 9
0.231873 9
0.2307 9
0.230059 9
0.229709 9
0.229118 8
0.228261 8
0.227648 8
0.226528 8
0.225626 8
0.224998 8
0.224358 8
0.222853 7
0.221881 6
0.22088 6
0.219734 6
0.219497 6
0.218726 6
0.217572 5
0.21668 5
0.216024 5
0.215768 5
0.215266 5
0.214636 5
0.214003 5
0.213615 5
0.212972 5
0.212726 5
0.212246 5
0.211417 5
0.210639 5
0.210019 5
0.208868 5
0.207853 5
0.207462 5
0.206358 5
0.205857 5
0.204712 5
0.204308 5
0.203784 5
0.203305 5
0.202939 5
0.201678 5
0.200551 5
0.199435 5
0.198434 5
0.197316 5
0.196484 4
0.195831 4
0.195366 4
0.194965 4
0.193218 4
0.192426 4
0.190888 4
0.190268 4
0.189057 4
0.188156 4
0.187392 4
0.187003 4
0.186514 4
0.185521 4
0.185159 4
0.184412 4
0.183277 4
0.182387 4
0.181647 4
0.181393 4
0.180073 4
0.179439 4
0.178795 4
0.178176 4
0.177805 4
0.176656 4
0.176036 4
0.174713 4
0.174461 4
0.173951 4
0.1733 4
0.172683 4
0.172029 4
0.171281 4
0.17022 4
0.169728 4
0.169344 4
0.168439 4
0.16804 4
0.1678 4
0.167087 4
0.166452 4
0.165723 4
0.165358 4
0.164636 3
0.164008 3
0.163097 3
0.161946 3
0.161299 3
0.160902 3
0.160389 3
0.160013 3
0.159262 3
0.158356 3
0.157576 3
0.156699 3
0.156185 3
0.155561 3
0.155195 3
0.154444 3
0.153942 3
0.153437 2
0.152918 2
0.15214 2
0.1515 2
0.150862 2
0.149572 2
0.149051 2
0.148262 2
0.147725 2
0.147067 2
0.145942 2
0.145075 2
0.144668 2
0.144273 2
0.143516 2
0.143139 2
0.142633 2
0.141886 2
0.141369 2
0.140748 2
0.140607 2
0.139744 2
0.139338 2
0.137926 2
0.13726 2
0.136358 2
0.135842 2
0.135584 2
0.134426 2
0.133392 2
0.132741 2
0.132195 2
0.131027 2
0.129574 2
0.128545 2
0.128163 2
0.127432 2
0.126791 2
0.12601 2
0.124595 2
0.124334 2
0.123922 2
0.123405 2
0.122615 2
0.121698 2
0.121186 2
0.120794 2
0.120275 2
0.119266 2
0.118267 2
0.117879 2
0.116742 2
0.116227 2
0.115608 1
0.114841 1
0.114238 1
0.113157 0
0.111749 0
0.11083 0
0.109922 0
0.109282 0
0.108391 0
0.107632 0
0.106747 0
0.105599 0
0.10519 0
0.104156 0
0.103021 0
0.102751 0
0.102501 0
0.10199 0
0.101221 0
0.10045 0
0.0998302 0
0.0991996 0
0.0989247 0
0.0981494 0
0.0977719 0
0.0969962 0
0.0965932 0
0.0962157 0
0.0958325 0
0.095205 0
0.0946789 0
0.0940413 0
0.0932716 0
0.0921423 0
0.0917755 0
0.0916511 0
0.0914009 0
0.0906209 0
0.0903676 0
0.0900079 0
0.0891571 0
0.0887752 0
0.0884077 0
0.0877605 0
0.0869782 0
0.0868541 0
0.0864628 0
0.0860594 0
0.085412 0
0.0845155 0
0.0839978 0
0.0834747 0
0.082953 0
0.0826973 0
0.0821912 0
0.0820644 0
0.0813065 0
0.0806696 0
0.0804095 0
0.0801479 0
0.0797587 0
0.0793723 0
0.0784979 0
0.0777356 0
0.0774844 0
0.0773571 0
0.0765927 0
0.0761054 0
0.0757303 0
0.0751947 0
0.0746918 0
0.0739413 0
0.0730617 0
0.0722838 0
0.071664 0
0.071272 0
0.0706404 0
0.0702516 0
0.0700094 0
0.0695146 0
0.0687238 0
0.0686176 0
0.0683882 0
0.0682511 0
0.0681308 0
0.0673569 0
0.0667229 0
0.0659376 0
0.0655438 0
0.0649307 0
0.0641428 0
0.0635024 0
0.0631312 0
0.0628677 0
0.0627376 0
0.0624869 0
0.061872 0
0.0611067 0
0.0603215 0
0.0601984 0
0.0595901 0
0.0589461 0
0.0583471 0
0.0580958 0
0.0573389 0
0.0567205 0
0.0563245 0
0.056194 0
0.0556898 0
0.0550468 0
0.0546536 0
0.0545191 0
0.0540264 0
0.0537705 0
0.0536308 0
0.0533597 0
0.05311 0
0.0528495 0
0.0524576 0
0.0519439 0
0.0506837 0
0.0501815 0
0.0495152 0
0.0490113 0
0.0482417 0
0.0478481 0
0.0476005 0
0.0469704 0
0.0465943 0
0.0463331 0
0.0461989 0
0.0458119 0
0.0456961 0
0.0455611 0
0.0452956 0
0.0448912 0
0.0443803 0
0.0442529 0
0.0440374 0
0.0430375 0
0.0427816 0
0.0425198 0
0.0421243 0
0.0419857 0
0.041838 0
0.0415765 0
0.0411818 0
0.0410568 0
0.0407756 0
0.0405169 0
0.0402761 0
0.0399188 0
0.0396488 0
0.0392547 0
0.0391384 0
0.0388743 0
0.0385109 0
0.0381422 0
0.0375079 0
0.0368698 0
0.03634 0
0.0360939 0
0.0356965 0
0.0352897 0
0.0350413 0
0.0346607 0
0.0342605 0
0.0341423 0
0.0338771 0
0.0335037 0
0.0326312 0
0.0325014 0
0.0322332 0
0.0319726 0
0.0317103 0
0.0311875 0
0.0306698 0
0.0301688 0
0.03003 0
0.0298958 0
0.0295252 0
0.0294021 0
0.0290164 0
0.0286354 0
0.0282517 0
0.0281241 0
0.0279987 0
0.0276234 0
0.0273788 0
0.0271207 0
0.0269914 0
0.0266125 0
0.0263617 0
0.0262407 0
0.026104 0
0.0255858 0
0.0250701 0
0.0248171 0
0.0246805 0
0.0242916 0
0.0237673 0
0.023626 0
0.0233452 0
0.0232215 0
0.0227082 0
0.022187 0
0.0219279 0
0.0217947 0
0.0216709 0
0.0213165 0
0.0211798 0
0.0209265 0
0.0205443 0
0.0200131 0
0.0197423 0
0.019469 0
0.0193448 0
0.0190928 0
0.0188421 0
0.0187065 0
0.0184525 0
0.0179503 0
0.0173033 0
0.0169405 0
0.0167988 0
0.0165277 0
0.0163894 0
0.016127 0
0.0158734 0
0.0157441 0
0.0154876 0
0.0153432 0
0.0146929 0
0.0144289 0
0.0137963 0
0.0132729 0
0.012997 0
0.0127515 0
0.0126258 0
0.0123715 0
0.0121154 0
0.0120084 0
0.0118728 0
0.0117534 0
0.0116297 0
0.0113663 0
0.0112415 0
0.0109879 0
0.0107299 0
0.0105943 0
0.0103447 0
0.0102186 0
0.00996557 0
0.00983804 0
0.00958325 0
0.00920234 0
0.00907347 0
0.00895042 0
0.00882239 0
0.00869762 0
0.00845281 0
0.00833195 0
0.00820375 0
0.00795075 0
0.00781426 0
0.00767827 0
0.0075437 0
0.00741892 0
0.00715416 0
0.00689749 0
0.00677336 0
0.0066472 0
0.00652106 0
0.00640702 0
0.00627812 0
0.0061424 0
0.00600452 0
0.00587064 0
0.00574172 0
0.00562199 0
0.00537125 0
0.00523593 0
0.00510714 0
0.00497392 0
0.00483644 0
0.00457372 0
0.00444119 0
0.00418853 0
0.00406175 0
0.0039246 0
0.00365501 0
0.00352109 0
0.00339244 0
0.00327867 0
0.0030092 0
0.00276667 0
0.00264675 0
0.00239623 0
0.00227283 0
0.00215384 0
0.00203087 0
0.0019071 0
0.00165596 0
0.0015265 0
0.00139532 0
0.00127305 0
0.00115072 0
0.00101785 0
0.000895649 0
0.000755548 0
0.000630898 0
0.000502542 0
0.000384501 0
0.000261319 0
0.00013118 0
0 0
