0.703926 708 -1.41
0.703926 707 -1.04
0.703926 706 -0.92
0.703926 705 -0.86
0.703732 705 -0.78
0.703732 704 -0.59
0.703732 703 -0.58
0.703732 702 -0.46
0.703732 701 -0.38
0.703732 700 -0.32
0.703732 699 -0.28
0.703539 699 -0.21
0.703539 698 -0.17
0.703539 696 -0.13
0.703539 694 0.01
0.703539 693 0.02
0.703346 693 0.06
0.703346 691 0.08
0.703346 690 0.09
0.703346 689 0.23
0.703346 688 0.25
0.703346 687 0.27
0.703346 685 0.32
0.703346 684 0.34
0.703346 683 0.35
0.703152 683 0.37
0.703152 682 0.39
0.703152 680 0.4
0.703152 679 0.41
0.703152 678 0.42
0.703152 677 0.43
0.702959 677 0.44
0.702959 676 0.46
0.702765 676 0.47
0.702765 674 0.51
0.702765 673 0.55
0.702765 672 0.57
0.702572 671 0.61
0.702572 669 0.64
0.702572 668 0.65
0.702572 666 0.66
0.702379 666 0.71
0.702379 665 0.73
0.702379 664 0.74
0.702379 663 0.76
0.702379 660 0.77
0.702379 659 0.8
0.702379 658 0.81
0.702379 656 0.82
0.702185 656 0.83
0.701992 656 0.84
0.701992 655 0.87
0.701992 654 0.88
0.701798 653 0.9
0.701605 653 0.91
0.701605 651 0.92
0.701605 649 0.93
0.701412 648 0.94
0.701412 646 0.95
0.701412 644 0.98
0.701412 641 1.01
0.701218 638 1.02
0.701218 637 1.04
0.701218 636 1.05
0.701218 634 1.06
0.701218 633 1.07
0.701218 632 1.08
0.701218 630 1.11
0.701025 629 1.19
0.701025 627 1.2
0.701025 626 1.21
0.700832 626 1.22
0.700638 625 1.23
0.700638 624 1.25
0.700638 621 1.26
0.700638 619 1.27
0.700638 617 1.28
0.700638 615 1.29
0.700251 614 1.3
0.700058 609 1.31
0.700058 608 1.32
0.699865 606 1.34
0.699865 601 1.35
0.699865 599 1.36
0.699865 598 1.37
0.699865 597 1.38
0.699671 596 1.4
0.699671 595 1.41
0.699671 594 1.42
0.699478 594 1.43
0.699478 591 1.44
0.699284 591 1.45
0.699284 589 1.46
0.699091 586 1.47
0.699091 584 1.48
0.699091 583 1.49
0.699091 582 1.5
0.698704 582 1.52
0.698704 579 1.54
0.698704 577 1.55
0.698704 575 1.56
0.698511 574 1.57
0.698511 571 1.58
0.698124 569 1.59
0.698124 568 1.6
0.698124 567 1.62
0.697931 567 1.64
0.697737 565 1.65
0.697544 564 1.69
0.697351 563 1.7
0.696964 561 1.71
0.696964 560 1.72
0.696964 559 1.73
0.696964 558 1.74
0.69677 557 1.75
0.69677 554 1.78
0.69677 553 1.79
0.69677 552 1.81
0.696577 549 1.82
0.696577 548 1.84
0.696577 546 1.85
0.696577 543 1.86
0.696577 541 1.87
0.696384 540 1.88
0.696384 539 1.91
0.696384 538 1.93
0.69619 535 1.94
0.69619 534 1.95
0.69619 532 1.96
0.69619 530 1.97
0.695997 530 1.99
0.695804 529 2
0.695804 528 2.01
0.695804 527 2.02
0.695804 526 2.03
0.69561 526 2.04
0.69561 523 2.05
0.695417 521 2.06
0.695417 516 2.07
0.695417 514 2.08
0.695417 513 2.09
0.69503 513 2.1
0.69503 512 2.11
0.69503 511 2.12
0.69503 510 2.13
0.69503 509 2.14
0.69503 507 2.15
0.69503 504 2.16
0.69503 502 2.17
0.694837 501 2.18
0.694643 499 2.19
0.69445 498 2.2
0.69445 496 2.21
0.694063 493 2.22
0.69387 493 2.23
0.693676 491 2.24
0.693483 490 2.25
0.693289 490 2.26
0.693289 487 2.27
0.693096 484 2.28
0.692903 484 2.29
0.692903 482 2.31
0.692903 480 2.32
0.692516 479 2.33
0.692129 478 2.34
0.691549 476 2.36
0.691549 474 2.37
0.691549 472 2.38
0.691549 471 2.39
0.691549 469 2.4
0.691549 467 2.42
0.691356 467 2.43
0.690969 466 2.45
0.690775 464 2.46
0.690775 463 2.47
0.690582 460 2.48
0.690195 456 2.49
0.689809 455 2.5
0.689809 453 2.51
0.689809 451 2.52
0.689615 449 2.53
0.689615 448 2.54
0.689422 445 2.55
0.689422 443 2.56
0.689422 441 2.57
0.689228 441 2.58
0.689035 440 2.6
0.689035 437 2.61
0.689035 436 2.62
0.688455 435 2.65
0.688455 433 2.66
0.688261 432 2.67
0.688068 432 2.69
0.687681 430 2.7
0.687101 428 2.71
0.686714 428 2.72
0.686714 425 2.73
0.686521 425 2.74
0.686521 421 2.75
0.686521 419 2.76
0.686328 416 2.78
0.685941 412 2.79
0.685167 409 2.8
0.685167 408 2.81
0.684974 407 2.82
0.684974 406 2.83
0.684781 404 2.84
0.684394 404 2.86
0.684394 400 2.87
0.684394 398 2.88
0.684007 398 2.89
0.68362 396 2.9
0.68362 394 2.92
0.683233 393 2.93
0.68304 391 2.94
0.682847 391 2.96
0.682847 390 2.97
0.682847 389 2.98
0.682266 388 2.99
0.682073 384 3
0.68188 382 3.01
0.68188 380 3.03
0.681686 379 3.04
0.681493 377 3.05
0.681493 375 3.06
0.681493 374 3.07
0.681106 373 3.08
0.680719 369 3.09
0.680526 367 3.1
0.680526 366 3.11
0.680526 364 3.12
0.680333 362 3.13
0.680333 360 3.14
0.680333 359 3.15
0.680139 358 3.16
0.679946 358 3.17
0.679559 356 3.18
0.679172 356 3.19
0.678786 352 3.2
0.678399 352 3.21
0.678399 351 3.22
0.678399 350 3.23
0.678205 349 3.24
0.678012 348 3.25
0.677625 348 3.27
0.677432 348 3.28
0.677432 347 3.29
0.677045 347 3.3
0.676852 347 3.31
0.676658 345 3.32
0.676465 345 3.33
0.675885 343 3.34
0.675691 343 3.35
0.675691 342 3.36
0.675498 342 3.37
0.674918 338 3.38
0.674531 338 3.39
0.674531 337 3.4
0.674144 336 3.41
0.673757 335 3.42
0.673177 332 3.43
0.672984 329 3.44
0.672984 325 3.45
0.672404 324 3.47
0.672017 318 3.48
0.672017 317 3.49
0.671824 317 3.5
0.671437 316 3.51
0.671437 314 3.52
0.671437 312 3.53
0.671243 312 3.54
0.671243 311 3.55
0.67105 310 3.56
0.670663 307 3.57
0.670663 306 3.58
0.670663 303 3.59
0.670083 302 3.6
0.66989 299 3.61
0.669503 298 3.62
0.669503 296 3.63
0.66931 292 3.64
0.668923 290 3.65
0.668343 289 3.66
0.668343 287 3.67
0.667569 286 3.68
0.667376 285 3.69
0.667182 283 3.7
0.666215 282 3.71
0.665442 280 3.72
0.664668 277 3.73
0.664475 275 3.74
0.664088 271 3.76
0.663895 270 3.77
0.663701 269 3.78
0.663508 269 3.79
0.663315 267 3.8
0.662928 267 3.81
0.662734 266 3.82
0.662154 266 3.83
0.661961 265 3.84
0.661768 265 3.85
0.661187 264 3.86
0.660994 261 3.88
0.660801 260 3.89
0.660801 258 3.9
0.660607 258 3.91
0.660027 256 3.92
0.65964 256 3.93
0.65964 255 3.94
0.659254 254 3.95
0.65906 252 3.96
0.658867 251 3.97
0.65848 247 3.98
0.658093 246 3.99
0.657126 245 4
0.656933 241 4.01
0.656933 238 4.02
0.656353 236 4.03
0.656159 234 4.04
0.655579 232 4.05
0.655192 232 4.06
0.654999 231 4.07
0.654419 229 4.08
0.654032 227 4.09
0.653839 224 4.1
0.653259 223 4.11
0.653065 221 4.12
0.652678 218 4.13
0.652485 218 4.14
0.652292 213 4.15
0.651131 213 4.16
0.650745 212 4.17
0.650745 211 4.18
0.650358 210 4.19
0.650358 209 4.2
0.649778 208 4.21
0.649391 207 4.22
0.648424 207 4.23
0.648037 207 4.24
0.647457 205 4.25
0.646877 200 4.28
0.646297 198 4.29
0.645523 198 4.3
0.64533 198 4.31
0.644556 198 4.32
0.643976 198 4.33
0.643589 197 4.34
0.643009 195 4.37
0.642622 194 4.38
0.641655 193 4.39
0.640882 192 4.4
0.640495 192 4.41
0.640108 191 4.42
0.639722 190 4.43
0.638948 190 4.44
0.638561 190 4.45
0.638174 189 4.46
0.637401 187 4.47
0.637014 187 4.48
0.637014 186 4.49
0.636627 185 4.5
0.636241 183 4.51
0.636047 181 4.52
0.63566 179 4.53
0.6345 179 4.54
0.634113 179 4.55
0.633533 177 4.56
0.632953 177 4.57
0.63276 177 4.58
0.632179 176 4.59
0.631406 176 4.6
0.631213 174 4.61
0.630439 173 4.62
0.629665 171 4.63
0.628892 170 4.64
0.628312 170 4.65
0.627151 169 4.66
0.626765 167 4.67
0.626571 167 4.68
0.626184 166 4.69
0.625604 164 4.7
0.625218 160 4.71
0.624251 159 4.72
0.624057 159 4.73
0.623477 159 4.74
0.622897 159 4.75
0.62193 159 4.76
0.621737 159 4.77
0.620963 157 4.78
0.62077 157 4.79
0.620383 157 4.8
0.619996 155 4.81
0.619223 152 4.82
0.618642 151 4.83
0.618449 151 4.84
0.618062 151 4.85
0.617675 148 4.86
0.617095 147 4.87
0.616515 147 4.88
0.616128 146 4.89
0.616128 145 4.9
0.615742 145 4.91
0.615548 143 4.93
0.615161 142 4.94
0.614775 139 4.95
0.614195 137 4.96
0.613614 136 4.97
0.613228 135 4.98
0.612841 134 4.99
0.612454 134 5
0.611487 134 5.01
0.610907 133 5.02
0.610327 133 5.03
0.609747 132 5.04
0.609553 128 5.05
0.608586 128 5.06
0.608586 127 5.07
0.607813 127 5.08
0.607233 127 5.09
0.606846 126 5.1
0.606459 125 5.11
0.605299 125 5.12
0.604332 125 5.13
0.603365 124 5.14
0.602785 124 5.15
0.602205 124 5.16
0.600851 122 5.17
0.59911 122 5.18
0.598917 121 5.19
0.59795 121 5.2
0.597177 119 5.21
0.596596 119 5.22
0.595823 119 5.23
0.595436 118 5.24
0.594469 117 5.25
0.593889 115 5.26
0.593309 115 5.27
0.592922 113 5.28
0.592149 112 5.29
0.591762 112 5.3
0.590988 107 5.31
0.590408 107 5.32
0.589635 106 5.33
0.588861 106 5.34
0.588087 106 5.35
0.58712 106 5.36
0.58712 105 5.37
0.586734 104 5.38
0.585187 104 5.39
0.584606 103 5.4
0.583833 103 5.41
0.582673 101 5.42
0.581512 101 5.43
0.580545 100 5.44
0.580352 100 5.45
0.579578 100 5.46
0.578418 100 5.47
0.577645 99 5.48
0.576484 99 5.49
0.575711 99 5.5
0.575324 98 5.51
0.575131 98 5.52
0.573197 97 5.53
0.572423 96 5.54
0.571843 94 5.55
0.570489 94 5.56
0.570296 94 5.57
0.569522 93 5.58
0.568942 92 5.59
0.568169 91 5.6
0.566428 90 5.61
0.565461 90 5.62
0.565268 89 5.63
0.564301 88 5.64
0.564108 87 5.65
0.563141 86 5.66
0.562754 85 5.67
0.562367 85 5.68
0.56198 85 5.69
0.56024 84 5.7
0.559466 83 5.71
0.559273 81 5.72
0.559079 81 5.73
0.558306 81 5.74
0.557339 80 5.75
0.556759 79 5.76
0.555792 78 5.77
0.554825 76 5.79
0.552891 74 5.8
0.552504 73 5.81
0.551537 73 5.82
0.551151 73 5.83
0.550377 73 5.84
0.549604 72 5.85
0.548443 70 5.86
0.548056 70 5.87
0.547283 70 5.88
0.546703 70 5.89
0.544576 69 5.9
0.543995 69 5.91
0.543028 68 5.92
0.542255 68 5.93
0.541288 68 5.94
0.540708 68 5.95
0.539741 68 5.96
0.539354 67 5.97
0.538581 66 5.98
0.538 66 5.99
0.53684 65 6
0.53626 65 6.01
0.53568 65 6.02
0.535293 64 6.03
0.533939 63 6.04
0.531812 63 6.05
0.530652 61 6.06
0.529685 61 6.07
0.528718 60 6.08
0.527751 59 6.09
0.526977 59 6.1
0.52543 59 6.11
0.52427 58 6.12
0.523303 58 6.13
0.522336 57 6.14
0.520596 57 6.15
0.520209 57 6.16
0.518662 57 6.17
0.518082 57 6.18
0.517501 55 6.19
0.516728 53 6.2
0.515761 52 6.21
0.514794 52 6.22
0.514601 52 6.23
0.513634 51 6.24
0.51344 51 6.25
0.512667 51 6.26
0.511893 50 6.27
0.51054 49 6.28
0.509186 49 6.29
0.508219 48 6.3
0.507832 48 6.31
0.506285 47 6.32
0.504738 47 6.33
0.503578 46 6.34
0.502997 46 6.35
0.502804 46 6.36
0.502417 44 6.37
0.50145 44 6.38
0.500677 44 6.39
0.499517 44 6.4
0.497003 44 6.41
0.495842 44 6.42
0.494295 44 6.43
0.493522 44 6.44
0.492361 44 6.45
0.491588 44 6.46
0.491008 44 6.47
0.489267 44 6.48
0.48714 44 6.49
0.486366 44 6.5
0.485013 41 6.51
0.484046 41 6.52
0.482499 41 6.53
0.481918 41 6.54
0.481338 41 6.55
0.479791 40 6.56
0.479211 40 6.57
0.478631 39 6.58
0.477664 39 6.59
0.477277 38 6.6
0.476504 37 6.61
0.475343 37 6.62
0.47399 37 6.63
0.473216 37 6.64
0.471862 37 6.65
0.470895 37 6.66
0.470122 37 6.67
0.468962 37 6.68
0.468575 37 6.69
0.467801 37 6.7
0.466447 37 6.71
0.465287 37 6.72
0.464514 37 6.73
0.462773 37 6.74
0.462193 37 6.75
0.462 37 6.76
0.461033 37 6.77
0.460066 37 6.78
0.459679 37 6.79
0.458519 36 6.8
0.457939 36 6.81
0.457165 35 6.82
0.456972 35 6.83
0.455618 35 6.84
0.454844 34 6.85
0.454458 34 6.86
0.453491 34 6.87
0.452137 34 6.88
0.45175 34 6.89
0.45117 34 6.9
0.449816 34 6.91
0.448849 34 6.92
0.447496 32 6.93
0.446722 31 6.94
0.444982 31 6.95
0.444015 31 6.96
0.443241 31 6.97
0.442468 31 6.98
0.441307 31 6.99
0.440534 31 7
0.438987 31 7.01
0.43802 31 7.02
0.437053 31 7.03
0.436279 30 7.04
0.434732 30 7.05
0.434539 30 7.06
0.433378 29 7.07
0.432605 28 7.08
0.432025 26 7.09
0.431638 25 7.1
0.430091 25 7.11
0.429124 25 7.12
0.427577 25 7.13
0.42661 25 7.14
0.42545 25 7.15
0.423516 24 7.16
0.422936 23 7.17
0.421775 23 7.18
0.420615 21 7.2
0.419648 21 7.21
0.417908 21 7.22
0.416554 21 7.23
0.415587 21 7.24
0.41404 20 7.25
0.412686 20 7.26
0.411913 20 7.27
0.410559 20 7.28
0.409592 20 7.29
0.408432 20 7.3
0.408045 19 7.31
0.406691 18 7.32
0.404564 17 7.33
0.40321 16 7.34
0.401857 16 7.35
0.40089 16 7.36
0.399536 16 7.37
0.398182 16 7.38
0.397022 16 7.39
0.396055 15 7.4
0.394895 15 7.41
0.393734 15 7.42
0.393348 15 7.43
0.392767 15 7.44
0.391994 15 7.45
0.390447 15 7.46
0.3889 15 7.47
0.387353 15 7.48
0.386192 15 7.49
0.385225 15 7.5
0.384065 15 7.51
0.382905 15 7.52
0.381744 15 7.53
0.380971 15 7.54
0.37923 14 7.55
0.378457 14 7.56
0.377103 14 7.57
0.375943 14 7.58
0.375749 14 7.59
0.374782 14 7.6
0.374202 14 7.61
0.373042 14 7.62
0.372849 14 7.63
0.371495 14 7.64
0.369174 14 7.65
0.368014 14 7.66
0.366273 13 7.67
0.365693 13 7.68
0.364533 13 7.69
0.362792 13 7.7
0.361439 12 7.71
0.359892 12 7.72
0.359118 12 7.73
0.357571 11 7.74
0.356798 11 7.75
0.355057 11 7.76
0.35409 11 7.77
0.351963 11 7.78
0.349836 11 7.79
0.349449 11 7.8
0.349062 10 7.81
0.347902 10 7.82
0.346355 9 7.83
0.345194 9 7.84
0.344034 9 7.85
0.342874 9 7.86
0.3421 9 7.87
0.34152 9 7.88
0.339973 9 7.89
0.338232 9 7.9
0.335718 9 7.91
0.334945 9 7.92
0.333785 9 7.93
0.332237 9 7.94
0.331464 9 7.95
0.329917 9 7.96
0.32953 9 7.97
0.329143 8 7.98
0.32837 8 7.99
0.32779 8 8
0.326436 8 8.01
0.326049 8 8.02
0.324502 8 8.03
0.323342 8 8.04
0.321601 7 8.05
0.319861 7 8.06
0.3187 7 8.07
0.317927 7 8.08
0.31638 7 8.09
0.315219 7 8.1
0.314639 7 8.11
0.313672 7 8.12
0.312319 7 8.13
0.310578 7 8.14
0.309611 7 8.15
0.308644 7 8.16
0.308258 7 8.17
0.307484 7 8.18
0.307097 7 8.19
0.305163 7 8.2
0.302649 7 8.21
0.301296 7 8.22
0.300135 6 8.23
0.299168 6 8.24
0.297235 6 8.25
0.296074 6 8.26
0.295301 6 8.27
0.293754 6 8.28
0.29182 6 8.29
0.29124 6 8.3
0.290853 6 8.31
0.289306 6 8.32
0.289112 6 8.33
0.287952 6 8.34
0.286212 6 8.35
0.285631 6 8.36
0.284084 6 8.37
0.282731 6 8.38
0.281184 6 8.39
0.280603 6 8.4
0.279056 6 8.41
0.276929 6 8.42
0.275962 6 8.43
0.275382 6 8.44
0.274802 6 8.45
0.273835 6 8.46
0.272675 6 8.47
0.271127 6 8.48
0.270547 6 8.49
0.26958 6 8.5
0.267453 6 8.51
0.266293 6 8.52
0.265132 6 8.53
0.263392 5 8.54
0.262232 5 8.55
0.261845 5 8.56
0.261071 5 8.57
0.259718 5 8.58
0.258557 5 8.59
0.257397 5 8.6
0.255076 4 8.61
0.254109 4 8.62
0.252949 4 8.63
0.251402 4 8.64
0.249855 4 8.65
0.248695 4 8.66
0.247728 4 8.67
0.247341 4 8.68
0.245987 4 8.69
0.24502 4 8.7
0.244634 4 8.71
0.243086 4 8.72
0.24212 4 8.73
0.240766 4 8.74
0.239219 4 8.75
0.237478 4 8.76
0.236125 4 8.77
0.235544 4 8.78
0.234577 4 8.79
0.23303 4 8.8
0.232257 4 8.81
0.23129 4 8.82
0.230516 4 8.83
0.229356 3 8.84
0.228582 3 8.85
0.227809 3 8.86
0.226649 3 8.87
0.225682 3 8.88
0.224715 3 8.89
0.224135 3 8.9
0.222588 3 8.91
0.221621 3 8.92
0.220267 3 8.93
0.2193 3 8.94
0.21814 3 8.95
0.216593 3 8.96
0.214659 3 8.97
0.212918 3 8.98
0.212145 3 8.99
0.210598 3 9
0.209824 3 9.01
0.208664 3 9.02
0.207503 3 9.03
0.206536 3 9.04
0.205763 3 9.05
0.205183 3 9.06
0.204409 3 9.07
0.203636 3 9.08
0.202475 3 9.09
0.201895 3 9.1
0.200541 3 9.11
0.199381 3 9.12
0.198027 3 9.13
0.196867 3 9.14
0.1959 3 9.15
0.19416 3 9.16
0.19358 3 9.17
0.192613 3 9.18
0.191452 3 9.19
0.190485 3 9.2
0.189712 3 9.21
0.188938 3 9.22
0.188358 3 9.23
0.187198 3 9.24
0.185264 3 9.25
0.184297 3 9.26
0.183137 3 9.27
0.182557 2 9.28
0.181783 2 9.29
0.180429 2 9.3
0.179656 2 9.31
0.178495 2 9.32
0.177722 2 9.33
0.175981 2 9.34
0.174821 2 9.35
0.174241 2 9.36
0.173274 2 9.37
0.17192 2 9.38
0.17134 2 9.39
0.169793 2 9.4
0.168633 2 9.41
0.168246 2 9.42
0.167472 2 9.43
0.166699 2 9.44
0.165925 2 9.45
0.165345 2 9.46
0.165152 2 9.47
0.164765 2 9.48
0.163798 2 9.49
0.163025 2 9.5
0.162251 2 9.51
0.161477 2 9.52
0.160897 2 9.53
0.159737 2 9.54
0.15877 2 9.55
0.157803 2 9.56
0.156643 2 9.57
0.155096 2 9.58
0.154902 2 9.59
0.153935 2 9.6
0.152775 2 9.61
0.151808 2 9.62
0.150261 2 9.63
0.149101 2 9.64
0.148714 2 9.65
0.148134 2 9.66
0.14678 2 9.67
0.145813 2 9.68
0.145233 2 9.69
0.144073 2 9.7
0.143493 2 9.71
0.142526 2 9.72
0.142139 2 9.73
0.140785 2 9.74
0.139431 2 9.75
0.138851 2 9.76
0.137691 2 9.77
0.137111 2 9.78
0.136337 2 9.79
0.134984 2 9.8
0.13421 2 9.81
0.13363 2 9.82
0.133243 2 9.83
0.131309 2 9.84
0.130536 2 9.85
0.129569 2 9.86
0.128795 2 9.87
0.127828 2 9.88
0.126861 2 9.89
0.125701 2 9.9
0.124541 2 9.91
0.124347 2 9.92
0.124154 2 9.93
0.123187 2 9.94
0.1228 2 9.95
0.122607 2 9.96
0.121833 2 9.97
0.12106 2 9.98
0.12048 1 9.99
0.119899 1 10
0.118933 1 10.01
0.118546 1 10.02
0.117579 1 10.03
0.117192 1 10.04
0.116418 1 10.05
0.116032 1 10.06
0.115258 1 10.07
0.114678 1 10.08
0.113518 1 10.09
0.113131 1 10.1
0.112551 1 10.11
0.11139 1 10.12
0.11081 1 10.13
0.110424 1 10.14
0.109457 1 10.15
0.109263 1 10.16
0.108296 1 10.17
0.107329 1 10.18
0.106362 1 10.19
0.105976 1 10.21
0.105395 1 10.22
0.104622 1 10.23
0.103462 1 10.24
0.102688 1 10.25
0.102301 1 10.26
0.101528 1 10.27
0.100754 1 10.28
0.0999807 1 10.29
0.0994005 1 10.3
0.0984336 1 10.31
0.0978534 1 10.32
0.09766 1 10.33
0.0970799 1 10.35
0.0966931 1 10.37
0.0964997 1 10.38
0.0959196 1 10.39
0.095146 1 10.4
0.0947592 1 10.41
0.0943725 1 10.42
0.0935989 1 10.43
0.0930188 1 10.44
0.0918584 1 10.45
0.0910849 1 10.46
0.0905047 1 10.47
0.0897312 1 10.48
0.0893444 1 10.49
0.0879907 1 10.5
0.0872172 1 10.51
0.086637 1 10.52
0.0856701 1 10.53
0.0848965 1 10.54
0.084123 1 10.55
0.0829627 1 10.56
0.0823825 1 10.58
0.081609 1 10.59
0.0810288 1 10.6
0.0800619 1 10.61
0.0792883 1 10.62
0.0783214 1 10.63
0.0769677 1 10.64
0.0763875 1 10.65
0.075614 1 10.66
0.0754206 1 10.67
0.0748405 1 10.68
0.0742603 1 10.69
0.0736801 1 10.7
0.0729066 1 10.71
0.072133 1 10.72
0.0719397 1 10.73
0.0707793 1 10.74
0.0698124 1 10.75
0.0694256 1 10.77
0.0686521 1 10.78
0.0682653 1 10.79
0.0678786 1 10.8
0.0676852 1 10.81
0.0672984 1 10.82
0.0661381 1 10.83
0.0659447 1 10.84
0.0653645 1 10.85
0.064591 1 10.86
0.0640108 1 10.87
0.0630439 1 10.88
0.062077 1 10.89
0.0614968 1 10.9
0.0613034 1 10.91
0.0607233 1 10.92
0.0597563 1 10.93
0.0589828 1 10.94
0.0587894 1 10.95
0.058596 1 10.96
0.0584026 1 10.97
0.0572423 1 10.98
0.0570489 1 10.99
0.0566622 1 11
0.0564688 1 11.01
0.0556952 1 11.02
0.0553085 1 11.04
0.0545349 1 11.05
0.0539547 1 11.07
0.0537614 1 11.08
0.0533746 1 11.09
0.0531812 1 11.1
0.0527944 1 11.11
0.0516341 1 11.12
0.0512473 1 11.13
0.050087 1 11.14
0.0498936 1 11.15
0.0493135 1 11.16
0.0489267 1 11.17
0.0481532 1 11.18
0.0477664 1 11.19
0.0467995 1 11.2
0.0462193 1 11.21
0.0460259 1 11.22
0.0458325 1 11.23
0.0452524 1 11.24
0.045059 1 11.25
0.0442854 1 11.26
0.0437053 1 11.28
0.0433185 1 11.29
0.0431251 1 11.3
0.0429317 1 11.32
0.0427383 1 11.33
0.042545 1 11.34
0.0421582 1 11.35
0.0417714 1 11.36
0.0413846 1 11.37
0.0408045 1 11.38
0.0402243 1 11.39
0.0398376 1 11.41
0.0394508 1 11.42
0.0392574 0 11.43
0.039064 0 11.44
0.0386772 0 11.45
0.0380971 0 11.47
0.0377103 0 11.48
0.0371301 0 11.49
0.0369368 0 11.5
0.03655 0 11.51
0.0361632 0 11.52
0.0359698 0 11.53
0.0357764 0 11.54
0.0355831 0 11.55
0.0350029 0 11.56
0.0346161 0 11.57
0.034036 0 11.58
0.0338426 0 11.59
0.0334558 0 11.6
0.0332624 0 11.61
0.0324889 0 11.62
0.0321021 0 11.63
0.0319087 0 11.64
0.0317153 0 11.66
0.0313286 0 11.67
0.030555 0 11.68
0.0297815 0 11.69
0.0295881 0 11.72
0.0290079 0 11.73
0.0286212 0 11.74
0.0284278 0 11.76
0.028041 0 11.77
0.0278476 0 11.78
0.0276542 0 11.8
0.0274608 0 11.81
0.0270741 0 11.82
0.0268807 0 11.83
0.0266873 0 11.84
0.0264939 0 11.85
0.0263005 0 11.87
0.025527 0 11.88
0.0249468 0 11.89
0.0247534 0 11.9
0.0243667 0 11.91
0.0241733 0 11.93
0.0239799 0 11.95
0.0233997 0 11.96
0.0232063 0 11.97
0.0226262 0 11.98
0.0224328 0 12
0.022046 0 12.02
0.0218526 0 12.03
0.0216593 0 12.05
0.0214659 0 12.06
0.0212725 0 12.07
0.0206923 0 12.08
0.0204989 0 12.09
0.0201122 0 12.11
0.0199188 0 12.12
0.0197254 0 12.13
0.019532 0 12.16
0.0193386 0 12.17
0.0191452 0 12.18
0.0189518 0 12.2
0.0185651 0 12.21
0.0181783 0 12.22
0.0179849 0 12.23
0.0177915 0 12.27
0.0174048 0 12.28
0.017018 0 12.29
0.0168246 0 12.3
0.0166312 0 12.31
0.0162444 0 12.32
0.0158577 0 12.34
0.0154709 0 12.35
0.0150841 0 12.36
0.0148907 0 12.38
0.0146974 0 12.39
0.014504 0 12.41
0.0143106 0 12.42
0.0141172 0 12.43
0.0139238 0 12.44
0.0137304 0 12.45
0.013537 0 12.5
0.0133436 0 12.51
0.0131503 0 12.54
0.0125701 0 12.56
0.0123767 0 12.59
0.0119899 0 12.61
0.0117966 0 12.63
0.0116032 0 12.65
0.0114098 0 12.68
0.0112164 0 12.69
0.011023 0 12.71
0.0108296 0 12.74
0.0106362 0 12.75
0.0102495 0 12.77
0.0100561 0 12.78
0.0098627 0 12.79
0.00966931 0 12.82
0.00947592 0 12.83
0.00928254 0 12.85
0.00908915 0 12.87
0.00889576 0 12.89
0.00870238 0 12.91
0.00850899 0 12.92
0.00831561 0 12.93
0.00812222 0 12.95
0.00792883 0 12.99
0.00754206 0 13
0.00734868 0 13.05
0.00715529 0 13.07
0.0069619 0 13.08
0.00676852 0 13.09
0.00657513 0 13.1
0.00599497 0 13.12
0.00580159 0 13.14
0.0056082 0 13.15
0.00522143 0 13.18
0.00502804 0 13.21
0.00483465 0 13.22
0.00464127 0 13.24
0.00444788 0 13.28
0.00406111 0 13.29
0.00386772 0 13.33
0.00367434 0 13.34
0.00328757 0 13.37
0.00309418 0 13.38
0.00290079 0 13.41
0.00270741 0 13.43
0.00251402 0 13.47
0.00232063 0 13.56
0.00193386 0 13.66
0.00174048 0 13.71
0.00154709 0 13.72
0.0013537 0 13.73
0.00116032 0 13.94
0.000966931 0 14.06
0.000773545 0 14.17
0.000580159 0 14.18
0.000386772 0 15.06
0.000193386 0 16.05
0 0 1.79769e+308
