0.478486 525
0.478486 524
0.47838 524
0.47838 523
0.47838 522
0.47838 521
0.478262 521
0.478262 520
0.478262 519
0.478262 518
0.478137 518
0.478137 517
0.478137 516
0.478137 515
0.478137 514
0.478137 513
0.478005 513
0.478005 512
0.47791 510
0.47791 509
0.47791 508
0.47791 507
0.477776 507
0.477647 507
0.477558 505
0.477504 504
0.477378 503
0.477378 501
0.477378 500
0.477258 500
0.477258 499
0.477258 498
0.477258 497
0.477258 495
0.477258 494
0.477258 493
0.477258 492
0.477141 492
0.477119 492
0.477119 491
0.477119 490
0.477018 490
0.4769 490
0.4769 489
0.4769 488
0.4769 487
0.4769 486
0.4769 485
0.476781 482
0.476641 482
0.476641 481
0.476641 480
0.476641 479
0.476479 478
0.476479 476
0.47635 476
0.476129 475
0.476129 474
0.476129 472
0.476129 470
0.476129 469
0.476129 468
0.475879 468
0.475683 466
0.475552 464
0.475545 461
0.475416 459
0.475416 458
0.475236 457
0.475231 455
0.475231 454
0.475107 454
0.475107 451
0.475107 449
0.47504 446
0.474931 445
0.474931 444
0.474692 444
0.47466 442
0.47466 440
0.474545 439
0.474419 438
0.474419 437
0.474276 437
0.474276 435
0.474149 434
0.474025 433
0.473775 431
0.473775 430
0.473775 429
0.473711 428
0.473595 427
0.473595 425
0.473595 424
0.473477 421
0.473477 419
0.473469 418
0.473469 417
0.473338 416
0.473338 415
0.473338 414
0.473338 411
0.473338 409
0.473338 407
0.473207 407
0.47302 407
0.47302 406
0.47302 405
0.473003 404
0.472899 404
0.472899 402
0.472795 400
0.472795 397
0.472795 396
0.472795 395
0.472558 395
0.472558 394
0.472558 393
0.472558 392
0.472473 390
0.472473 389
0.472473 387
0.472343 387
0.472208 386
0.472099 386
0.472099 384
0.472025 381
0.471905 381
0.471778 379
0.471665 377
0.471665 375
0.471548 373
0.471429 373
0.471347 372
0.471347 370
0.471221 369
0.470975 368
0.470593 366
0.470593 364
0.470593 362
0.470593 361
0.470593 360
0.470593 359
0.470467 359
0.470235 359
0.470139 358
0.470139 357
0.470055 354
0.469808 351
0.469546 350
0.469546 349
0.469471 347
0.46935 346
0.46935 345
0.469228 342
0.469228 341
0.469228 339
0.469228 338
0.469103 336
0.469103 335
0.46874 334
0.468735 332
0.468615 332
0.468485 332
0.468241 330
0.467987 328
0.467712 328
0.467572 327
0.467477 324
0.467472 322
0.467472 319
0.467251 316
0.466812 313
0.466672 312
0.466672 311
0.46649 310
0.466239 310
0.466161 306
0.466161 304
0.465887 304
0.465768 303
0.465768 301
0.465522 301
0.465329 299
0.465211 299
0.46495 298
0.464818 295
0.464818 293
0.464818 292
0.464718 291
0.464718 289
0.464718 287
0.464718 286
0.464454 285
0.464305 280
0.464184 280
0.464184 279
0.464184 277
0.46405 276
0.46405 275
0.463995 274
0.463995 273
0.463754 273
0.463546 273
0.463284 269
0.463026 269
0.463026 268
0.463026 267
0.462891 267
0.462792 266
0.462564 266
0.462295 266
0.462165 266
0.462165 265
0.461911 265
0.461779 265
0.461653 263
0.461517 263
0.461255 262
0.461144 262
0.461144 261
0.461028 261
0.460896 258
0.460633 258
0.460633 257
0.460386 257
0.460121 256
0.459765 255
0.459652 253
0.459652 249
0.459378 248
0.458986 244
0.458986 243
0.458855 243
0.458614 242
0.458614 240
0.458614 239
0.458487 239
0.458487 238
0.458359 237
0.458236 234
0.458236 233
0.458236 232
0.457848 231
0.457756 228
0.457509 227
0.45746 226
0.457316 222
0.45706 220
0.456672 219
0.456672 217
0.456297 215
0.456179 214
0.456061 213
0.455148 212
0.45464 211
0.454009 208
0.453874 207
0.453503 204
0.453377 204
0.453245 203
0.453118 203
0.452979 202
0.452744 202
0.45262 202
0.452251 202
0.452147 201
0.452042 201
0.451566 200
0.451293 197
0.451185 196
0.451102 194
0.450828 194
0.450473 192
0.450225 192
0.450225 191
0.449968 190
0.449845 188
0.449748 187
0.449502 184
0.449149 183
0.448778 182
0.448536 179
0.448407 177
0.448158 175
0.448049 173
0.44766 171
0.447407 171
0.447152 170
0.446775 168
0.446517 166
0.446397 164
0.446062 163
0.445758 161
0.445567 160
0.445456 160
0.445235 156
0.444476 156
0.444373 156
0.444137 155
0.443881 154
0.443739 154
0.443356 153
0.442974 152
0.442574 152
0.442344 152
0.44189 151
0.441476 148
0.441153 147
0.440809 147
0.440705 147
0.440223 147
0.439885 147
0.439503 146
0.439267 145
0.439146 145
0.438889 144
0.43831 143
0.437827 142
0.437452 142
0.437216 142
0.436963 142
0.436567 142
0.436338 142
0.436066 141
0.435742 139
0.435475 139
0.435392 138
0.435148 138
0.434904 136
0.434887 134
0.434547 132
0.433947 132
0.433706 132
0.433224 131
0.432717 131
0.432587 131
0.432336 131
0.432083 131
0.431956 130
0.431361 129
0.430773 127
0.430274 127
0.429878 127
0.429256 126
0.429051 125
0.428946 125
0.42862 124
0.428375 122
0.427948 118
0.42732 117
0.427064 117
0.426823 117
0.426454 117
0.426048 117
0.425916 117
0.425536 115
0.425432 115
0.425295 115
0.425086 113
0.424704 112
0.424296 111
0.424058 111
0.423806 111
0.423547 109
0.423182 108
0.422956 108
0.422716 108
0.422655 107
0.422524 106
0.422408 106
0.422133 106
0.421895 104
0.421539 102
0.421416 101
0.421182 101
0.420861 100
0.4206 100
0.419889 100
0.419615 99
0.41922 99
0.418854 98
0.418717 94
0.418465 94
0.418391 93
0.417918 93
0.417544 93
0.417295 92
0.417045 92
0.416437 92
0.415815 92
0.415314 92
0.414959 92
0.414604 92
0.413881 90
0.41262 90
0.412488 90
0.411873 90
0.411467 88
0.411103 88
0.410848 88
0.410741 87
0.410117 86
0.409905 84
0.409528 84
0.409184 82
0.408684 81
0.408441 81
0.40794 77
0.407692 77
0.407118 76
0.406597 76
0.406347 76
0.405855 76
0.405855 75
0.405642 74
0.404783 74
0.404298 73
0.403787 73
0.40294 71
0.402457 71
0.401716 70
0.401583 70
0.401111 70
0.400756 70
0.400115 69
0.399357 69
0.398911 69
0.398648 68
0.398398 68
0.397144 67
0.396655 66
0.396268 64
0.395503 64
0.39536 64
0.394863 63
0.394497 62
0.393881 62
0.39285 62
0.392135 62
0.391866 61
0.391235 61
0.390982 60
0.390293 59
0.389985 58
0.389616 58
0.389361 58
0.388196 57
0.387815 56
0.387574 55
0.387455 55
0.386941 55
0.386447 53
0.386082 53
0.385346 52
0.384536 50
0.383108 50
0.382765 49
0.382186 48
0.381917 48
0.381421 48
0.380829 48
0.380079 46
0.379962 46
0.379459 46
0.379203 46
0.378091 45
0.377819 45
0.377105 44
0.376709 44
0.376061 44
0.375678 44
0.375169 44
0.375067 43
0.374599 42
0.374221 42
0.373538 42
0.373193 42
0.372939 42
0.372539 41
0.371552 40
0.370158 40
0.369571 38
0.369064 38
0.368593 37
0.368129 37
0.367648 37
0.366518 37
0.365735 36
0.365109 36
0.364482 35
0.363347 35
0.363098 35
0.362082 35
0.361827 35
0.361481 34
0.360948 33
0.360456 33
0.360095 33
0.359833 33
0.359178 33
0.359046 33
0.35851 33
0.357885 33
0.357034 32
0.356136 32
0.355376 32
0.35513 32
0.354099 31
0.353191 31
0.352371 30
0.35188 30
0.351736 30
0.351478 28
0.350817 28
0.350188 28
0.34944 28
0.347951 28
0.347163 28
0.346144 28
0.345646 28
0.344787 28
0.344388 28
0.344015 28
0.343011 28
0.341573 28
0.340938 28
0.340129 26
0.339525 26
0.338767 26
0.338141 26
0.337639 26
0.336313 25
0.335827 25
0.33531 25
0.334542 25
0.334286 24
0.333809 24
0.333164 24
0.332254 24
0.331874 24
0.330971 24
0.330335 24
0.329825 24
0.329047 24
0.328783 24
0.328412 24
0.327487 24
0.326606 24
0.32611 24
0.324849 24
0.324453 24
0.324111 24
0.323588 24
0.322942 24
0.3227 24
0.321956 24
0.321577 24
0.321088 24
0.3207 24
0.319693 24
0.318947 23
0.318674 23
0.318156 23
0.317154 23
0.316895 23
0.31664 23
0.315774 23
0.315327 23
0.314065 22
0.313639 21
0.312646 21
0.312002 21
0.311488 21
0.310839 21
0.310083 21
0.30958 21
0.308658 21
0.307913 21
0.307269 20
0.306716 19
0.305581 19
0.305456 19
0.304729 18
0.304081 17
0.303556 17
0.303052 16
0.30202 16
0.301148 16
0.300107 16
0.299483 16
0.298705 16
0.297447 16
0.297066 15
0.296212 15
0.295334 14
0.295219 14
0.294586 14
0.293712 14
0.292911 14
0.292161 14
0.291024 14
0.289873 14
0.289198 14
0.288296 14
0.287693 14
0.286919 14
0.286637 13
0.285538 13
0.284305 12
0.283371 11
0.282598 11
0.282217 11
0.28144 11
0.280563 11
0.279684 11
0.279152 10
0.278247 10
0.277644 10
0.277138 10
0.276618 10
0.27624 10
0.275122 10
0.27387 10
0.272867 10
0.272049 10
0.271271 10
0.270484 10
0.26968 10
0.26917 10
0.268665 10
0.267293 10
0.266664 10
0.265632 10
0.264896 10
0.264777 10
0.264035 10
0.263527 10
0.262792 10
0.262669 10
0.261501 10
0.259822 10
0.259025 10
0.257899 9
0.25737 9
0.256592 9
0.255212 9
0.254407 8
0.253132 8
0.252638 8
0.251651 7
0.251124 7
0.250089 7
0.249475 7
0.24835 7
0.246964 7
0.246592 7
0.246459 6
0.245307 6
0.24428 5
0.243358 5
0.242753 5
0.242026 5
0.241488 5
0.241114 5
0.240074 5
0.238633 5
0.236928 5
0.236405 5
0.235586 5
0.234588 5
0.234064 5
0.233051 5
0.232524 5
0.232036 5
0.231379 5
0.230962 5
0.230085 5
0.22969 5
0.228676 5
0.227918 5
0.226678 4
0.225672 4
0.224995 4
0.224486 4
0.223482 4
0.222724 4
0.221969 4
0.221316 4
0.220383 4
0.219232 4
0.218597 4
0.218076 4
0.217539 4
0.216791 4
0.216277 4
0.215163 4
0.213214 4
0.212347 4
0.211458 4
0.210826 4
0.209392 4
0.208487 4
0.207973 4
0.207182 4
0.205933 4
0.205564 4
0.205312 4
0.203998 4
0.203464 4
0.202716 4
0.201699 4
0.201432 4
0.200153 4
0.199136 4
0.198086 4
0.197723 4
0.196682 4
0.195288 4
0.194707 4
0.194321 4
0.193927 4
0.193306 4
0.192533 4
0.191489 4
0.190989 4
0.190086 4
0.188443 4
0.187685 4
0.18675 4
0.185651 3
0.185049 3
0.184648 3
0.184151 3
0.183016 3
0.182296 3
0.181507 3
0.179745 2
0.178829 2
0.177954 2
0.177073 2
0.176179 2
0.175295 2
0.174563 2
0.174295 2
0.173366 2
0.172626 2
0.172232 2
0.171213 2
0.170581 2
0.169558 2
0.168656 1
0.167522 1
0.166586 1
0.166221 1
0.165706 1
0.164585 1
0.164074 1
0.163438 1
0.162955 1
0.162335 1
0.161842 1
0.161223 1
0.160492 1
0.15972 1
0.158941 1
0.158593 1
0.157598 1
0.156941 1
0.155913 1
0.155274 1
0.154648 1
0.153641 1
0.152498 1
0.151202 1
0.150535 1
0.149637 1
0.149127 1
0.148368 1
0.14759 1
0.146953 1
0.146459 1
0.146061 1
0.145554 1
0.144898 1
0.144134 1
0.143757 1
0.14286 1
0.142079 1
0.14119 1
0.140431 1
0.139822 1
0.138623 1
0.137978 1
0.137463 1
0.136695 1
0.136088 1
0.135724 1
0.135225 1
0.134704 1
0.133773 1
0.132525 1
0.132019 1
0.131236 1
0.130732 1
0.13025 1
0.129131 1
0.128495 1
0.127734 1
0.12719 1
0.126084 1
0.125452 1
0.125079 1
0.12442 1
0.123629 1
0.123243 1
0.122369 1
0.121464 1
0.121201 1
0.120703 1
0.120238 1
0.119717 1
0.119457 1
0.119052 1
0.118624 1
0.117882 1
0.117386 1
0.116882 1
0.116366 1
0.116012 1
0.115235 1
0.114578 1
0.113964 1
0.113184 1
0.112137 1
0.111736 1
0.111125 1
0.110338 1
0.109463 1
0.108285 1
0.107521 1
0.107281 1
0.106782 1
0.105742 1
0.105094 1
0.104701 1
0.10408 1
0.103589 1
0.102971 1
0.102717 1
0.101822 1
0.100956 1
0.100589 1
0.0998468 1
0.0994676 1
0.0988093 1
0.0979041 1
0.0972232 1
0.0968579 1
0.0966186 1
0.0954493 1
0.0950917 1
0.0943126 1
0.0937896 1
0.0931633 1
0.0923745 1
0.091389 1
0.0906099 1
0.0904945 1
0.0900772 1
0.0894798 1
0.0892328 1
0.088842 1
0.0883392 1
0.0877334 1
0.0872205 1
0.0868248 1
0.0860427 1
0.0857901 1
0.085158 1
0.0847764 1
0.0842565 1
0.0839805 1
0.0832094 1
0.0826829 1
0.0819375 1
0.0816753 1
0.0813108 1
0.0805456 1
0.079899 1
0.0796393 1
0.0790166 1
0.0788798 1
0.0781244 1
0.0773849 1
0.0767487 1
0.0765006 1
0.0762444 1
0.075856 1
0.0753545 1
0.0745964 1
0.0740712 1
0.0738192 1
0.0730564 1
0.0725501 1
0.0719158 1
0.0715396 1
0.0709235 1
0.0705434 1
0.0702947 1
0.0699141 1
0.0696664 1
0.0694192 1
0.0689114 1
0.0684236 1
0.0681599 1
0.0679088 1
0.0675237 1
0.0670212 1
0.0661963 1
0.0657017 1
0.0653196 1
0.064537 1
0.0642949 1
0.0633985 1
0.0628886 1
0.0624057 1
0.0617512 1
0.0609634 1
0.0606934 1
0.0599401 1
0.0595653 1
0.0589336 1
0.0585533 1
0.0578871 1
0.0572418 1
0.0565817 1
0.0558258 1
0.0554373 1
0.0549065 1
0.0547718 1
0.0543698 1
0.0538583 1
0.0534532 1
0.0528312 1
0.0523133 1
0.0521743 1
0.0512657 1
0.0506272 1
0.0502315 1
0.0495979 1
0.0493356 1
0.0489296 1
0.0487985 1
0.048423 1
0.0475021 1
0.0473794 1
0.0469854 1
0.0464771 1
0.0459584 1
0.0452109 1
0.0445761 1
0.0441981 1
0.044078 1
0.0436059 1
0.0429751 1
0.0424908 1
0.0423555 1
0.0422319 1
0.0421005 1
0.0413158 1
0.0411933 1
0.040949 1
0.0408277 1
0.0403033 1
0.0400542 1
0.0399151 1
0.0395309 1
0.0388873 1
0.0387525 1
0.0383775 1
0.0382503 1
0.0379912 1
0.0372471 1
0.0369864 1
0.0361978 1
0.0360728 1
0.0355775 1
0.0353216 1
0.0347993 1
0.03454 1
0.0339038 1
0.033535 1
0.0334099 1
0.0332884 1
0.0330364 1
0.0329096 1
0.0322658 1
0.0320344 1
0.0318952 1
0.0316339 1
0.0314952 1
0.0313677 1
0.0312443 1
0.030861 1
0.0306109 1
0.0303466 1
0.0301062 1
0.0296173 1
0.0292221 1
0.0289701 1
0.0285909 1
0.0282313 0
0.0281078 0
0.0278432 0
0.0273281 0
0.0270738 0
0.0266966 0
0.0265674 0
0.0262917 0
0.0260404 0
0.0259062 0
0.0257725 0
0.0255067 0
0.0251235 0
0.024865 0
0.0245021 0
0.0243716 0
0.0239885 0
0.0238627 0
0.02335 0
0.0229546 0
0.022825 0
0.0226913 0
0.0224407 0
0.0219389 0
0.0214415 0
0.0213058 0
0.0211713 0
0.020663 0
0.0204022 0
0.0202866 0
0.0201577 0
0.0199003 0
0.0197752 0
0.0196372 0
0.0195062 0
0.0192485 0
0.0191252 0
0.0190007 0
0.0188739 0
0.0187419 0
0.018239 0
0.0178795 0
0.0177477 0
0.0174694 0
0.0172072 0
0.0170826 0
0.0169457 0
0.016536 0
0.0164095 0
0.0160322 0
0.0159102 0
0.0156539 0
0.0155184 0
0.0153932 0
0.0151271 0
0.0149986 0
0.014613 0
0.014487 0
0.0142383 0
0.014096 0
0.0139724 0
0.0137106 0
0.0135762 0
0.0134449 0
0.0133097 0
0.0130638 0
0.0127866 0
0.012659 0
0.0125442 0
0.0124263 0
0.0121647 0
0.0120367 0
0.0119054 0
0.0116674 0
0.0114043 0
0.0111507 0
0.0108855 0
0.0107525 0
0.0106236 0
0.0104944 0
0.010355 0
0.0102262 0
0.0101008 0
0.00997304 0
0.00971938 0
0.0095829 0
0.00944445 0
0.00905771 0
0.00894503 0
0.00873106 0
0.00859855 0
0.00845965 0
0.00833162 0
0.00820763 0
0.0080787 0
0.00794824 0
0.00781902 0
0.0076833 0
0.00742001 0
0.00728577 0
0.00715509 0
0.00701085 0
0.00688318 0
0.00675686 0
0.00663389 0
0.00650857 0
0.00638121 0
0.00624768 0
0.00613084 0
0.0060124 0
0.00587198 0
0.00563261 0
0.00550651 0
0.00537843 0
0.00525728 0
0.00513316 0
0.00501332 0
0.00488152 0
0.00449337 0
0.00436157 0
0.004238 0
0.00397186 0
0.00383837 0
0.00370718 0
0.00357191 0
0.00345057 0
0.00318339 0
0.00305192 0
0.00291761 0
0.00278897 0
0.00253552 0
0.00240656 0
0.00227145 0
0.00215511 0
0.00201666 0
0.00188994 0
0.00163704 0
0.00149726 0
0.00124407 0
0.00111718 0
0.00100941 0
0.000877114 0
0.00075268 0
0.000624375 0
0.000502307 0
0.000374857 0
0.000245358 0
0.000121955 0
0 0
