0.671243 323 -0.9
0.671243 322 -0.67
0.671243 321 -0.38
0.67105 321 -0.36
0.670857 321 -0.25
0.670857 320 -0.24
0.670663 320 -0.18
0.670663 319 -0.16
0.670663 318 -0.07
0.670663 317 -0.06
0.670663 316 -0.01
0.670663 315 0.05
0.670663 314 0.08
0.670663 313 0.16
0.670663 312 0.24
0.670663 311 0.25
0.670663 310 0.28
0.670663 309 0.3
0.67047 309 0.35
0.670277 309 0.37
0.670083 309 0.4
0.66989 309 0.41
0.66989 308 0.48
0.66989 307 0.51
0.66989 306 0.52
0.66989 305 0.53
0.66989 304 0.55
0.669696 304 0.56
0.669696 303 0.57
0.669503 301 0.66
0.66931 300 0.69
0.669116 299 0.73
0.669116 298 0.83
0.668923 298 0.85
0.668729 298 0.86
0.668729 297 0.87
0.668729 296 0.91
0.668536 296 0.95
0.668343 296 0.96
0.668343 295 0.97
0.668149 294 1
0.667956 293 1.02
0.667956 292 1.03
0.667763 292 1.04
0.667569 292 1.05
0.667569 291 1.06
0.667569 290 1.09
0.667376 290 1.1
0.667376 289 1.11
0.667182 288 1.14
0.667182 286 1.16
0.667182 285 1.17
0.667182 284 1.18
0.666796 284 1.19
0.666602 284 1.22
0.666602 283 1.23
0.666409 282 1.25
0.666409 281 1.27
0.666409 280 1.31
0.666409 279 1.32
0.666409 278 1.34
0.666409 277 1.37
0.666409 276 1.38
0.666409 275 1.4
0.666215 275 1.45
0.666022 275 1.46
0.665829 275 1.47
0.665829 274 1.48
0.665829 273 1.5
0.665829 271 1.54
0.665635 270 1.55
0.665635 269 1.57
0.665249 269 1.58
0.665055 269 1.6
0.664862 268 1.64
0.664668 267 1.68
0.664668 266 1.69
0.664668 265 1.71
0.664668 263 1.76
0.664668 262 1.77
0.664668 261 1.78
0.664475 259 1.81
0.664282 259 1.82
0.664282 257 1.83
0.664282 256 1.84
0.664088 254 1.85
0.663895 254 1.86
0.663701 254 1.89
0.663701 253 1.91
0.663508 251 1.92
0.663508 250 1.93
0.663508 248 1.95
0.663508 247 1.96
0.663315 245 1.97
0.663121 245 1.99
0.662928 244 2
0.662734 242 2.03
0.662734 241 2.04
0.662541 240 2.08
0.662348 239 2.09
0.662154 239 2.1
0.662154 238 2.11
0.661961 238 2.12
0.661768 238 2.13
0.661187 236 2.14
0.661187 235 2.16
0.661187 233 2.18
0.660801 232 2.19
0.660801 231 2.2
0.660607 231 2.21
0.660414 231 2.22
0.660414 230 2.25
0.66022 230 2.26
0.660027 229 2.28
0.659834 229 2.3
0.659834 228 2.32
0.65964 227 2.33
0.659447 227 2.35
0.659254 227 2.36
0.65906 227 2.39
0.65906 226 2.4
0.658673 226 2.41
0.658287 224 2.42
0.658287 223 2.43
0.658287 222 2.47
0.6579 222 2.48
0.657706 222 2.49
0.656933 222 2.51
0.656933 221 2.52
0.656933 220 2.53
0.65674 220 2.54
0.656546 219 2.55
0.656159 219 2.57
0.655773 219 2.58
0.655773 218 2.6
0.655579 216 2.61
0.655386 215 2.63
0.655192 215 2.64
0.655192 213 2.66
0.655192 211 2.7
0.654999 210 2.71
0.654806 209 2.72
0.654806 208 2.73
0.654419 208 2.75
0.654225 208 2.76
0.653839 206 2.77
0.653645 206 2.78
0.653452 206 2.79
0.653259 206 2.8
0.653065 206 2.81
0.652678 204 2.83
0.652485 204 2.85
0.652098 204 2.87
0.651518 204 2.88
0.651325 204 2.9
0.651131 202 2.91
0.650938 200 2.92
0.650938 199 2.95
0.650551 199 2.96
0.650164 199 2.97
0.649971 199 2.98
0.649778 199 2.99
0.649584 198 3
0.649197 198 3.01
0.649197 197 3.02
0.648811 197 3.03
0.648424 197 3.04
0.648037 197 3.06
0.648037 196 3.08
0.64765 194 3.09
0.647457 194 3.1
0.647264 194 3.11
0.647264 192 3.12
0.647264 191 3.13
0.64707 191 3.15
0.646683 190 3.16
0.646683 189 3.17
0.64649 189 3.2
0.64591 189 3.21
0.645523 188 3.22
0.644363 186 3.23
0.643976 186 3.25
0.643589 185 3.27
0.643009 183 3.29
0.643009 182 3.3
0.643009 180 3.31
0.642622 180 3.33
0.642236 179 3.34
0.642236 178 3.35
0.641849 177 3.36
0.641462 176 3.37
0.640882 176 3.38
0.640882 175 3.39
0.640495 174 3.4
0.639915 174 3.41
0.639335 172 3.42
0.639335 170 3.43
0.638755 168 3.44
0.638561 167 3.45
0.638368 166 3.46
0.638368 165 3.47
0.638174 165 3.48
0.637788 163 3.49
0.637788 162 3.5
0.637401 161 3.51
0.637208 160 3.52
0.637208 158 3.53
0.636627 156 3.55
0.636434 156 3.56
0.636047 155 3.57
0.636047 153 3.58
0.635854 152 3.59
0.63566 152 3.6
0.635274 152 3.61
0.635274 151 3.62
0.634887 151 3.64
0.634887 148 3.65
0.634693 145 3.66
0.6345 144 3.67
0.634307 143 3.68
0.63392 142 3.69
0.633727 142 3.7
0.63276 142 3.71
0.632566 140 3.72
0.631986 139 3.73
0.631599 138 3.74
0.631406 138 3.75
0.631406 137 3.76
0.631019 137 3.77
0.630439 135 3.78
0.629859 135 3.79
0.629665 135 3.8
0.629472 134 3.81
0.629279 133 3.82
0.629085 133 3.83
0.628892 133 3.84
0.628699 133 3.85
0.628699 132 3.86
0.628505 132 3.87
0.627925 129 3.88
0.627538 128 3.89
0.627345 128 3.9
0.626765 128 3.92
0.625991 127 3.93
0.625411 127 3.95
0.624637 124 3.96
0.624444 124 3.97
0.624251 122 3.98
0.624251 121 3.99
0.623864 121 4
0.623477 119 4.01
0.623284 119 4.02
0.622704 118 4.04
0.622317 118 4.05
0.621737 118 4.06
0.621737 116 4.07
0.62135 116 4.08
0.620963 116 4.09
0.620963 115 4.1
0.620576 114 4.11
0.620383 113 4.12
0.619609 113 4.13
0.619416 113 4.14
0.619029 113 4.15
0.618642 111 4.16
0.618449 111 4.17
0.617675 110 4.18
0.617482 109 4.19
0.616902 108 4.2
0.616515 106 4.21
0.615548 105 4.22
0.614775 104 4.23
0.614775 102 4.24
0.614581 102 4.25
0.613614 100 4.26
0.613034 99 4.27
0.611487 99 4.28
0.610714 98 4.29
0.610327 98 4.3
0.610133 98 4.31
0.609553 98 4.32
0.608586 98 4.33
0.608006 98 4.34
0.606846 98 4.35
0.606459 98 4.36
0.605879 98 4.37
0.605492 97 4.38
0.605299 97 4.39
0.605105 95 4.4
0.604525 94 4.41
0.603945 94 4.42
0.603558 94 4.43
0.602591 94 4.44
0.602011 92 4.45
0.601624 92 4.46
0.600658 92 4.47
0.600271 90 4.48
0.600077 90 4.49
0.598917 90 4.5
0.59795 89 4.51
0.59737 88 4.52
0.596983 87 4.53
0.595823 86 4.54
0.595629 85 4.55
0.595243 82 4.56
0.594082 82 4.57
0.593502 82 4.58
0.593115 82 4.59
0.592342 82 4.6
0.592149 81 4.61
0.591955 81 4.62
0.590795 81 4.63
0.589635 81 4.64
0.588474 80 4.65
0.587507 80 4.66
0.58712 80 4.67
0.58596 80 4.68
0.58538 80 4.69
0.584413 80 4.7
0.584026 79 4.71
0.583253 79 4.72
0.583059 78 4.73
0.582092 78 4.74
0.581126 76 4.75
0.580352 74 4.76
0.579385 74 4.77
0.578998 73 4.78
0.578805 72 4.79
0.578225 72 4.8
0.577064 72 4.81
0.576291 71 4.82
0.57455 70 4.83
0.57397 70 4.84
0.573583 70 4.85
0.573197 70 4.86
0.572036 70 4.87
0.571069 70 4.88
0.570876 69 4.89
0.570296 69 4.9
0.569329 68 4.91
0.568749 68 4.92
0.567395 68 4.93
0.567008 68 4.94
0.566235 66 4.95
0.565848 66 4.96
0.565461 66 4.97
0.564688 65 4.98
0.564108 62 4.99
0.563141 61 5
0.562754 61 5.01
0.56198 61 5.02
0.561013 60 5.03
0.560433 59 5.04
0.56024 58 5.05
0.55966 58 5.06
0.558693 58 5.07
0.558499 56 5.08
0.557532 56 5.09
0.557146 55 5.1
0.556179 53 5.11
0.555985 53 5.12
0.555792 53 5.13
0.555018 53 5.14
0.554438 53 5.15
0.553665 52 5.16
0.551344 52 5.17
0.550184 52 5.18
0.549797 52 5.19
0.549023 51 5.2
0.548443 51 5.21
0.547863 51 5.22
0.547283 51 5.23
0.546896 51 5.24
0.546509 51 5.25
0.545156 51 5.26
0.544382 51 5.27
0.543028 51 5.28
0.542255 51 5.29
0.540901 51 5.3
0.539934 50 5.31
0.539547 50 5.32
0.539354 49 5.33
0.538967 48 5.34
0.538387 47 5.35
0.536647 47 5.36
0.53626 47 5.37
0.53568 46 5.38
0.534519 46 5.39
0.533746 46 5.4
0.532972 45 5.41
0.532392 45 5.42
0.531812 45 5.43
0.530845 44 5.44
0.530265 44 5.45
0.529491 44 5.46
0.528138 44 5.47
0.527171 44 5.48
0.526204 44 5.49
0.525624 44 5.5
0.52427 44 5.51
0.52311 44 5.52
0.522723 44 5.53
0.521563 44 5.54
0.521369 44 5.55
0.521176 43 5.56
0.520789 42 5.57
0.520209 42 5.58
0.518855 42 5.59
0.517501 42 5.6
0.516148 41 5.61
0.514794 41 5.62
0.51402 40 5.63
0.51344 39 5.64
0.512087 39 5.65
0.5117 38 5.66
0.511313 38 5.67
0.51112 38 5.68
0.510153 38 5.69
0.509573 38 5.7
0.508606 37 5.71
0.507832 37 5.72
0.507059 37 5.73
0.506672 37 5.74
0.506092 37 5.75
0.505318 36 5.76
0.504545 36 5.77
0.503191 36 5.78
0.502611 34 5.79
0.502417 34 5.8
0.502031 33 5.81
0.50145 32 5.82
0.500677 31 5.83
0.50029 31 5.84
0.499517 31 5.85
0.498743 31 5.86
0.497969 31 5.87
0.497389 31 5.88
0.496036 31 5.89
0.494682 31 5.9
0.494102 31 5.91
0.493328 31 5.92
0.492361 31 5.93
0.491394 31 5.94
0.490814 30 5.95
0.489847 30 5.96
0.488494 30 5.97
0.486753 30 5.98
0.486366 30 5.99
0.485399 30 6
0.484432 29 6.01
0.483659 28 6.02
0.482499 28 6.03
0.481918 28 6.04
0.481338 28 6.05
0.479985 27 6.06
0.479211 26 6.07
0.478244 25 6.08
0.477471 25 6.09
0.477084 25 6.1
0.47631 25 6.11
0.475537 25 6.12
0.475343 25 6.13
0.474956 25 6.14
0.473409 25 6.15
0.472249 25 6.16
0.471089 25 6.17
0.468962 25 6.18
0.467801 25 6.19
0.466834 24 6.2
0.466254 24 6.21
0.465287 24 6.22
0.464707 24 6.23
0.463547 24 6.24
0.462967 24 6.25
0.462773 24 6.26
0.462 23 6.27
0.461419 22 6.28
0.460453 22 6.29
0.460066 22 6.3
0.458905 22 6.31
0.457939 22 6.32
0.457358 22 6.33
0.456005 22 6.34
0.454651 21 6.35
0.454071 21 6.36
0.453877 21 6.37
0.453684 21 6.38
0.45233 21 6.39
0.450783 21 6.4
0.450203 20 6.41
0.449623 20 6.42
0.448076 20 6.43
0.446722 20 6.44
0.445562 20 6.45
0.444401 20 6.46
0.443628 20 6.47
0.442854 19 6.48
0.441501 19 6.49
0.440921 19 6.5
0.439567 19 6.51
0.4386 19 6.52
0.437246 19 6.53
0.436086 19 6.54
0.434926 19 6.55
0.433572 19 6.56
0.432798 18 6.57
0.431831 18 6.58
0.430864 18 6.59
0.429898 18 6.6
0.429317 17 6.61
0.427964 17 6.62
0.426417 17 6.63
0.424869 17 6.64
0.423516 17 6.65
0.422936 17 6.66
0.421969 17 6.67
0.420615 17 6.68
0.420422 17 6.69
0.419261 17 6.7
0.416747 17 6.71
0.415974 17 6.72
0.415394 17 6.73
0.41404 17 6.74
0.413073 17 6.75
0.412106 17 6.76
0.410946 17 6.77
0.409785 17 6.78
0.408432 17 6.79
0.406111 17 6.8
0.405337 16 6.81
0.404757 15 6.82
0.40379 15 6.83
0.403017 15 6.84
0.401083 14 6.85
0.400696 14 6.86
0.399729 14 6.87
0.398569 14 6.88
0.397215 14 6.89
0.396442 14 6.9
0.394701 14 6.91
0.393734 14 6.92
0.392961 14 6.93
0.39122 14 6.94
0.390253 14 6.95
0.389286 14 6.96
0.388319 14 6.97
0.387159 14 6.98
0.385612 14 6.99
0.384839 14 7
0.383098 13 7.01
0.381938 13 7.02
0.380197 13 7.03
0.37923 13 7.04
0.379037 13 7.05
0.377296 13 7.06
0.37633 13 7.07
0.375363 13 7.08
0.374396 12 7.09
0.373622 12 7.1
0.372462 12 7.11
0.370915 12 7.12
0.370335 12 7.13
0.369754 12 7.14
0.368401 11 7.15
0.367434 11 7.16
0.367047 11 7.17
0.365887 11 7.18
0.36492 11 7.19
0.363373 11 7.2
0.362599 10 7.21
0.360472 10 7.22
0.359505 10 7.23
0.358151 10 7.24
0.355831 10 7.25
0.353897 9 7.26
0.353317 9 7.27
0.352543 9 7.28
0.350803 9 7.29
0.349836 9 7.3
0.349255 9 7.31
0.348482 8 7.32
0.347128 8 7.33
0.346161 8 7.34
0.344421 8 7.35
0.343067 8 7.36
0.3421 8 7.37
0.341133 8 7.38
0.339006 7 7.39
0.337652 6 7.4
0.336105 6 7.41
0.334365 6 7.42
0.333978 6 7.43
0.332624 6 7.44
0.330884 5 7.45
0.32953 5 7.46
0.328563 5 7.47
0.328176 5 7.48
0.327403 5 7.49
0.326436 5 7.5
0.325469 5 7.51
0.324889 5 7.52
0.323728 5 7.53
0.323342 5 7.54
0.322568 5 7.55
0.321214 5 7.56
0.320054 5 7.57
0.319087 5 7.58
0.317347 5 7.59
0.3158 5 7.6
0.315219 5 7.61
0.313479 5 7.62
0.312705 5 7.63
0.310965 5 7.64
0.310385 5 7.65
0.309611 5 7.66
0.308838 5 7.67
0.308258 5 7.68
0.306324 5 7.69
0.304583 5 7.7
0.302843 5 7.71
0.301296 5 7.72
0.299555 5 7.73
0.298395 4 7.74
0.297428 4 7.75
0.296461 4 7.76
0.295881 4 7.77
0.293173 4 7.78
0.292013 4 7.79
0.289693 4 7.8
0.288726 4 7.81
0.286985 4 7.82
0.285631 4 7.83
0.284471 4 7.84
0.283891 4 7.85
0.283117 4 7.86
0.28157 4 7.87
0.28099 4 7.88
0.27983 4 7.89
0.278089 4 7.9
0.276736 4 7.91
0.275575 4 7.92
0.275189 4 7.93
0.273255 4 7.94
0.272288 4 7.95
0.271321 4 7.96
0.270354 4 7.97
0.269774 4 7.98
0.268033 4 7.99
0.267066 4 8
0.265132 4 8.01
0.264746 4 8.02
0.263972 4 8.03
0.263005 4 8.04
0.262038 4 8.05
0.261071 4 8.06
0.259911 4 8.07
0.258364 4 8.08
0.25759 4 8.09
0.25701 4 8.1
0.255657 4 8.11
0.255076 4 8.12
0.25469 4 8.13
0.253529 4 8.14
0.252562 4 8.15
0.251402 4 8.16
0.250822 4 8.17
0.249855 3 8.18
0.248888 3 8.19
0.247534 3 8.2
0.245794 3 8.21
0.244827 3 8.22
0.244247 3 8.24
0.243473 3 8.25
0.242893 3 8.26
0.241733 3 8.27
0.240379 3 8.28
0.239219 3 8.29
0.237865 3 8.3
0.237091 3 8.31
0.236125 3 8.32
0.235544 3 8.33
0.234384 3 8.34
0.233611 3 8.35
0.232837 2 8.36
0.232063 2 8.37
0.23071 2 8.38
0.229743 2 8.39
0.228776 2 8.4
0.226842 2 8.41
0.226068 2 8.42
0.224908 2 8.43
0.223941 2 8.44
0.222974 2 8.45
0.221234 2 8.46
0.21988 2 8.47
0.2193 2 8.48
0.21872 2 8.49
0.217559 2 8.5
0.216979 2 8.51
0.216206 2 8.52
0.215045 2 8.53
0.214272 2 8.54
0.213305 2 8.55
0.213112 2 8.56
0.211758 2 8.57
0.211178 2 8.58
0.20905 2 8.59
0.208084 2 8.6
0.20673 2 8.61
0.205956 2 8.62
0.20557 2 8.63
0.203829 2 8.64
0.202282 2 8.65
0.201315 2 8.66
0.200541 2 8.67
0.198801 2 8.68
0.196674 2 8.69
0.195127 2 8.7
0.194547 2 8.71
0.193386 2 8.72
0.192419 2 8.73
0.191259 2 8.74
0.189132 2 8.75
0.188745 2 8.76
0.188165 2 8.77
0.187391 2 8.78
0.186038 2 8.79
0.184684 2 8.8
0.18391 2 8.81
0.18333 2 8.82
0.182557 2 8.83
0.181009 2 8.84
0.179462 2 8.85
0.178882 2 8.86
0.177142 2 8.87
0.176368 2 8.88
0.175401 1 8.89
0.174241 1 8.9
0.173274 1 8.91
0.171727 0 8.92
0.1696 0 8.93
0.168246 0 8.94
0.166892 0 8.95
0.165925 0 8.96
0.164572 0 8.97
0.163411 0 8.98
0.162058 0 8.99
0.160317 0 9
0.159737 0 9.01
0.15819 0 9.02
0.156449 0 9.03
0.156063 0 9.04
0.155676 0 9.05
0.154902 0 9.06
0.153742 0 9.07
0.152582 0 9.08
0.151615 0 9.09
0.150648 0 9.1
0.150261 0 9.11
0.149101 0 9.12
0.148521 0 9.13
0.14736 0 9.14
0.14678 0 9.15
0.1462 0 9.16
0.14562 0 9.17
0.144653 0 9.18
0.143879 0 9.19
0.142912 0 9.2
0.141752 0 9.21
0.140012 0 9.22
0.139431 0 9.23
0.139238 0 9.24
0.138851 0 9.25
0.137691 0 9.26
0.137304 0 9.27
0.136724 0 9.28
0.13537 0 9.29
0.13479 0 9.3
0.13421 0 9.31
0.133243 0 9.32
0.132083 0 9.33
0.131889 0 9.34
0.131309 0 9.35
0.130729 0 9.36
0.129762 0 9.37
0.128408 0 9.38
0.127635 0 9.39
0.126668 0 9.4
0.125894 0 9.41
0.125508 0 9.42
0.124734 0 9.43
0.124541 0 9.44
0.12338 0 9.45
0.122413 0 9.46
0.122027 0 9.47
0.12164 0 9.48
0.12106 0 9.49
0.12048 0 9.5
0.119126 0 9.51
0.117966 0 9.52
0.117579 0 9.54
0.117385 0 9.55
0.116225 0 9.56
0.115452 0 9.57
0.114871 0 9.58
0.114098 0 9.59
0.113324 0 9.6
0.112164 0 9.61
0.11081 0 9.62
0.10965 0 9.63
0.108683 0 9.64
0.108103 0 9.65
0.107136 0 9.66
0.106556 0 9.67
0.106169 0 9.68
0.105395 0 9.69
0.104235 0 9.7
0.104042 0 9.71
0.103655 0 9.73
0.103462 0 9.74
0.103268 0 9.75
0.102108 0 9.76
0.101141 0 9.77
0.0999807 0 9.78
0.0994005 0 9.79
0.0984336 0 9.8
0.0972733 0 9.81
0.0961129 0 9.82
0.0955328 0 9.83
0.095146 0 9.84
0.0949526 0 9.85
0.0945658 0 9.86
0.0935989 0 9.87
0.0924386 0 9.88
0.0912783 0 9.89
0.0910849 0 9.9
0.090118 0 9.91
0.089151 0 9.92
0.0881841 0 9.93
0.0877973 0 9.94
0.086637 0 9.95
0.0856701 0 9.96
0.0850899 0 9.97
0.0848965 0 9.98
0.084123 0 9.99
0.0831561 0 10
0.0825759 0 10.01
0.0823825 0 10.02
0.081609 0 10.03
0.0812222 0 10.04
0.0810288 0 10.05
0.080642 0 10.06
0.0802553 0 10.07
0.0798685 0 10.08
0.0792883 0 10.1
0.0785148 0 10.11
0.0765809 0 10.12
0.0758074 0 10.13
0.0748405 0 10.14
0.0740669 0 10.15
0.0729066 0 10.16
0.0723264 0 10.17
0.0719397 0 10.18
0.0709727 0 10.19
0.0703926 0 10.2
0.0700058 0 10.21
0.0698124 0 10.22
0.0692323 0 10.23
0.0690389 0 10.24
0.0688455 0 10.25
0.0684587 0 10.26
0.0678786 0 10.27
0.067105 0 10.28
0.0669116 0 10.29
0.0665249 0 10.3
0.0649778 0 10.31
0.064591 0 10.32
0.0642042 0 10.33
0.0636241 0 10.34
0.0634307 0 10.35
0.0632373 0 10.36
0.0628505 0 10.37
0.0622704 0 10.38
0.062077 0 10.39
0.0616902 0 10.4
0.0613034 0 10.41
0.0609167 0 10.42
0.0603365 0 10.43
0.0599497 0 10.44
0.0593696 0 10.45
0.0591762 0 10.46
0.0587894 0 10.47
0.0582092 0 10.48
0.0576291 0 10.5
0.0566622 0 10.51
0.0556952 0 10.52
0.0549217 0 10.53
0.0545349 0 10.54
0.0539547 0 10.55
0.0533746 0 10.56
0.0529878 0 10.57
0.0524077 0 10.58
0.0518275 0 10.59
0.0516341 0 10.61
0.0512473 0 10.62
0.0506672 0 10.63
0.0493135 0 10.64
0.0491201 0 10.65
0.0487333 0 10.66
0.0483465 0 10.67
0.0479598 0 10.68
0.0471862 0 10.69
0.0464127 0 10.7
0.0456391 0 10.71
0.0454458 0 10.72
0.0452524 0 10.73
0.0446722 0 10.74
0.0444788 0 10.75
0.0438987 0 10.76
0.0433185 0 10.77
0.0427383 0 10.78
0.042545 0 10.79
0.0423516 0 10.8
0.0417714 0 10.82
0.0413846 0 10.83
0.0409979 0 10.84
0.0408045 0 10.85
0.0402243 0 10.86
0.0398376 0 10.87
0.0396442 0 10.88
0.0394508 0 10.89
0.0386772 0 10.9
0.0379037 0 10.91
0.0375169 0 10.92
0.0373235 0 10.93
0.0367434 0 10.95
0.0359698 0 10.96
0.0357764 0 10.97
0.0353897 0 10.98
0.0351963 0 10.99
0.0344227 0 11
0.0336492 0 11.01
0.0332624 0 11.03
0.033069 0 11.04
0.0328757 0 11.06
0.0322955 0 11.07
0.0321021 0 11.08
0.0317153 0 11.09
0.0311352 0 11.13
0.0303616 0 11.14
0.0299749 0 11.17
0.0295881 0 11.19
0.0293947 0 11.2
0.0290079 0 11.21
0.0286212 0 11.22
0.0284278 0 11.23
0.028041 0 11.25
0.0272675 0 11.26
0.0263005 0 11.28
0.0257204 0 11.29
0.025527 0 11.3
0.0251402 0 11.31
0.0249468 0 11.34
0.02456 0 11.36
0.0241733 0 11.37
0.0239799 0 11.38
0.0235931 0 11.39
0.0233997 0 11.4
0.0224328 0 11.41
0.022046 0 11.42
0.0210791 0 11.43
0.0203056 0 11.46
0.0199188 0 11.49
0.019532 0 11.5
0.0193386 0 11.51
0.0189518 0 11.52
0.0185651 0 11.53
0.0183717 0 11.54
0.0181783 0 11.55
0.0179849 0 11.57
0.0177915 0 11.58
0.0174048 0 11.59
0.0172114 0 11.61
0.0168246 0 11.62
0.0164378 0 11.65
0.0162444 0 11.66
0.0158577 0 11.67
0.0156643 0 11.68
0.0152775 0 11.7
0.0150841 0 11.71
0.0146974 0 11.73
0.0141172 0 11.76
0.0139238 0 11.77
0.0137304 0 11.78
0.013537 0 11.79
0.0133436 0 11.8
0.0131503 0 11.81
0.0127635 0 11.84
0.0125701 0 11.85
0.0123767 0 11.87
0.0119899 0 11.9
0.0117966 0 11.91
0.0116032 0 11.92
0.0114098 0 11.93
0.0112164 0 11.95
0.0108296 0 11.97
0.0104429 0 11.99
0.0102495 0 12
0.0100561 0 12.03
0.0098627 0 12.04
0.00966931 0 12.05
0.00947592 0 12.07
0.00928254 0 12.09
0.00908915 0 12.18
0.00889576 0 12.19
0.00870238 0 12.2
0.00850899 0 12.23
0.00812222 0 12.24
0.00792883 0 12.25
0.00773545 0 12.27
0.00754206 0 12.32
0.00734868 0 12.37
0.0069619 0 12.42
0.00676852 0 12.47
0.00638174 0 12.49
0.00618836 0 12.53
0.00599497 0 12.54
0.0056082 0 12.56
0.00541481 0 12.58
0.00522143 0 12.64
0.00502804 0 12.65
0.00464127 0 12.68
0.0042545 0 12.74
0.00406111 0 12.78
0.00367434 0 12.8
0.00348095 0 12.91
0.00328757 0 12.92
0.00309418 0 12.99
0.00290079 0 13.01
0.00251402 0 13.07
0.00232063 0 13.08
0.00212725 0 13.1
0.00193386 0 13.18
0.00174048 0 13.23
0.00154709 0 13.24
0.0013537 0 13.28
0.00116032 0 13.29
0.000966931 0 13.34
0.000773545 0 13.5
0.000580159 0 13.51
0.000386772 0 13.8
0.000193386 0 14.13
0 0 1.79769e+308
