0.681106 206 -0.36
0.680913 206 -0.06
0.680913 205 0.3
0.680719 205 0.37
0.680526 205 0.44
0.680526 204 0.48
0.680526 203 0.53
0.680526 202 0.56
0.680526 201 0.57
0.680333 200 0.69
0.680333 199 0.85
0.680139 199 0.86
0.680139 198 0.91
0.679946 198 0.95
0.679752 198 0.96
0.679752 197 0.97
0.679559 196 1.02
0.679559 195 1.03
0.679366 195 1.04
0.679172 195 1.06
0.679172 194 1.09
0.678979 194 1.1
0.678979 193 1.14
0.678979 192 1.17
0.678979 191 1.18
0.678786 191 1.25
0.678786 190 1.27
0.678786 189 1.31
0.678786 188 1.38
0.678786 187 1.4
0.678592 187 1.48
0.678592 186 1.55
0.678592 185 1.57
0.678399 185 1.6
0.678205 185 1.64
0.678205 184 1.71
0.678205 182 1.77
0.678205 181 1.78
0.678205 180 1.82
0.678205 179 1.83
0.678205 178 1.84
0.678012 176 1.85
0.677819 176 1.86
0.677625 176 1.89
0.677625 175 1.91
0.677625 174 1.92
0.677625 173 1.93
0.677625 172 1.95
0.677625 171 1.96
0.677432 170 1.97
0.677238 170 1.99
0.677238 169 2
0.677045 167 2.04
0.676852 166 2.08
0.676658 166 2.09
0.676465 166 2.1
0.676465 165 2.11
0.676272 165 2.12
0.676078 165 2.13
0.675691 163 2.14
0.675691 162 2.16
0.675691 160 2.18
0.675305 159 2.26
0.675305 158 2.28
0.675111 158 2.33
0.674724 158 2.36
0.674531 158 2.39
0.674531 157 2.4
0.674144 157 2.41
0.673757 157 2.43
0.673564 157 2.47
0.673177 157 2.49
0.672404 157 2.51
0.67221 156 2.52
0.67221 155 2.53
0.672017 155 2.54
0.671824 154 2.55
0.671437 154 2.57
0.67105 154 2.6
0.670857 153 2.61
0.670663 152 2.63
0.67047 152 2.64
0.67047 151 2.65
0.670277 151 2.66
0.670277 149 2.7
0.670083 148 2.71
0.670083 147 2.72
0.670083 146 2.73
0.669696 146 2.75
0.669503 146 2.76
0.66931 144 2.77
0.669116 144 2.78
0.668923 144 2.79
0.668729 144 2.8
0.668536 144 2.81
0.668343 142 2.83
0.667763 142 2.85
0.667569 142 2.87
0.666989 142 2.88
0.666796 142 2.9
0.666602 141 2.91
0.666215 141 2.92
0.666215 140 2.95
0.665829 140 2.96
0.665635 140 2.97
0.665442 140 2.98
0.665249 140 2.99
0.665055 139 3
0.664862 139 3.01
0.664862 138 3.02
0.664475 138 3.03
0.664282 138 3.04
0.664088 138 3.06
0.664088 137 3.08
0.663701 136 3.09
0.663508 136 3.11
0.663508 135 3.12
0.663508 134 3.13
0.663315 134 3.15
0.662928 134 3.2
0.662348 134 3.21
0.661961 133 3.22
0.660801 131 3.23
0.660414 131 3.25
0.660027 131 3.27
0.659447 130 3.29
0.659447 129 3.3
0.659447 127 3.31
0.659254 127 3.33
0.658867 126 3.34
0.658867 125 3.35
0.65848 124 3.36
0.658093 123 3.37
0.657513 123 3.38
0.657126 122 3.39
0.65674 121 3.4
0.656353 121 3.41
0.655773 120 3.42
0.655773 119 3.43
0.655192 118 3.45
0.655192 117 3.46
0.655192 116 3.47
0.654999 116 3.48
0.654806 115 3.49
0.654612 115 3.5
0.654032 115 3.51
0.653839 114 3.52
0.653839 112 3.53
0.653259 110 3.55
0.653065 110 3.56
0.652678 109 3.57
0.652678 107 3.58
0.652485 107 3.59
0.652292 107 3.6
0.651905 107 3.61
0.651905 106 3.62
0.651518 106 3.63
0.651325 106 3.64
0.651325 105 3.65
0.651131 102 3.66
0.651131 101 3.67
0.650938 100 3.68
0.650551 100 3.69
0.650358 100 3.7
0.649391 100 3.71
0.649197 99 3.72
0.648811 98 3.73
0.648424 97 3.74
0.648231 97 3.75
0.648231 96 3.76
0.647844 96 3.77
0.647844 95 3.78
0.647457 95 3.79
0.647264 95 3.8
0.647264 94 3.81
0.64707 93 3.82
0.646877 93 3.83
0.646683 93 3.84
0.64649 93 3.85
0.646297 92 3.86
0.646103 92 3.87
0.645523 89 3.88
0.645136 88 3.89
0.644943 88 3.9
0.644169 88 3.91
0.643976 88 3.92
0.643202 87 3.93
0.643009 87 3.95
0.642622 84 3.96
0.642429 84 3.97
0.642236 82 3.98
0.642236 81 3.99
0.641849 81 4
0.641462 80 4.01
0.641269 80 4.02
0.640688 80 4.04
0.640302 80 4.05
0.639915 80 4.06
0.639722 79 4.07
0.639335 79 4.08
0.638755 79 4.09
0.638561 78 4.1
0.638174 78 4.11
0.637788 78 4.12
0.637401 78 4.13
0.637208 78 4.14
0.636821 78 4.15
0.636434 76 4.16
0.636047 76 4.17
0.635274 76 4.18
0.63508 75 4.19
0.634307 75 4.2
0.63392 75 4.21
0.633146 74 4.22
0.632566 73 4.23
0.632566 71 4.24
0.632373 71 4.25
0.631793 69 4.26
0.631213 68 4.27
0.629859 68 4.28
0.629279 68 4.29
0.629085 68 4.3
0.628892 68 4.31
0.628118 68 4.32
0.627151 68 4.33
0.626571 68 4.34
0.625991 68 4.35
0.625798 68 4.36
0.625218 68 4.37
0.625218 67 4.39
0.625024 65 4.4
0.624444 65 4.41
0.623864 65 4.42
0.623284 65 4.43
0.62251 65 4.44
0.621737 64 4.45
0.62135 64 4.46
0.620383 64 4.47
0.619996 63 4.48
0.619803 63 4.49
0.618449 63 4.5
0.617482 62 4.51
0.616709 62 4.52
0.616128 61 4.53
0.614968 61 4.54
0.614775 60 4.55
0.614388 57 4.56
0.613034 57 4.57
0.612454 57 4.58
0.612067 57 4.59
0.611294 57 4.6
0.6111 57 4.62
0.610133 57 4.63
0.608973 57 4.64
0.607813 57 4.65
0.607039 57 4.66
0.606846 57 4.67
0.606072 57 4.68
0.605686 57 4.69
0.604912 57 4.7
0.604719 56 4.71
0.603945 56 4.72
0.603752 55 4.73
0.602785 55 4.74
0.601624 54 4.75
0.600851 52 4.76
0.599884 52 4.77
0.599497 51 4.78
0.599304 50 4.79
0.598724 50 4.8
0.597563 50 4.81
0.596983 50 4.82
0.595823 49 4.83
0.595243 49 4.84
0.594856 49 4.85
0.594469 49 4.86
0.593502 49 4.87
0.592535 49 4.88
0.592149 48 4.89
0.591375 48 4.9
0.590795 47 4.91
0.590215 47 4.92
0.588668 47 4.93
0.588281 47 4.94
0.587507 46 4.95
0.58712 46 4.96
0.586734 46 4.97
0.585767 46 4.98
0.58538 45 4.99
0.584606 45 5
0.584413 45 5.01
0.58364 45 5.02
0.582673 44 5.03
0.582092 44 5.04
0.581899 43 5.05
0.581512 43 5.06
0.580545 43 5.07
0.580545 41 5.08
0.579192 41 5.09
0.578805 41 5.1
0.578031 40 5.11
0.577838 40 5.12
0.577645 40 5.13
0.576871 40 5.14
0.576291 40 5.15
0.575517 39 5.16
0.573777 39 5.17
0.572423 39 5.18
0.571843 39 5.19
0.571069 38 5.2
0.570489 38 5.21
0.569909 38 5.22
0.569329 38 5.23
0.569136 38 5.24
0.568749 38 5.25
0.567588 38 5.26
0.566815 38 5.27
0.565461 38 5.28
0.564688 38 5.29
0.563141 38 5.3
0.562367 38 5.31
0.561787 38 5.32
0.5614 37 5.33
0.561013 36 5.34
0.560433 36 5.35
0.558886 36 5.36
0.558499 36 5.37
0.557919 35 5.38
0.556759 35 5.39
0.555985 35 5.4
0.555212 35 5.41
0.554438 35 5.42
0.554051 35 5.43
0.552891 34 5.44
0.552311 34 5.45
0.551344 34 5.46
0.550184 34 5.47
0.549217 34 5.48
0.54825 34 5.49
0.54767 34 5.5
0.546316 34 5.51
0.544769 34 5.52
0.544382 34 5.53
0.543222 34 5.54
0.542835 34 5.55
0.542255 34 5.56
0.541481 33 5.57
0.540708 33 5.58
0.539354 33 5.59
0.538194 33 5.6
0.53742 33 5.61
0.53626 33 5.62
0.535486 32 5.63
0.534906 31 5.64
0.533553 31 5.65
0.533166 30 5.66
0.532972 30 5.67
0.532392 30 5.68
0.531425 30 5.69
0.530845 30 5.7
0.529878 29 5.71
0.529105 29 5.72
0.528331 29 5.73
0.528138 29 5.74
0.527751 29 5.75
0.526977 28 5.76
0.526591 28 5.77
0.525237 28 5.78
0.524463 26 5.79
0.523883 26 5.8
0.523496 25 5.81
0.522916 25 5.82
0.522143 24 5.83
0.521756 24 5.84
0.520982 24 5.85
0.520209 24 5.86
0.519629 24 5.87
0.519049 24 5.88
0.517695 24 5.89
0.516921 24 5.9
0.516341 24 5.91
0.515568 24 5.92
0.514407 24 5.93
0.513634 24 5.94
0.513054 24 5.95
0.512087 24 5.96
0.510926 24 5.97
0.509186 24 5.98
0.508799 24 5.99
0.507832 24 6
0.507252 23 6.01
0.506478 22 6.02
0.505125 22 6.03
0.504545 22 6.04
0.503964 22 6.05
0.502997 21 6.06
0.502224 20 6.07
0.501837 19 6.08
0.501257 19 6.09
0.500677 19 6.1
0.499903 19 6.11
0.499323 19 6.12
0.498743 19 6.13
0.49855 19 6.14
0.497196 19 6.15
0.496036 19 6.16
0.494875 19 6.17
0.493135 19 6.18
0.492361 19 6.19
0.491201 18 6.2
0.490814 18 6.21
0.490041 18 6.22
0.48946 18 6.23
0.488494 18 6.24
0.48772 18 6.25
0.487527 18 6.26
0.48656 17 6.27
0.48598 16 6.28
0.485013 16 6.29
0.484626 16 6.3
0.483465 16 6.31
0.482692 16 6.32
0.481918 16 6.33
0.480565 16 6.34
0.479018 16 6.35
0.478437 16 6.36
0.478244 16 6.37
0.478051 16 6.38
0.476697 16 6.39
0.47515 16 6.4
0.47457 15 6.41
0.47399 15 6.42
0.472442 15 6.43
0.471089 15 6.44
0.469928 15 6.45
0.468962 15 6.46
0.467995 15 6.47
0.467221 14 6.48
0.466061 14 6.49
0.465287 14 6.5
0.463933 14 6.51
0.462773 14 6.52
0.461806 14 6.53
0.460646 14 6.54
0.459486 14 6.55
0.458132 14 6.56
0.457165 13 6.57
0.456198 13 6.58
0.455231 13 6.59
0.454071 13 6.6
0.453297 13 6.61
0.451944 13 6.62
0.450203 13 6.63
0.448849 13 6.64
0.447496 13 6.65
0.446915 13 6.66
0.445755 13 6.67
0.444401 13 6.68
0.444208 13 6.69
0.443241 13 6.7
0.440727 13 6.71
0.440147 13 6.72
0.439373 13 6.73
0.43802 13 6.74
0.437246 13 6.75
0.435892 13 6.76
0.434732 13 6.77
0.433572 13 6.78
0.432218 13 6.79
0.429898 13 6.8
0.428931 12 6.81
0.42835 12 6.82
0.427383 12 6.83
0.42661 12 6.84
0.424289 12 6.85
0.423903 12 6.86
0.422742 12 6.87
0.421389 12 6.88
0.420035 12 6.89
0.419261 12 6.9
0.417521 12 6.91
0.416554 12 6.92
0.415587 12 6.93
0.413653 12 6.94
0.413073 12 6.95
0.412106 12 6.96
0.410946 12 6.97
0.409592 12 6.98
0.407851 12 6.99
0.406885 12 7
0.405337 11 7.01
0.403984 11 7.02
0.402243 11 7.03
0.40147 11 7.04
0.401276 11 7.05
0.399536 11 7.06
0.398569 11 7.07
0.397602 11 7.08
0.396635 11 7.09
0.395862 11 7.1
0.394508 11 7.11
0.392961 11 7.12
0.392574 11 7.13
0.391994 11 7.14
0.390447 10 7.15
0.389673 10 7.16
0.389286 10 7.17
0.388126 10 7.18
0.387159 10 7.19
0.385419 10 7.2
0.384452 9 7.21
0.382518 9 7.22
0.381551 9 7.23
0.380004 9 7.24
0.377296 9 7.25
0.375363 8 7.26
0.374976 8 7.27
0.374009 8 7.28
0.372268 8 7.29
0.371301 8 7.3
0.370721 8 7.31
0.369948 7 7.32
0.368594 7 7.33
0.367627 7 7.34
0.36608 7 7.35
0.364726 7 7.36
0.363759 7 7.37
0.362599 7 7.38
0.360472 6 7.39
0.359312 5 7.4
0.357764 5 7.41
0.356217 5 7.42
0.355637 5 7.43
0.354284 5 7.44
0.352736 4 7.45
0.351383 4 7.46
0.350222 4 7.47
0.349836 4 7.48
0.348869 4 7.49
0.347902 4 7.5
0.346935 4 7.51
0.346355 4 7.52
0.345001 4 7.53
0.344614 4 7.54
0.344034 4 7.55
0.342487 4 7.56
0.341327 4 7.57
0.340553 4 7.58
0.338813 4 7.59
0.337266 4 7.6
0.336685 4 7.61
0.335138 4 7.62
0.334365 4 7.63
0.332431 4 7.64
0.331657 4 7.65
0.330884 4 7.66
0.329723 4 7.67
0.329143 4 7.68
0.327016 4 7.69
0.325469 4 7.7
0.323342 4 7.71
0.321795 4 7.72
0.319861 4 7.73
0.318507 3 7.74
0.31754 3 7.75
0.316767 3 7.76
0.316186 3 7.77
0.313286 3 7.78
0.312125 3 7.79
0.309611 3 7.8
0.308838 3 7.81
0.307097 3 7.82
0.305744 3 7.83
0.304003 3 7.84
0.303616 3 7.85
0.302843 3 7.86
0.301296 3 7.87
0.300716 3 7.88
0.299555 3 7.89
0.298008 3 7.9
0.296654 3 7.91
0.295494 3 7.92
0.294914 3 7.93
0.29298 3 7.94
0.292013 3 7.95
0.29124 3 7.96
0.290079 3 7.97
0.289112 3 7.98
0.287372 3 7.99
0.286405 3 8
0.284471 3 8.01
0.284084 3 8.02
0.283311 3 8.03
0.28215 3 8.04
0.281377 3 8.05
0.28041 3 8.06
0.279443 3 8.07
0.277703 3 8.08
0.276542 3 8.09
0.275769 3 8.1
0.274222 3 8.11
0.273641 3 8.12
0.273061 3 8.13
0.271901 3 8.14
0.270741 3 8.15
0.26958 3 8.16
0.269 3 8.17
0.267453 2 8.18
0.266486 2 8.19
0.265326 2 8.2
0.263779 2 8.21
0.262812 2 8.22
0.262232 2 8.23
0.261845 2 8.24
0.261265 2 8.25
0.260685 2 8.26
0.259331 2 8.27
0.257977 2 8.28
0.256817 2 8.29
0.255463 2 8.3
0.254496 2 8.31
0.253529 2 8.32
0.252756 2 8.33
0.251595 2 8.34
0.250822 2 8.35
0.249855 2 8.36
0.249081 2 8.37
0.247148 2 8.38
0.245987 2 8.39
0.245214 2 8.4
0.24328 2 8.41
0.242313 2 8.42
0.241153 2 8.43
0.240186 2 8.44
0.239219 2 8.45
0.237478 2 8.46
0.236125 2 8.47
0.235738 2 8.48
0.234964 2 8.49
0.233997 2 8.5
0.233417 2 8.51
0.232644 2 8.52
0.231096 2 8.53
0.230323 2 8.54
0.229356 2 8.55
0.229163 2 8.56
0.228002 2 8.57
0.227422 2 8.58
0.225295 2 8.59
0.224328 2 8.6
0.222974 2 8.61
0.222007 2 8.62
0.221621 2 8.63
0.21988 2 8.64
0.218333 2 8.65
0.217173 2 8.66
0.216399 2 8.67
0.214852 2 8.68
0.212725 2 8.69
0.210984 2 8.7
0.210211 2 8.71
0.208664 2 8.72
0.207503 2 8.73
0.20615 2 8.74
0.204216 2 8.75
0.203829 2 8.76
0.203056 2 8.77
0.202282 2 8.78
0.201122 2 8.79
0.199768 2 8.8
0.198994 2 8.81
0.198414 2 8.82
0.197641 2 8.83
0.196094 2 8.84
0.19474 2 8.85
0.19416 2 8.86
0.192419 2 8.87
0.191646 2 8.88
0.190485 1 8.89
0.189325 1 8.9
0.188358 1 8.91
0.186618 0 8.92
0.184297 0 8.93
0.18275 0 8.94
0.181396 0 8.95
0.180429 0 8.96
0.179076 0 8.97
0.177915 0 8.98
0.176368 0 8.99
0.174241 0 9
0.173274 0 9.01
0.171727 0 9.02
0.169793 0 9.03
0.169406 0 9.04
0.168826 0 9.05
0.167859 0 9.06
0.166312 0 9.07
0.164958 0 9.08
0.163798 0 9.09
0.162831 0 9.1
0.162444 0 9.11
0.161284 0 9.12
0.160704 0 9.13
0.159544 0 9.14
0.158963 0 9.15
0.15819 0 9.16
0.157416 0 9.17
0.156256 0 9.18
0.155482 0 9.19
0.154516 0 9.2
0.152968 0 9.21
0.151228 0 9.22
0.150648 0 9.23
0.150454 0 9.24
0.150261 0 9.25
0.149294 0 9.26
0.148907 0 9.27
0.148327 0 9.28
0.146974 0 9.29
0.1462 0 9.3
0.145426 0 9.31
0.144653 0 9.32
0.143493 0 9.33
0.143299 0 9.34
0.142719 0 9.35
0.142139 0 9.36
0.141172 0 9.37
0.139818 0 9.38
0.139045 0 9.39
0.138078 0 9.4
0.137111 0 9.41
0.136724 0 9.42
0.135757 0 9.43
0.135564 0 9.44
0.13421 0 9.45
0.133243 0 9.46
0.132663 0 9.47
0.132276 0 9.48
0.131503 0 9.49
0.130729 0 9.5
0.129375 0 9.51
0.128022 0 9.52
0.127635 0 9.53
0.127442 0 9.54
0.127248 0 9.55
0.126281 0 9.56
0.125508 0 9.57
0.124927 0 9.58
0.123961 0 9.59
0.123187 0 9.6
0.122027 0 9.61
0.120673 0 9.62
0.119319 0 9.63
0.118352 0 9.64
0.117772 0 9.65
0.116612 0 9.66
0.116032 0 9.67
0.115258 0 9.68
0.114485 0 9.69
0.113131 0 9.7
0.112744 0 9.71
0.111971 0 9.73
0.111584 0 9.74
0.11139 0 9.75
0.110037 0 9.76
0.10907 0 9.77
0.107909 0 9.78
0.107329 0 9.79
0.106362 0 9.8
0.105009 0 9.81
0.103655 0 9.82
0.103075 0 9.83
0.102688 0 9.84
0.102495 0 9.85
0.102108 0 9.86
0.101141 0 9.87
0.0995939 0 9.88
0.0982402 0 9.89
0.0980468 0 9.9
0.0970799 0 9.91
0.0961129 0 9.92
0.095146 0 9.93
0.0947592 0 9.94
0.0935989 0 9.95
0.092632 0 9.96
0.0920518 0 9.97
0.0918584 0 9.98
0.0910849 0 9.99
0.0897312 0 10
0.0887643 0 10.01
0.0883775 0 10.02
0.0876039 0 10.03
0.0872172 0 10.04
0.0870238 0 10.05
0.086637 0 10.06
0.0862502 0 10.07
0.0856701 0 10.08
0.0850899 0 10.1
0.0843164 0 10.11
0.0823825 0 10.12
0.0814156 0 10.13
0.0804487 0 10.14
0.0796751 0 10.15
0.0785148 0 10.16
0.0777412 0 10.17
0.0771611 0 10.18
0.0761942 0 10.19
0.0758074 0 10.2
0.0754206 0 10.21
0.0752272 0 10.22
0.0746471 0 10.23
0.0744537 0 10.24
0.0742603 0 10.25
0.0738735 0 10.26
0.0732934 0 10.27
0.0727132 0 10.28
0.0725198 0 10.29
0.072133 0 10.3
0.070586 0 10.31
0.0701992 0 10.32
0.069619 0 10.33
0.0688455 0 10.34
0.0686521 0 10.36
0.0682653 0 10.37
0.0676852 0 10.38
0.0674918 0 10.39
0.067105 0 10.4
0.0667182 0 10.41
0.0663315 0 10.42
0.0657513 0 10.43
0.0653645 0 10.44
0.064591 0 10.45
0.0643976 0 10.46
0.0638174 0 10.47
0.0632373 0 10.48
0.0626571 0 10.5
0.0616902 0 10.51
0.0607233 0 10.52
0.0597563 0 10.53
0.0591762 0 10.54
0.058596 0 10.55
0.0580159 0 10.56
0.0574357 0 10.57
0.0568555 0 10.58
0.0562754 0 10.59
0.056082 0 10.61
0.0556952 0 10.62
0.0551151 0 10.63
0.0539547 0 10.64
0.0537614 0 10.65
0.0533746 0 10.66
0.0529878 0 10.67
0.052601 0 10.68
0.0518275 0 10.69
0.051054 0 10.7
0.050087 0 10.71
0.0498936 0 10.72
0.0497003 0 10.73
0.0491201 0 10.74
0.0489267 0 10.75
0.0483465 0 10.76
0.0477664 0 10.77
0.0469928 0 10.78
0.0467995 0 10.79
0.0466061 0 10.8
0.0460259 0 10.82
0.0456391 0 10.83
0.0452524 0 10.84
0.045059 0 10.85
0.0444788 0 10.86
0.0440921 0 10.87
0.0435119 0 10.88
0.0433185 0 10.89
0.042545 0 10.9
0.0417714 0 10.91
0.0413846 0 10.92
0.0409979 0 10.93
0.0404177 0 10.95
0.0396442 0 10.96
0.0394508 0 10.97
0.039064 0 10.98
0.0388706 0 10.99
0.0380971 0 11
0.0373235 0 11.01
0.0369368 0 11.03
0.0367434 0 11.04
0.0363566 0 11.05
0.0361632 0 11.06
0.0355831 0 11.07
0.0353897 0 11.08
0.0350029 0 11.09
0.0344227 0 11.13
0.0336492 0 11.14
0.0332624 0 11.15
0.033069 0 11.17
0.0326823 0 11.19
0.0324889 0 11.2
0.0321021 0 11.21
0.0317153 0 11.22
0.0315219 0 11.23
0.0311352 0 11.25
0.0303616 0 11.26
0.0292013 0 11.28
0.0286212 0 11.29
0.0284278 0 11.3
0.028041 0 11.31
0.0278476 0 11.34
0.0274608 0 11.36
0.0270741 0 11.37
0.0268807 0 11.38
0.0264939 0 11.39
0.0263005 0 11.4
0.0253336 0 11.41
0.0247534 0 11.42
0.0237865 0 11.43
0.023013 0 11.45
0.0228196 0 11.46
0.0224328 0 11.49
0.022046 0 11.5
0.0218526 0 11.51
0.0214659 0 11.52
0.0210791 0 11.53
0.0208857 0 11.54
0.0204989 0 11.55
0.0203056 0 11.57
0.0201122 0 11.58
0.0197254 0 11.59
0.019532 0 11.61
0.0191452 0 11.62
0.0185651 0 11.65
0.0183717 0 11.66
0.0179849 0 11.67
0.0177915 0 11.68
0.0174048 0 11.7
0.0172114 0 11.71
0.0168246 0 11.73
0.0162444 0 11.76
0.0160511 0 11.77
0.0158577 0 11.78
0.0156643 0 11.79
0.0154709 0 11.8
0.0152775 0 11.81
0.0148907 0 11.84
0.014504 0 11.85
0.0143106 0 11.87
0.0139238 0 11.9
0.013537 0 11.91
0.0133436 0 11.92
0.0131503 0 11.93
0.0129569 0 11.95
0.0125701 0 11.96
0.0123767 0 11.97
0.0119899 0 11.99
0.0117966 0 12
0.0116032 0 12.03
0.0114098 0 12.04
0.0112164 0 12.05
0.0108296 0 12.07
0.0106362 0 12.09
0.0104429 0 12.13
0.0102495 0 12.18
0.0100561 0 12.19
0.0098627 0 12.2
0.00966931 0 12.23
0.00928254 0 12.24
0.00908915 0 12.25
0.00889576 0 12.27
0.00870238 0 12.32
0.00850899 0 12.37
0.00812222 0 12.38
0.00792883 0 12.39
0.00773545 0 12.42
0.00754206 0 12.47
0.00715529 0 12.49
0.0069619 0 12.53
0.00676852 0 12.54
0.00638174 0 12.56
0.00618836 0 12.58
0.00599497 0 12.64
0.00580159 0 12.65
0.00541481 0 12.68
0.00502804 0 12.74
0.00483465 0 12.78
0.00444788 0 12.8
0.0042545 0 12.91
0.00406111 0 12.92
0.00386772 0 12.99
0.00348095 0 13.01
0.00309418 0 13.07
0.00290079 0 13.08
0.00270741 0 13.1
0.00251402 0 13.11
0.00232063 0 13.18
0.00212725 0 13.23
0.00193386 0 13.24
0.00174048 0 13.28
0.00154709 0 13.29
0.0013537 0 13.34
0.00116032 0 13.49
0.000966931 0 13.5
0.000773545 0 13.51
0.000580159 0 13.8
0.000386772 0 13.86
0.000193386 0 14.13
0 0 1.79769e+308
