0.691742 156 106.29
0.691742 155 106.43
0.691742 154 106.51
0.691549 154 106.53
0.691549 153 106.54
0.691549 152 106.55
0.691549 151 106.59
0.691549 150 106.61
0.691549 148 106.62
0.691356 148 106.63
0.691162 147 106.66
0.691162 146 106.67
0.691162 145 106.69
0.690969 145 106.7
0.690775 144 106.72
0.690582 143 106.73
0.690389 143 106.76
0.690195 143 106.79
0.690002 143 106.8
0.689422 143 106.83
0.689228 143 106.85
0.689035 143 106.86
0.688842 142 106.87
0.688842 141 106.89
0.688842 140 106.9
0.688648 139 106.91
0.688455 138 106.92
0.688261 138 106.93
0.688068 137 106.94
0.687681 137 106.95
0.687488 137 106.96
0.687101 137 106.97
0.686714 134 106.98
0.686328 131 106.99
0.685941 131 107.01
0.685747 129 107.02
0.685747 128 107.03
0.685361 125 107.04
0.685361 124 107.05
0.685167 123 107.06
0.684974 120 107.07
0.684974 119 107.08
0.6842 119 107.1
0.6842 118 107.11
0.684007 117 107.12
0.683814 117 107.13
0.683233 116 107.14
0.68304 115 107.15
0.682653 115 107.16
0.682266 114 107.17
0.68188 113 107.18
0.681493 111 107.19
0.681106 111 107.2
0.680333 110 107.21
0.679366 107 107.22
0.678786 105 107.23
0.678399 105 107.24
0.677625 104 107.25
0.677432 102 107.26
0.676852 101 107.27
0.676078 100 107.28
0.675885 99 107.29
0.674531 97 107.3
0.673757 95 107.31
0.673177 92 107.32
0.67221 89 107.33
0.672017 88 107.34
0.671437 88 107.35
0.670857 87 107.36
0.670083 84 107.37
0.668923 83 107.38
0.667763 83 107.39
0.667569 83 107.4
0.667376 81 107.41
0.667182 81 107.42
0.666409 80 107.43
0.665829 79 107.44
0.665442 78 107.45
0.664282 77 107.46
0.663315 76 107.47
0.662348 76 107.48
0.661768 74 107.49
0.661187 71 107.5
0.66022 70 107.51
0.659254 69 107.52
0.65848 69 107.53
0.657706 68 107.54
0.65674 68 107.55
0.655773 67 107.56
0.655192 66 107.57
0.654225 65 107.58
0.652872 65 107.59
0.651711 65 107.6
0.650164 63 107.61
0.649197 63 107.62
0.647844 63 107.63
0.64649 63 107.64
0.64591 60 107.65
0.644943 60 107.66
0.643783 59 107.67
0.642236 59 107.68
0.641462 58 107.69
0.640495 58 107.7
0.638561 58 107.71
0.636434 58 107.72
0.634307 58 107.73
0.632953 56 107.74
0.631019 55 107.75
0.629665 54 107.76
0.628118 53 107.77
0.624637 53 107.78
0.623284 53 107.79
0.62193 53 107.8
0.62077 53 107.81
0.619416 53 107.82
0.618062 51 107.83
0.615355 51 107.84
0.614581 50 107.85
0.613034 49 107.86
0.611294 47 107.87
0.6082 47 107.88
0.606266 47 107.89
0.603172 46 107.9
0.601818 44 107.91
0.600271 44 107.92
0.59853 44 107.93
0.596403 41 107.94
0.594663 38 107.95
0.592535 38 107.96
0.589054 36 107.97
0.588087 36 107.98
0.585573 34 107.99
0.582673 34 108
0.579965 32 108.01
0.577645 30 108.02
0.575324 30 108.03
0.573583 29 108.04
0.571456 27 108.05
0.569716 26 108.06
0.565268 26 108.07
0.563334 26 108.08
0.562367 26 108.09
0.56082 26 108.1
0.559079 25 108.11
0.556952 24 108.12
0.554632 24 108.13
0.550957 23 108.14
0.54709 23 108.15
0.545156 23 108.16
0.543028 21 108.17
0.539741 21 108.18
0.536453 20 108.19
0.533359 20 108.2
0.531038 20 108.21
0.528331 19 108.22
0.52485 19 108.23
0.521369 19 108.24
0.518855 18 108.25
0.515374 18 108.26
0.512087 17 108.27
0.509766 16 108.28
0.507639 16 108.29
0.503964 15 108.3
0.501064 15 108.31
0.497969 15 108.32
0.494875 15 108.33
0.491588 14 108.34
0.489074 13 108.35
0.484626 13 108.36
0.481338 13 108.37
0.478437 13 108.38
0.474956 13 108.39
0.471089 12 108.4
0.468575 12 108.41
0.4649 11 108.42
0.461806 11 108.43
0.458712 11 108.44
0.455618 11 108.45
0.45233 11 108.46
0.449043 11 108.47
0.444401 10 108.48
0.441307 10 108.49
0.4386 9 108.5
0.435506 9 108.51
0.431638 9 108.52
0.428157 8 108.53
0.424869 8 108.54
0.419648 8 108.55
0.415394 7 108.56
0.411913 6 108.57
0.407078 6 108.58
0.404177 6 108.59
0.399342 6 108.6
0.397409 6 108.61
0.394895 6 108.62
0.39006 6 108.63
0.386966 6 108.64
0.381744 6 108.65
0.378263 5 108.66
0.372849 5 108.67
0.367434 5 108.68
0.363566 4 108.69
0.360085 3 108.7
0.357571 3 108.71
0.35525 3 108.72
0.350609 2 108.73
0.347902 2 108.74
0.343841 2 108.75
0.339586 2 108.76
0.335525 2 108.77
0.329917 2 108.78
0.325276 2 108.79
0.320634 2 108.8
0.317153 2 108.81
0.311739 2 108.82
0.307291 2 108.83
0.302263 2 108.84
0.297428 2 108.85
0.293367 2 108.86
0.289306 2 108.87
0.284858 2 108.88
0.280603 2 108.89
0.276542 1 108.9
0.272094 1 108.91
0.269194 0 108.92
0.265906 0 108.93
0.261071 0 108.94
0.25759 0 108.95
0.252949 0 108.96
0.248308 0 108.97
0.244053 0 108.98
0.239219 0 108.99
0.235931 0 109
0.23245 0 109.01
0.228969 0 109.02
0.225102 0 109.03
0.222588 0 109.04
0.217946 0 109.05
0.215045 0 109.06
0.209631 0 109.07
0.205183 0 109.08
0.202669 0 109.09
0.199188 0 109.1
0.196094 0 109.11
0.192999 0 109.12
0.190099 0 109.13
0.187391 0 109.14
0.184684 0 109.15
0.181783 0 109.16
0.176562 0 109.17
0.172694 0 109.18
0.17076 0 109.19
0.169213 0 109.2
0.166699 0 109.21
0.163411 0 109.22
0.160704 0 109.23
0.157803 0 109.24
0.155676 0 109.25
0.153162 0 109.26
0.151421 0 109.27
0.148134 0 109.28
0.146587 0 109.29
0.142139 0 109.3
0.137498 0 109.31
0.13479 0 109.32
0.131503 0 109.33
0.129762 0 109.34
0.126475 0 109.35
0.124541 0 109.36
0.12222 0 109.37
0.118739 0 109.38
0.116805 0 109.39
0.114678 0 109.4
0.11139 0 109.41
0.109263 0 109.42
0.106943 0 109.43
0.103462 0 109.44
0.102688 0 109.45
0.0992071 0 109.46
0.0974666 0 109.47
0.0957262 0 109.48
0.0924386 0 109.49
0.0903114 0 109.5
0.0889576 0 109.51
0.0860569 0 109.52
0.0835428 0 109.53
0.080642 0 109.54
0.078128 0 109.55
0.0760008 0 109.56
0.0736801 0 109.57
0.072133 0 109.58
0.070586 0 109.59
0.0700058 0 109.6
0.0688455 0 109.61
0.0676852 0 109.62
0.067105 0 109.63
0.064591 0 109.64
0.0628505 0 109.65
0.0616902 0 109.66
0.0599497 0 109.67
0.0584026 0 109.68
0.0570489 0 109.69
0.0553085 0 109.7
0.0529878 0 109.71
0.0512473 0 109.72
0.0497003 0 109.73
0.0483465 0 109.74
0.0466061 0 109.75
0.0454458 0 109.76
0.0444788 0 109.77
0.0429317 0 109.78
0.0413846 0 109.79
0.0402243 0 109.8
0.0392574 0 109.81
0.0382905 0 109.82
0.0371301 0 109.83
0.0359698 0 109.84
0.0355831 0 109.85
0.0342294 0 109.86
0.0324889 0 109.87
0.0315219 0 109.88
0.0309418 0 109.89
0.030555 0 109.9
0.0299749 0 109.91
0.0290079 0 109.92
0.028041 0 109.93
0.0266873 0 109.94
0.0261071 0 109.95
0.0253336 0 109.96
0.0239799 0 109.97
0.0233997 0 109.98
0.023013 0 109.99
0.0214659 0 110
0.0210791 0 110.01
0.0204989 0 110.02
0.0187585 0 110.03
0.0175981 0 110.04
0.0174048 0 110.05
0.0164378 0 110.06
0.0160511 0 110.07
0.0156643 0 110.08
0.0150841 0 110.09
0.0146974 0 110.1
0.0139238 0 110.11
0.013537 0 110.12
0.0123767 0 110.13
0.0121833 0 110.14
0.0117966 0 110.15
0.0114098 0 110.16
0.011023 0 110.17
0.0108296 0 110.2
0.0104429 0 110.21
0.0100561 0 110.22
0.00966931 0 110.23
0.00928254 0 110.24
0.00908915 0 110.25
0.00870238 0 110.26
0.00831561 0 110.27
0.00812222 0 110.28
0.00773545 0 110.29
0.00734868 0 110.3
0.00715529 0 110.31
0.00657513 0 110.32
0.00638174 0 110.33
0.00618836 0 110.35
0.00580159 0 110.36
0.0056082 0 110.38
0.00541481 0 110.39
0.00483465 0 110.4
0.00444788 0 110.41
0.0042545 0 110.42
0.00386772 0 110.43
0.00328757 0 110.44
0.00309418 0 110.46
0.00290079 0 110.47
0.00270741 0 110.5
0.00251402 0 110.51
0.00212725 0 110.54
0.00174048 0 110.56
0.0013537 0 110.7
0.00116032 0 110.71
0.000966931 0 110.76
0.000773545 0 110.89
0.000580159 0 110.9
0.000386772 0 110.92
0.000193386 0 111.01
0 0 1.79769e+308
