0.195127 2 1.16
0.194933 2 1.35
0.19474 2 1.39
0.194547 2 1.4
0.194353 2 1.47
0.19416 2 1.48
0.193966 2 1.49
0.193773 2 1.5
0.19358 2 1.52
0.193386 2 1.54
0.193193 2 1.55
0.192999 2 1.62
0.192613 2 1.64
0.192226 2 1.66
0.192032 2 1.68
0.191839 2 1.7
0.191452 2 1.74
0.191259 2 1.78
0.191066 2 1.79
0.190872 2 1.81
0.190679 2 1.83
0.190485 2 1.84
0.190292 2 1.85
0.190099 2 1.87
0.189905 2 1.88
0.189712 2 1.9
0.189518 2 1.95
0.189132 2 1.96
0.188938 2 1.98
0.188745 2 1.99
0.188552 2 2
0.188358 2 2.03
0.188165 2 2.04
0.187971 2 2.07
0.187778 2 2.09
0.187585 2 2.14
0.187198 2 2.16
0.186811 2 2.17
0.186618 2 2.18
0.186424 2 2.2
0.186231 2 2.22
0.185651 2 2.23
0.185264 2 2.24
0.184877 2 2.27
0.184684 2 2.28
0.184104 2 2.3
0.183717 2 2.31
0.183523 2 2.32
0.183137 2 2.33
0.18275 2 2.35
0.182363 2 2.38
0.18217 2 2.39
0.181783 2 2.4
0.18159 2 2.42
0.181009 2 2.43
0.180816 2 2.44
0.180623 2 2.45
0.180043 2 2.46
0.179269 2 2.47
0.179076 2 2.48
0.178689 2 2.49
0.177335 2 2.5
0.177142 2 2.51
0.176755 2 2.53
0.175401 2 2.54
0.174821 2 2.55
0.174241 2 2.56
0.173274 2 2.57
0.173081 2 2.58
0.1725 2 2.59
0.172114 2 2.6
0.17192 2 2.61
0.17076 2 2.62
0.17018 2 2.63
0.169986 2 2.65
0.169793 2 2.66
0.169406 2 2.67
0.16902 1 2.68
0.168826 1 2.7
0.168633 1 2.72
0.168439 1 2.73
0.167859 1 2.74
0.167472 1 2.75
0.167086 1 2.76
0.166119 1 2.77
0.165925 1 2.78
0.165152 1 2.79
0.164765 1 2.8
0.164572 1 2.81
0.163411 1 2.82
0.162831 1 2.83
0.162251 1 2.84
0.161671 1 2.85
0.161091 1 2.86
0.15993 1 2.87
0.15935 1 2.88
0.159157 1 2.89
0.158383 1 2.9
0.157997 1 2.91
0.157223 1 2.92
0.156643 1 2.93
0.156449 1 2.94
0.156256 1 2.95
0.155482 1 2.96
0.154709 1 2.97
0.153549 1 2.98
0.152582 1 2.99
0.151615 1 3
0.150648 1 3.01
0.149488 1 3.02
0.148521 1 3.03
0.14736 1 3.04
0.14678 0 3.05
0.146587 0 3.06
0.146393 0 3.07
0.145426 0 3.08
0.144266 0 3.09
0.143879 0 3.1
0.142526 0 3.11
0.142332 0 3.12
0.141172 0 3.13
0.140012 0 3.14
0.139045 0 3.15
0.138271 0 3.17
0.137691 0 3.18
0.137304 0 3.19
0.137111 0 3.2
0.136724 0 3.21
0.136337 0 3.22
0.13595 0 3.23
0.13537 0 3.24
0.13421 0 3.25
0.134017 0 3.26
0.132856 0 3.27
0.131309 0 3.28
0.129956 0 3.29
0.129182 0 3.3
0.128602 0 3.31
0.128022 0 3.32
0.127635 0 3.33
0.126475 0 3.34
0.126088 0 3.36
0.125508 0 3.37
0.125121 0 3.38
0.124347 0 3.39
0.123767 0 3.41
0.123187 0 3.42
0.121833 0 3.43
0.121447 0 3.44
0.12106 0 3.45
0.119706 0 3.46
0.118739 0 3.47
0.117966 0 3.48
0.117385 0 3.49
0.116999 0 3.5
0.116805 0 3.51
0.116612 0 3.52
0.115838 0 3.53
0.115065 0 3.54
0.114291 0 3.55
0.113711 0 3.56
0.112938 0 3.57
0.111971 0 3.58
0.111197 0 3.59
0.110037 0 3.6
0.109263 0 3.61
0.10907 0 3.62
0.106749 0 3.63
0.105589 0 3.64
0.104622 0 3.65
0.104042 0 3.66
0.103462 0 3.67
0.102301 0 3.68
0.102108 0 3.69
0.100948 0 3.7
0.100174 0 3.71
0.0990137 0 3.72
0.0982402 0 3.73
0.0972733 0 3.74
0.0955328 0 3.75
0.0947592 0 3.76
0.0943725 0 3.77
0.0941791 0 3.78
0.0934055 0 3.79
0.0918584 0 3.8
0.0910849 0 3.81
0.0905047 0 3.82
0.0899246 0 3.83
0.0897312 0 3.84
0.0893444 0 3.85
0.089151 0 3.86
0.0885709 0 3.87
0.0879907 0 3.88
0.0868304 0 3.89
0.0854767 0 3.9
0.0848965 0 3.91
0.0845098 0 3.93
0.0839296 0 3.94
0.0835428 0 3.95
0.0829627 0 3.96
0.0825759 0 3.97
0.0819957 0 3.98
0.0812222 0 3.99
0.0808354 0 4
0.0804487 0 4.01
0.0796751 0 4.02
0.0789016 0 4.03
0.0787082 0 4.04
0.0775479 0 4.05
0.0767743 0 4.06
0.0758074 0 4.07
0.0754206 0 4.08
0.0740669 0 4.09
0.0734868 0 4.1
0.072133 0 4.11
0.0711661 0 4.12
0.0707793 0 4.13
0.0700058 0 4.14
0.0692323 0 4.15
0.0674918 0 4.16
0.0667182 0 4.17
0.0661381 0 4.18
0.0659447 0 4.19
0.0653645 0 4.2
0.064591 0 4.21
0.0642042 0 4.22
0.0636241 0 4.23
0.0630439 0 4.24
0.0622704 0 4.25
0.0614968 0 4.26
0.06111 0 4.27
0.0605299 0 4.28
0.0601431 0 4.29
0.0597563 0 4.3
0.0595629 0 4.31
0.0584026 0 4.32
0.0574357 0 4.33
0.0570489 0 4.34
0.056082 0 4.35
0.0558886 0 4.36
0.0556952 0 4.37
0.0551151 0 4.38
0.0541481 0 4.39
0.0537614 0 4.4
0.0531812 0 4.41
0.0524077 0 4.42
0.0514407 0 4.43
0.051054 0 4.44
0.050087 0 4.45
0.0495069 0 4.46
0.0487333 0 4.47
0.0485399 0 4.48
0.0483465 0 4.49
0.0477664 0 4.5
0.0473796 0 4.51
0.0458325 0 4.52
0.045059 0 4.53
0.0448656 0 4.54
0.0437053 0 4.55
0.042545 0 4.56
0.0421582 0 4.57
0.0408045 0 4.58
0.0400309 0 4.59
0.0394508 0 4.6
0.0382905 0 4.61
0.0379037 0 4.62
0.0375169 0 4.64
0.0369368 0 4.65
0.0357764 0 4.66
0.0348095 0 4.67
0.0346161 0 4.68
0.0338426 0 4.69
0.0334558 0 4.7
0.0332624 0 4.71
0.0328757 0 4.72
0.0326823 0 4.73
0.0315219 0 4.74
0.0307484 0 4.75
0.030555 0 4.76
0.0303616 0 4.78
0.0299749 0 4.79
0.0295881 0 4.8
0.0286212 0 4.81
0.0282344 0 4.82
0.0276542 0 4.83
0.0270741 0 4.84
0.0266873 0 4.85
0.0259137 0 4.86
0.0251402 0 4.87
0.0243667 0 4.88
0.0237865 0 4.89
0.0235931 0 4.9
0.0228196 0 4.91
0.0226262 0 4.92
0.022046 0 4.93
0.0216593 0 4.94
0.0214659 0 4.95
0.0208857 0 4.96
0.0204989 0 4.97
0.0203056 0 4.98
0.0201122 0 4.99
0.0197254 0 5
0.019532 0 5.01
0.0193386 0 5.03
0.0189518 0 5.05
0.0187585 0 5.07
0.0183717 0 5.08
0.0177915 0 5.09
0.0172114 0 5.1
0.017018 0 5.11
0.0164378 0 5.12
0.0160511 0 5.13
0.0156643 0 5.14
0.0154709 0 5.15
0.0150841 0 5.16
0.0146974 0 5.17
0.0143106 0 5.18
0.0141172 0 5.19
0.0133436 0 5.2
0.0131503 0 5.21
0.0129569 0 5.23
0.0127635 0 5.24
0.0125701 0 5.25
0.0123767 0 5.26
0.0121833 0 5.29
0.0119899 0 5.3
0.0116032 0 5.31
0.0114098 0 5.32
0.0112164 0 5.35
0.011023 0 5.37
0.0108296 0 5.39
0.0106362 0 5.4
0.0102495 0 5.44
0.0098627 0 5.45
0.00966931 0 5.46
0.00908915 0 5.49
0.00889576 0 5.53
0.00870238 0 5.55
0.00831561 0 5.56
0.00792883 0 5.57
0.00773545 0 5.66
0.00734868 0 5.68
0.00715529 0 5.69
0.0069619 0 5.71
0.00676852 0 5.72
0.00657513 0 5.73
0.00638174 0 5.77
0.00618836 0 5.78
0.00599497 0 5.81
0.00580159 0 5.82
0.0056082 0 5.85
0.00541481 0 5.88
0.00522143 0 5.91
0.00483465 0 5.96
0.00464127 0 5.98
0.00444788 0 6.06
0.0042545 0 6.07
0.00406111 0 6.1
0.00386772 0 6.11
0.00367434 0 6.13
0.00328757 0 6.15
0.00290079 0 6.16
0.00270741 0 6.2
0.00251402 0 6.28
0.00212725 0 6.29
0.00193386 0 6.32
0.00174048 0 6.37
0.00154709 0 6.43
0.0013537 0 6.46
0.00116032 0 6.51
0.000966931 0 6.53
0.000773545 0 6.61
0.000580159 0 6.67
0.000386772 0 7.1
0.000193386 0 7.51
0 0 1.79769e+308
