0.624637 60 106.46
0.624444 60 106.64
0.624251 60 106.68
0.624057 60 106.81
0.623864 60 106.84
0.623864 59 106.95
0.623477 59 106.96
0.623477 58 106.98
0.623477 55 107.02
0.623284 55 107.03
0.62309 55 107.05
0.622897 54 107.06
0.62251 54 107.07
0.622317 54 107.08
0.622123 53 107.1
0.622123 52 107.12
0.621737 52 107.14
0.621156 52 107.15
0.62077 52 107.16
0.620576 52 107.17
0.619996 52 107.18
0.619609 52 107.19
0.619416 52 107.21
0.619416 51 107.22
0.619416 50 107.23
0.619029 50 107.24
0.618449 48 107.27
0.617675 48 107.28
0.617095 48 107.29
0.616902 48 107.3
0.616322 46 107.31
0.615161 46 107.32
0.614968 46 107.33
0.614775 44 107.34
0.614195 43 107.35
0.613421 43 107.37
0.612647 43 107.38
0.611874 43 107.39
0.610907 43 107.4
0.610327 43 107.41
0.60994 43 107.42
0.609747 43 107.43
0.608586 43 107.44
0.6082 43 107.45
0.607426 42 107.46
0.606846 42 107.47
0.605492 42 107.48
0.604525 42 107.49
0.604138 40 107.5
0.603752 40 107.51
0.602978 39 107.52
0.602398 38 107.53
0.601431 38 107.54
0.600464 38 107.55
0.599497 38 107.56
0.597563 38 107.57
0.596596 38 107.58
0.596016 38 107.59
0.594469 37 107.6
0.593309 37 107.61
0.591568 37 107.62
0.590215 36 107.63
0.587894 36 107.64
0.58654 36 107.65
0.58538 36 107.66
0.58422 36 107.67
0.582286 35 107.68
0.581126 34 107.69
0.579772 34 107.7
0.578418 34 107.71
0.577258 33 107.72
0.576097 32 107.73
0.575324 32 107.74
0.574357 32 107.75
0.57281 32 107.76
0.570683 32 107.77
0.569716 32 107.78
0.568555 31 107.79
0.566428 31 107.8
0.564688 30 107.81
0.562947 30 107.82
0.562174 30 107.83
0.56024 30 107.84
0.558306 29 107.85
0.556565 29 107.86
0.555599 29 107.87
0.553665 29 107.88
0.551537 29 107.89
0.54999 29 107.9
0.547863 28 107.91
0.546703 27 107.92
0.543995 27 107.93
0.542061 26 107.94
0.539354 26 107.95
0.53684 26 107.96
0.5351 25 107.97
0.532392 24 107.98
0.530265 21 107.99
0.528718 20 108
0.526591 20 108.01
0.52485 19 108.02
0.521563 19 108.03
0.520209 19 108.04
0.517888 19 108.05
0.514794 19 108.06
0.512667 18 108.07
0.509573 18 108.08
0.507059 18 108.09
0.504351 17 108.1
0.500677 17 108.11
0.49855 17 108.12
0.496616 17 108.13
0.493908 16 108.14
0.490427 14 108.15
0.485593 14 108.16
0.482499 12 108.17
0.478824 12 108.18
0.47631 12 108.19
0.471282 12 108.2
0.469348 12 108.21
0.465481 12 108.22
0.46258 11 108.23
0.459679 11 108.24
0.455811 11 108.25
0.451363 11 108.26
0.448849 11 108.27
0.445368 11 108.28
0.440727 11 108.29
0.438213 10 108.3
0.434345 9 108.31
0.430864 9 108.32
0.42777 9 108.33
0.42545 9 108.34
0.421582 9 108.35
0.418101 8 108.36
0.416167 8 108.37
0.412106 8 108.38
0.407851 8 108.39
0.404757 8 108.4
0.40147 8 108.41
0.399149 8 108.42
0.396828 8 108.43
0.392574 8 108.44
0.388706 8 108.45
0.385225 8 108.46
0.381551 8 108.47
0.377296 8 108.48
0.373622 8 108.49
0.371108 7 108.5
0.36666 6 108.51
0.363759 6 108.52
0.358538 5 108.53
0.35525 4 108.54
0.350416 4 108.55
0.346935 4 108.56
0.344034 4 108.57
0.340553 4 108.58
0.337459 4 108.59
0.331851 4 108.6
0.327983 4 108.61
0.323148 4 108.62
0.319474 4 108.63
0.315219 4 108.64
0.308258 4 108.65
0.304777 3 108.66
0.301876 3 108.67
0.297428 3 108.68
0.293367 2 108.69
0.290466 2 108.7
0.286405 2 108.71
0.283891 2 108.72
0.279443 2 108.73
0.275575 2 108.74
0.271321 2 108.75
0.267453 2 108.76
0.263199 2 108.77
0.259331 2 108.78
0.25527 2 108.79
0.252369 2 108.8
0.249662 2 108.81
0.246954 2 108.82
0.242893 2 108.83
0.240186 2 108.84
0.237091 2 108.85
0.233997 1 108.86
0.229936 1 108.87
0.226455 1 108.88
0.223941 1 108.89
0.221621 0 108.9
0.217753 0 108.91
0.213885 0 108.92
0.211371 0 108.93
0.20673 0 108.94
0.202669 0 108.95
0.199768 0 108.96
0.197254 0 108.97
0.19416 0 108.98
0.191066 0 108.99
0.187391 0 109
0.183137 0 109.01
0.178495 0 109.02
0.175015 0 109.03
0.171147 0 109.04
0.168246 0 109.05
0.165925 0 109.06
0.162638 0 109.07
0.159544 0 109.08
0.154902 0 109.09
0.152582 0 109.1
0.150454 0 109.11
0.148714 0 109.12
0.146393 0 109.13
0.144459 0 109.14
0.141945 0 109.15
0.139045 0 109.16
0.136337 0 109.17
0.13305 0 109.18
0.131503 0 109.19
0.129956 0 109.2
0.128602 0 109.21
0.126088 0 109.22
0.123767 0 109.23
0.122027 0 109.24
0.118546 0 109.25
0.115452 0 109.26
0.112551 0 109.27
0.11139 0 109.28
0.109457 0 109.29
0.106556 0 109.3
0.101915 0 109.31
0.100367 0 109.32
0.098627 0 109.33
0.0963063 0 109.34
0.0943725 0 109.35
0.0924386 0 109.36
0.0899246 0 109.37
0.0877973 0 109.38
0.0860569 0 109.39
0.0837362 0 109.4
0.0810288 0 109.41
0.0796751 0 109.42
0.0775479 0 109.43
0.0752272 0 109.44
0.0732934 0 109.45
0.0713595 0 109.46
0.0698124 0 109.47
0.0688455 0 109.48
0.067105 0 109.49
0.0659447 0 109.5
0.0638174 0 109.51
0.0618836 0 109.52
0.0597563 0 109.53
0.0572423 0 109.54
0.056082 0 109.55
0.0541481 0 109.56
0.0524077 0 109.57
0.0514407 0 109.58
0.0504738 0 109.59
0.0497003 0 109.6
0.0485399 0 109.61
0.0466061 0 109.62
0.0452524 0 109.63
0.0442854 0 109.64
0.0417714 0 109.65
0.0406111 0 109.66
0.0386772 0 109.67
0.0377103 0 109.68
0.0361632 0 109.69
0.0346161 0 109.7
0.0336492 0 109.71
0.0328757 0 109.72
0.0324889 0 109.73
0.0321021 0 109.74
0.0311352 0 109.75
0.0299749 0 109.76
0.0297815 0 109.77
0.0284278 0 109.78
0.028041 0 109.79
0.0274608 0 109.8
0.0263005 0 109.81
0.0253336 0 109.82
0.0241733 0 109.83
0.0232063 0 109.84
0.022046 0 109.85
0.0210791 0 109.86
0.0204989 0 109.87
0.019532 0 109.88
0.0183717 0 109.9
0.0179849 0 109.91
0.0174048 0 109.92
0.0162444 0 109.93
0.0158577 0 109.94
0.0150841 0 109.95
0.0146974 0 109.96
0.0143106 0 109.98
0.0141172 0 110
0.0137304 0 110.01
0.0127635 0 110.02
0.0117966 0 110.03
0.0108296 0 110.04
0.0106362 0 110.06
0.0104429 0 110.07
0.0100561 0 110.08
0.0098627 0 110.09
0.00966931 0 110.1
0.00928254 0 110.11
0.00889576 0 110.12
0.00850899 0 110.13
0.00812222 0 110.14
0.00754206 0 110.15
0.00734868 0 110.16
0.00715529 0 110.18
0.0069619 0 110.2
0.00580159 0 110.22
0.0056082 0 110.23
0.00464127 0 110.26
0.00444788 0 110.28
0.00406111 0 110.3
0.00386772 0 110.35
0.00367434 0 110.37
0.00328757 0 110.41
0.00309418 0 110.43
0.00270741 0 110.44
0.00251402 0 110.45
0.00232063 0 110.46
0.00193386 0 110.47
0.00174048 0 110.48
0.0013537 0 110.56
0.00116032 0 110.64
0.000966931 0 110.65
0.000773545 0 110.66
0.000580159 0 110.92
0.000386772 0 110.99
0.000193386 0 111.01
0 0 1.79769e+308
