0.479105 157
0.478966 157
0.478966 156
0.478864 156
0.478864 155
0.478864 154
0.478731 154
0.478601 153
0.478475 153
0.478336 153
0.478336 152
0.478336 151
0.478336 150
0.478201 150
0.478079 150
0.478078 148
0.477822 148
0.477822 146
0.477656 144
0.477656 143
0.477547 143
0.477547 142
0.477417 142
0.477344 141
0.477344 140
0.477344 137
0.477131 136
0.477004 136
0.477004 135
0.477004 134
0.476372 134
0.476372 133
0.476365 131
0.476242 131
0.47596 129
0.475873 128
0.475873 127
0.475873 125
0.475612 121
0.475371 120
0.475172 118
0.474931 115
0.474359 114
0.474117 111
0.474117 110
0.473977 108
0.473579 107
0.473357 106
0.473222 105
0.473222 104
0.473209 102
0.472947 102
0.472726 100
0.472562 97
0.472429 97
0.471802 97
0.471659 97
0.471151 96
0.470898 95
0.470775 94
0.470662 92
0.470537 91
0.470305 91
0.469723 90
0.469008 88
0.468726 88
0.468275 86
0.468157 86
0.467438 86
0.466918 86
0.466181 86
0.46605 83
0.464988 82
0.464505 81
0.46367 80
0.462603 78
0.461885 76
0.461633 76
0.461498 75
0.460747 72
0.460082 70
0.459471 69
0.458974 69
0.458343 66
0.457441 64
0.456547 64
0.455411 62
0.45463 62
0.453932 62
0.453151 62
0.452394 60
0.451892 59
0.451439 57
0.450591 56
0.448763 55
0.447477 55
0.446297 53
0.445568 53
0.444575 52
0.443248 51
0.442112 51
0.440766 49
0.43922 48
0.439103 47
0.438203 46
0.437081 44
0.435966 43
0.435085 43
0.433617 43
0.432587 41
0.431491 40
0.430511 39
0.428861 37
0.427141 36
0.425004 36
0.423034 35
0.421321 34
0.420386 34
0.41914 31
0.417876 31
0.416412 31
0.415123 31
0.413803 30
0.411625 30
0.41053 29
0.408989 28
0.408013 27
0.406548 25
0.404491 23
0.404156 22
0.402553 22
0.400859 21
0.399383 20
0.397767 18
0.395863 18
0.393909 18
0.391895 18
0.390207 16
0.388774 16
0.387004 16
0.384809 15
0.383917 15
0.382208 14
0.380213 14
0.378702 14
0.377453 13
0.376066 13
0.374311 12
0.372366 12
0.37012 12
0.368567 12
0.366393 11
0.364265 11
0.362348 11
0.359331 11
0.357519 10
0.355018 10
0.352131 10
0.348212 10
0.346086 10
0.344078 10
0.342602 10
0.340184 10
0.337501 9
0.335442 9
0.333231 9
0.331236 9
0.328459 9
0.32552 9
0.32304 9
0.321643 9
0.318886 9
0.315667 9
0.312089 9
0.309285 9
0.306327 8
0.303194 8
0.301907 8
0.299777 8
0.29652 7
0.293496 7
0.291393 6
0.289196 6
0.287174 6
0.283606 6
0.280655 6
0.27726 4
0.275117 4
0.272107 4
0.26968 4
0.266315 4
0.263097 4
0.259794 4
0.257319 4
0.254252 4
0.251659 4
0.248665 3
0.245106 3
0.242479 3
0.239552 3
0.236219 3
0.232592 3
0.22987 3
0.226903 3
0.223553 3
0.220079 3
0.216832 3
0.213721 3
0.211452 3
0.209108 3
0.205921 3
0.203857 3
0.200936 3
0.197548 3
0.19386 2
0.190638 2
0.187874 2
0.185379 2
0.182528 2
0.179428 2
0.177282 2
0.173869 2
0.17196 2
0.169041 2
0.167218 2
0.164656 2
0.162224 2
0.159427 2
0.15605 2
0.1541 2
0.151804 2
0.148217 2
0.146443 2
0.143868 2
0.141474 1
0.138708 1
0.136132 1
0.133963 1
0.131778 1
0.128913 1
0.126726 1
0.124547 1
0.122453 1
0.119354 1
0.116777 1
0.115521 1
0.113386 1
0.110683 1
0.108618 1
0.105891 0
0.10435 0
0.102819 0
0.1005 0
0.0980374 0
0.095986 0
0.094078 0
0.0918521 0
0.0898413 0
0.0881581 0
0.0851206 0
0.0829483 0
0.0815545 0
0.0801378 0
0.0780925 0
0.0756806 0
0.0730502 0
0.0715122 0
0.0693622 0
0.0681119 0
0.0662101 0
0.0645545 0
0.0632701 0
0.0617476 0
0.0603427 0
0.0590621 0
0.058302 0
0.0563378 0
0.0542769 0
0.0518958 0
0.0505041 0
0.049066 0
0.0476109 0
0.0456761 0
0.0448895 0
0.0425706 0
0.0406573 0
0.0391024 0
0.0367852 0
0.035629 0
0.0344904 0
0.0342334 0
0.0333379 0
0.0317581 0
0.0301743 0
0.0291297 0
0.028108 0
0.0269308 0
0.0258643 0
0.0250831 0
0.0246933 0
0.023902 0
0.0231237 0
0.0220711 0
0.0211752 0
0.0206502 0
0.0202723 0
0.0198831 0
0.0191132 0
0.0185734 0
0.0176863 0
0.0169393 0
0.0163004 0
0.0157631 0
0.015224 0
0.0145636 0
0.013485 0
0.012331 0
0.0122122 0
0.0116958 0
0.0115816 0
0.0114487 0
0.0108343 0
0.0105779 0
0.0103169 0
0.00993171 0
0.00980174 0
0.00912928 0
0.00887645 0
0.00836127 0
0.00784861 0
0.00770867 0
0.007197 0
0.00694218 0
0.00667109 0
0.00627864 0
0.00577203 0
0.00551048 0
0.00509108 0
0.00497242 0
0.00468237 0
0.00455692 0
0.0044346 0
0.00430434 0
0.00391834 0
0.00365155 0
0.00324151 0
0.00298966 0
0.00273523 0
0.00236001 0
0.0021066 0
0.00197192 0
0.00183148 0
0.00169836 0
0.0014528 0
0.00132048 0
0.00118788 0
0.000917829 0
0.000789144 0
0.000662439 0
0.000530045 0
0.000397744 0
0.000264725 0
0.000139603 0
0 0
