0.47961 157
0.47961 156
0.47961 155
0.47961 154
0.47961 153
0.47961 152
0.479496 151
0.479496 150
0.479496 149
0.479496 148
0.479407 147
0.479407 146
0.479407 144
0.479283 144
0.479069 143
0.478966 143
0.478966 142
0.478966 141
0.478854 141
0.478724 140
0.478724 139
0.478621 138
0.478469 138
0.478469 137
0.478333 137
0.477922 137
0.477799 137
0.477664 137
0.477544 137
0.477322 135
0.477185 134
0.477184 133
0.47707 132
0.476973 132
0.476832 132
0.476586 131
0.476374 131
0.476232 131
0.475835 131
0.475593 127
0.475127 125
0.47476 125
0.474394 123
0.474394 122
0.47423 119
0.47423 118
0.473963 117
0.473671 114
0.473581 113
0.473106 113
0.472969 113
0.472865 112
0.472731 112
0.472609 112
0.472234 112
0.471629 111
0.471381 111
0.471261 110
0.471122 108
0.470746 106
0.470408 106
0.470063 104
0.469378 102
0.468986 100
0.468582 100
0.468211 100
0.467894 98
0.46754 97
0.466704 95
0.466568 94
0.465789 92
0.465244 90
0.46476 87
0.464144 83
0.463829 81
0.463469 81
0.463062 80
0.462556 79
0.462117 78
0.461547 78
0.461413 78
0.460912 76
0.46079 76
0.460326 74
0.459816 73
0.459621 72
0.458764 72
0.458192 71
0.457588 71
0.457066 69
0.456595 66
0.455793 65
0.454993 65
0.454625 65
0.454179 63
0.453683 63
0.453176 62
0.452804 61
0.452302 60
0.451546 60
0.450817 60
0.450012 58
0.449417 58
0.448661 57
0.447809 57
0.447344 55
0.446786 55
0.446164 54
0.445158 54
0.444416 53
0.444069 53
0.442854 52
0.441596 52
0.440125 52
0.439199 50
0.437757 48
0.436927 47
0.436002 47
0.433855 47
0.433122 47
0.43212 47
0.431363 47
0.430523 47
0.429463 45
0.427811 44
0.427173 43
0.42643 42
0.425449 40
0.423656 40
0.422681 40
0.420727 39
0.419667 36
0.418529 36
0.417462 36
0.415968 35
0.41474 33
0.413361 33
0.410651 31
0.41014 31
0.408405 30
0.406562 30
0.405106 28
0.403953 26
0.402197 26
0.401179 25
0.399853 23
0.398861 22
0.39595 22
0.394852 22
0.394233 22
0.392986 22
0.391506 21
0.389578 19
0.388145 19
0.386046 18
0.383617 18
0.382395 18
0.380695 16
0.378734 16
0.376552 15
0.374106 15
0.372651 15
0.371268 14
0.368681 13
0.366147 13
0.364355 13
0.361725 13
0.359621 12
0.357893 11
0.356285 11
0.353882 11
0.351952 11
0.349918 11
0.347737 11
0.345449 10
0.343885 9
0.340973 9
0.338781 9
0.336742 9
0.334537 9
0.332262 8
0.330475 8
0.327811 8
0.326025 8
0.32411 8
0.321835 8
0.319704 8
0.317325 8
0.313831 7
0.311573 7
0.309442 6
0.307289 6
0.305018 6
0.302471 5
0.300592 5
0.297125 5
0.294305 5
0.291734 4
0.288261 4
0.286302 4
0.283159 3
0.281695 3
0.279891 3
0.276231 3
0.274254 3
0.271214 3
0.268738 2
0.26492 2
0.261213 2
0.258727 1
0.256213 1
0.254439 1
0.252634 1
0.249544 1
0.247908 1
0.245055 1
0.242232 1
0.239551 1
0.235259 1
0.232261 1
0.229182 1
0.226469 1
0.223149 1
0.219651 1
0.216218 1
0.21314 1
0.210831 1
0.207883 1
0.20478 1
0.202119 1
0.199357 1
0.19672 1
0.194461 0
0.19204 0
0.188833 0
0.185907 0
0.182605 0
0.179477 0
0.176377 0
0.173106 0
0.170901 0
0.16845 0
0.165876 0
0.163323 0
0.161774 0
0.158858 0
0.156714 0
0.152916 0
0.149586 0
0.147531 0
0.144678 0
0.142379 0
0.140204 0
0.138163 0
0.135965 0
0.133911 0
0.131702 0
0.128149 0
0.125309 0
0.123779 0
0.122888 0
0.121122 0
0.118671 0
0.116342 0
0.114297 0
0.112765 0
0.111019 0
0.109566 0
0.107093 0
0.105956 0
0.102812 0
0.0997007 0
0.0979211 0
0.0954989 0
0.0941971 0
0.0918544 0
0.0907126 0
0.0888806 0
0.0866101 0
0.0854575 0
0.0838088 0
0.0814993 0
0.0799891 0
0.0784556 0
0.0760908 0
0.0751553 0
0.0727683 0
0.0716137 0
0.0705997 0
0.0681286 0
0.0663558 0
0.0653527 0
0.0632778 0
0.0615756 0
0.0595377 0
0.0577471 0
0.0560799 0
0.0543668 0
0.0533308 0
0.0522935 0
0.0516449 0
0.0506235 0
0.0497497 0
0.0492332 0
0.0475686 0
0.0463544 0
0.0454491 0
0.04425 0
0.0432264 0
0.042322 0
0.0411695 0
0.0396129 0
0.0381722 0
0.037177 0
0.0362549 0
0.0351107 0
0.0341704 0
0.0333742 0
0.0322098 0
0.0310465 0
0.030155 0
0.029386 0
0.0283363 0
0.0275639 0
0.0267838 0
0.0265253 0
0.0256134 0
0.024347 0
0.023719 0
0.0233432 0
0.0230838 0
0.0227314 0
0.0220939 0
0.0214509 0
0.0202693 0
0.019896 0
0.0193643 0
0.018305 0
0.0177968 0
0.0175399 0
0.0163743 0
0.0159704 0
0.0154577 0
0.0141587 0
0.0132304 0
0.012977 0
0.0123473 0
0.0120986 0
0.0118333 0
0.0114305 0
0.0111555 0
0.0106372 0
0.0103667 0
0.0095775 0
0.00944499 0
0.00906225 0
0.00879639 0
0.00854729 0
0.00842694 0
0.00817555 0
0.00791835 0
0.0075191 0
0.00713076 0
0.00686789 0
0.00659481 0
0.00632788 0
0.00606695 0
0.00593604 0
0.00568046 0
0.0054221 0
0.00528518 0
0.00491298 0
0.00477765 0
0.00464995 0
0.00441254 0
0.00428438 0
0.00414695 0
0.00375402 0
0.0033752 0
0.00324179 0
0.00298886 0
0.00259152 0
0.00245679 0
0.00232837 0
0.00220268 0
0.00206569 0
0.00180693 0
0.00155131 0
0.00130698 0
0.00117658 0
0.000910322 0
0.000779292 0
0.000651496 0
0.000521402 0
0.000396658 0
0.000266277 0
0.00012734 0
0 0
