0.697931 670 -1.41
0.697931 669 -1.04
0.697931 668 -0.92
0.697931 667 -0.86
0.697737 667 -0.59
0.697737 666 -0.58
0.697737 665 -0.46
0.697737 664 -0.38
0.697737 663 -0.32
0.697737 662 -0.28
0.697544 662 -0.21
0.697544 661 -0.17
0.697544 659 -0.13
0.697544 658 0.01
0.697544 657 0.02
0.697351 657 0.06
0.697351 655 0.08
0.697351 654 0.09
0.697351 653 0.23
0.697351 652 0.25
0.697351 651 0.27
0.697351 649 0.32
0.697351 648 0.34
0.697351 647 0.35
0.697157 647 0.37
0.697157 646 0.39
0.697157 644 0.4
0.697157 643 0.41
0.697157 642 0.42
0.697157 641 0.43
0.696964 641 0.44
0.696964 640 0.46
0.69677 640 0.47
0.69677 638 0.55
0.69677 637 0.57
0.696577 636 0.61
0.696577 634 0.64
0.696577 633 0.65
0.696577 631 0.66
0.696384 631 0.71
0.696384 630 0.73
0.696384 629 0.74
0.696384 628 0.76
0.696384 625 0.77
0.696384 624 0.8
0.696384 623 0.81
0.696384 622 0.82
0.69619 622 0.83
0.695997 622 0.84
0.695997 621 0.87
0.695997 620 0.88
0.695804 619 0.9
0.69561 619 0.91
0.69561 617 0.92
0.69561 615 0.93
0.69561 614 0.94
0.69561 612 0.95
0.69561 610 0.98
0.69561 607 1.01
0.695417 604 1.02
0.695417 603 1.04
0.695417 602 1.05
0.695417 600 1.06
0.695417 599 1.07
0.695417 598 1.08
0.695417 596 1.11
0.695223 595 1.19
0.695223 593 1.2
0.695223 592 1.21
0.69503 592 1.22
0.694837 591 1.23
0.694837 590 1.25
0.694837 587 1.26
0.694837 585 1.27
0.694837 583 1.28
0.694837 582 1.29
0.69445 581 1.3
0.694256 576 1.31
0.694256 575 1.32
0.694063 573 1.34
0.694063 569 1.35
0.694063 567 1.36
0.694063 566 1.37
0.694063 565 1.38
0.69387 564 1.4
0.69387 563 1.41
0.69387 562 1.42
0.693676 562 1.43
0.693676 559 1.44
0.693483 559 1.45
0.693483 557 1.46
0.693289 553 1.47
0.693289 552 1.48
0.693289 551 1.49
0.693289 550 1.5
0.692903 550 1.52
0.692903 547 1.54
0.692903 545 1.55
0.692903 543 1.56
0.692709 542 1.57
0.692709 540 1.58
0.692323 538 1.59
0.692323 537 1.6
0.692323 536 1.62
0.692129 536 1.64
0.691936 534 1.65
0.691742 533 1.69
0.691549 532 1.7
0.691162 530 1.71
0.691162 529 1.72
0.691162 528 1.73
0.691162 527 1.74
0.690969 526 1.75
0.690969 523 1.78
0.690969 522 1.79
0.690969 521 1.81
0.690775 518 1.82
0.690775 517 1.84
0.690775 515 1.85
0.690775 513 1.86
0.690775 512 1.87
0.690582 511 1.88
0.690582 510 1.91
0.690582 509 1.93
0.690389 506 1.94
0.690389 505 1.95
0.690389 503 1.96
0.690389 501 1.97
0.690195 501 1.99
0.689809 500 2
0.689809 499 2.01
0.689809 498 2.02
0.689809 497 2.03
0.689615 497 2.04
0.689615 495 2.05
0.689422 493 2.06
0.689422 490 2.07
0.689422 489 2.08
0.689422 488 2.09
0.689035 488 2.11
0.689035 487 2.12
0.689035 486 2.13
0.689035 485 2.14
0.689035 483 2.15
0.689035 481 2.16
0.689035 479 2.17
0.688842 478 2.18
0.688648 476 2.19
0.688455 475 2.2
0.688455 473 2.21
0.688068 470 2.22
0.687875 470 2.23
0.687681 468 2.24
0.687488 467 2.25
0.687295 467 2.26
0.687295 465 2.27
0.687101 462 2.28
0.686908 462 2.29
0.686908 461 2.31
0.686908 459 2.32
0.686521 458 2.33
0.686134 457 2.34
0.685554 455 2.36
0.685554 453 2.37
0.685554 451 2.38
0.685554 450 2.39
0.685554 448 2.4
0.685554 446 2.42
0.685361 446 2.43
0.684974 445 2.45
0.684781 443 2.46
0.684781 442 2.47
0.684587 439 2.48
0.6842 435 2.49
0.683814 434 2.5
0.683814 433 2.51
0.683814 431 2.52
0.68362 430 2.53
0.68362 429 2.54
0.683427 425 2.55
0.683427 423 2.56
0.683427 421 2.57
0.683233 421 2.58
0.68304 420 2.6
0.68304 417 2.61
0.68304 416 2.62
0.68246 415 2.65
0.68246 413 2.66
0.682266 412 2.67
0.682073 412 2.69
0.681686 410 2.7
0.681106 408 2.71
0.680719 408 2.72
0.680719 407 2.73
0.680526 407 2.74
0.680526 403 2.75
0.680526 401 2.76
0.680333 398 2.78
0.679946 394 2.79
0.679172 391 2.81
0.678979 390 2.82
0.678979 389 2.83
0.678786 388 2.84
0.678399 388 2.86
0.678399 384 2.87
0.678399 382 2.88
0.678012 382 2.89
0.677819 380 2.9
0.677819 378 2.92
0.677432 377 2.93
0.677238 375 2.94
0.677045 375 2.96
0.677045 374 2.97
0.677045 373 2.98
0.676465 372 2.99
0.676272 368 3
0.676078 366 3.01
0.676078 364 3.03
0.675885 363 3.04
0.675691 361 3.05
0.675691 359 3.06
0.675691 358 3.07
0.675305 357 3.08
0.674918 353 3.09
0.674724 351 3.1
0.674724 350 3.11
0.674724 348 3.12
0.674531 346 3.13
0.674531 345 3.14
0.674531 344 3.15
0.674338 343 3.17
0.673951 341 3.18
0.673564 341 3.19
0.673177 337 3.2
0.672791 337 3.21
0.672791 336 3.22
0.672791 335 3.23
0.672597 334 3.24
0.672404 333 3.25
0.672017 333 3.26
0.671824 333 3.27
0.67163 333 3.28
0.67163 332 3.29
0.671243 332 3.3
0.67105 332 3.31
0.670857 330 3.32
0.670663 330 3.33
0.670083 328 3.34
0.66989 328 3.35
0.66989 327 3.36
0.669696 327 3.37
0.66931 323 3.38
0.668923 323 3.39
0.668923 322 3.4
0.668536 321 3.41
0.668149 320 3.42
0.667569 317 3.43
0.667376 314 3.44
0.667376 310 3.45
0.666989 309 3.47
0.666602 303 3.48
0.666602 302 3.49
0.666409 302 3.5
0.666022 301 3.51
0.666022 299 3.52
0.666022 297 3.53
0.665829 297 3.54
0.665829 296 3.55
0.665635 295 3.56
0.665442 292 3.57
0.665442 291 3.58
0.665442 289 3.59
0.664862 288 3.6
0.664668 285 3.61
0.664282 284 3.62
0.664282 283 3.63
0.664088 279 3.64
0.663701 277 3.65
0.663121 276 3.66
0.663121 274 3.67
0.662348 273 3.68
0.662154 272 3.69
0.661961 270 3.7
0.660994 269 3.71
0.66022 267 3.72
0.659447 264 3.73
0.659254 262 3.74
0.658867 259 3.76
0.658673 258 3.77
0.65848 257 3.78
0.658287 257 3.79
0.658093 255 3.8
0.657706 255 3.81
0.657513 254 3.82
0.656933 254 3.83
0.65674 253 3.84
0.656546 253 3.85
0.655966 252 3.86
0.655773 249 3.88
0.655579 248 3.89
0.655579 246 3.9
0.655386 246 3.91
0.654806 244 3.92
0.654419 244 3.93
0.654419 243 3.94
0.654032 242 3.95
0.653839 240 3.96
0.653645 239 3.97
0.653259 235 3.98
0.652872 234 3.99
0.652292 233 4
0.652098 229 4.01
0.652098 226 4.02
0.651518 224 4.03
0.651325 222 4.04
0.650745 220 4.05
0.650358 220 4.06
0.650164 219 4.07
0.649584 217 4.08
0.649197 215 4.09
0.649004 213 4.1
0.648424 212 4.11
0.648231 210 4.12
0.647844 208 4.13
0.64765 208 4.14
0.647457 203 4.15
0.646297 203 4.16
0.64591 202 4.17
0.645716 201 4.18
0.64533 200 4.19
0.64533 199 4.2
0.64475 198 4.21
0.644169 197 4.22
0.643202 197 4.23
0.642816 197 4.24
0.642236 195 4.25
0.641655 190 4.28
0.641075 188 4.29
0.640302 188 4.3
0.640108 188 4.31
0.639335 188 4.32
0.638755 188 4.33
0.638368 187 4.34
0.637788 185 4.37
0.637401 184 4.38
0.636434 183 4.39
0.63566 182 4.4
0.635274 182 4.41
0.634887 181 4.42
0.6345 181 4.43
0.633727 181 4.44
0.63334 181 4.45
0.632953 180 4.46
0.632179 178 4.47
0.631793 178 4.48
0.631793 177 4.49
0.631406 176 4.5
0.631019 174 4.51
0.630826 172 4.52
0.630439 170 4.53
0.629279 170 4.54
0.628892 170 4.55
0.628312 168 4.56
0.627732 168 4.57
0.627538 168 4.58
0.627151 167 4.59
0.626765 167 4.6
0.626571 165 4.61
0.625798 164 4.62
0.625024 162 4.63
0.624251 162 4.64
0.62367 162 4.65
0.62251 161 4.66
0.622123 159 4.67
0.62193 159 4.68
0.621543 158 4.69
0.620963 156 4.7
0.620576 152 4.71
0.619609 151 4.72
0.619416 151 4.73
0.618836 151 4.74
0.618256 151 4.75
0.617289 151 4.76
0.617095 151 4.77
0.616322 149 4.78
0.616128 149 4.79
0.615742 149 4.8
0.615355 147 4.81
0.614581 144 4.82
0.614195 143 4.83
0.614001 143 4.84
0.613614 143 4.85
0.613228 140 4.86
0.612647 139 4.87
0.612067 139 4.88
0.611681 138 4.89
0.611681 137 4.9
0.611294 137 4.91
0.6111 135 4.93
0.610714 134 4.94
0.610327 131 4.95
0.609747 129 4.96
0.60936 128 4.97
0.608973 127 4.98
0.608586 126 4.99
0.6082 126 5
0.607233 126 5.01
0.606652 125 5.02
0.606072 125 5.03
0.605492 124 5.04
0.605299 120 5.05
0.604332 120 5.06
0.604332 119 5.07
0.603558 119 5.08
0.602978 119 5.09
0.602591 118 5.1
0.602205 117 5.11
0.601238 117 5.12
0.600271 117 5.13
0.599497 117 5.14
0.598917 117 5.15
0.598337 117 5.16
0.596983 115 5.17
0.595243 115 5.18
0.595049 115 5.19
0.594082 115 5.2
0.593309 113 5.21
0.592729 113 5.22
0.591955 113 5.23
0.591568 112 5.24
0.590601 111 5.25
0.590021 109 5.26
0.589441 109 5.27
0.589054 107 5.28
0.588281 106 5.29
0.587894 106 5.3
0.58712 101 5.31
0.586734 101 5.32
0.58596 100 5.33
0.585187 100 5.34
0.584413 100 5.35
0.583446 100 5.36
0.583446 99 5.37
0.583059 98 5.38
0.581512 98 5.39
0.580932 97 5.4
0.580159 97 5.41
0.578998 95 5.42
0.577838 95 5.43
0.576871 94 5.44
0.576678 94 5.45
0.575904 94 5.46
0.574744 94 5.47
0.57397 93 5.48
0.57281 93 5.49
0.572036 93 5.5
0.57165 92 5.51
0.571456 92 5.52
0.569522 91 5.53
0.568749 90 5.54
0.568169 88 5.55
0.566815 88 5.56
0.566622 88 5.57
0.565848 87 5.58
0.565268 86 5.59
0.564494 85 5.6
0.562754 84 5.61
0.561787 84 5.62
0.5614 83 5.63
0.560433 82 5.64
0.56024 81 5.65
0.559273 80 5.66
0.558886 79 5.67
0.558499 79 5.68
0.558113 79 5.69
0.556372 78 5.7
0.555792 77 5.71
0.555599 75 5.72
0.555405 75 5.73
0.554632 75 5.74
0.553665 73 5.75
0.553085 73 5.76
0.551924 72 5.77
0.550957 70 5.79
0.549023 69 5.8
0.548637 68 5.81
0.547863 67 5.82
0.547476 67 5.83
0.546703 67 5.84
0.545929 66 5.85
0.544769 64 5.86
0.544382 64 5.87
0.543609 64 5.88
0.543222 64 5.89
0.541095 63 5.9
0.540514 63 5.91
0.539547 62 5.92
0.538967 62 5.93
0.538 62 5.94
0.53742 62 5.95
0.536453 62 5.96
0.536067 61 5.97
0.535293 60 5.98
0.534713 60 5.99
0.533553 59 6
0.532972 59 6.01
0.532392 59 6.02
0.532005 58 6.03
0.530652 57 6.04
0.528524 57 6.05
0.527558 55 6.06
0.526591 55 6.07
0.525624 54 6.08
0.524657 54 6.09
0.523883 54 6.1
0.522336 54 6.11
0.521176 53 6.12
0.520209 53 6.13
0.519242 52 6.14
0.517501 52 6.15
0.517115 52 6.16
0.515568 52 6.17
0.514987 52 6.18
0.514407 50 6.19
0.513634 48 6.2
0.512667 47 6.21
0.511893 47 6.22
0.5117 47 6.23
0.510733 46 6.24
0.51054 46 6.25
0.509766 46 6.26
0.508992 45 6.27
0.507639 44 6.28
0.506478 44 6.29
0.505512 43 6.3
0.505125 43 6.31
0.503578 42 6.32
0.502031 42 6.33
0.50087 41 6.34
0.50029 41 6.35
0.500097 41 6.36
0.49971 39 6.37
0.498743 39 6.38
0.497969 39 6.39
0.496809 39 6.4
0.494295 39 6.41
0.493135 39 6.42
0.491588 39 6.43
0.490814 39 6.44
0.489654 39 6.45
0.48888 39 6.46
0.4883 39 6.47
0.48656 39 6.48
0.484432 39 6.49
0.483659 39 6.5
0.482305 36 6.51
0.481338 36 6.52
0.479791 36 6.53
0.479211 36 6.54
0.478631 35 6.55
0.477084 34 6.56
0.476504 34 6.57
0.475923 34 6.58
0.474956 34 6.59
0.47457 33 6.6
0.473796 32 6.61
0.472636 32 6.62
0.471282 32 6.63
0.470509 32 6.64
0.469155 32 6.65
0.468188 32 6.66
0.467414 32 6.67
0.466254 32 6.68
0.465867 32 6.69
0.465094 32 6.7
0.46374 32 6.71
0.46258 32 6.72
0.461806 32 6.73
0.460066 32 6.74
0.459486 32 6.75
0.459292 32 6.76
0.458325 32 6.77
0.457358 32 6.78
0.456972 32 6.79
0.455811 32 6.8
0.455231 32 6.81
0.454458 32 6.82
0.454264 32 6.83
0.45291 32 6.84
0.452137 31 6.85
0.45175 31 6.86
0.450977 31 6.87
0.449623 31 6.88
0.449236 31 6.89
0.448656 31 6.9
0.447302 31 6.91
0.446335 31 6.92
0.444982 30 6.93
0.444208 29 6.94
0.442468 29 6.95
0.441501 29 6.96
0.440727 29 6.97
0.439954 29 6.98
0.438793 29 6.99
0.43802 29 7
0.436473 29 7.01
0.435506 29 7.02
0.434539 29 7.03
0.433765 28 7.04
0.432218 28 7.05
0.432025 28 7.06
0.430864 27 7.07
0.430091 26 7.08
0.429511 24 7.09
0.429124 23 7.1
0.427577 23 7.11
0.42661 23 7.12
0.425063 23 7.13
0.424096 23 7.14
0.422936 23 7.15
0.421002 22 7.16
0.420422 21 7.17
0.419261 21 7.18
0.418101 19 7.2
0.417134 19 7.21
0.415394 19 7.22
0.41404 19 7.23
0.413073 19 7.24
0.411526 19 7.25
0.410172 19 7.26
0.409399 19 7.27
0.408045 19 7.28
0.407078 19 7.29
0.405918 19 7.3
0.405531 18 7.31
0.404177 17 7.32
0.402243 16 7.33
0.40089 15 7.34
0.399536 15 7.35
0.398762 15 7.36
0.397409 15 7.37
0.396055 15 7.38
0.394895 15 7.39
0.393928 14 7.4
0.392767 14 7.41
0.391607 14 7.42
0.39122 14 7.43
0.39064 14 7.44
0.389867 14 7.45
0.388319 14 7.46
0.386772 14 7.47
0.385225 14 7.48
0.384065 14 7.49
0.383098 14 7.5
0.381938 14 7.51
0.380777 14 7.52
0.37981 14 7.53
0.379037 14 7.54
0.377296 13 7.55
0.376523 13 7.56
0.375169 13 7.57
0.374009 13 7.58
0.373816 13 7.59
0.372849 13 7.6
0.372268 13 7.61
0.371108 13 7.62
0.370915 13 7.63
0.369561 13 7.64
0.36724 13 7.65
0.36608 13 7.66
0.36434 12 7.67
0.363759 12 7.68
0.362599 12 7.69
0.360859 12 7.7
0.359505 11 7.71
0.357958 11 7.72
0.357184 11 7.73
0.355831 10 7.74
0.355057 10 7.75
0.353317 10 7.76
0.35235 10 7.77
0.350416 10 7.78
0.348289 10 7.79
0.347902 10 7.8
0.347515 9 7.81
0.346355 9 7.82
0.344808 8 7.83
0.343647 8 7.84
0.342487 8 7.85
0.341327 8 7.86
0.340553 8 7.87
0.339973 8 7.88
0.338426 8 7.89
0.336685 8 7.9
0.334171 8 7.91
0.333398 8 7.92
0.332237 8 7.93
0.33069 8 7.94
0.329917 8 7.95
0.32837 8 7.96
0.327983 8 7.97
0.327596 7 7.98
0.326823 7 7.99
0.326243 7 8
0.324889 7 8.01
0.324502 7 8.02
0.322955 7 8.03
0.321988 7 8.04
0.320248 6 8.05
0.3187 6 8.06
0.317734 6 8.07
0.31696 6 8.08
0.315413 6 8.09
0.314253 6 8.1
0.313672 6 8.11
0.312705 6 8.12
0.311352 6 8.13
0.309611 6 8.14
0.308644 6 8.15
0.307677 6 8.16
0.307291 6 8.17
0.306517 6 8.18
0.30613 6 8.19
0.304196 6 8.2
0.301682 6 8.21
0.300329 6 8.22
0.299168 5 8.23
0.298202 5 8.24
0.296268 5 8.25
0.295107 5 8.26
0.294334 5 8.27
0.292787 5 8.28
0.290853 5 8.29
0.290273 5 8.3
0.289886 5 8.31
0.288339 5 8.32
0.288145 5 8.33
0.286985 5 8.34
0.285245 5 8.35
0.284664 5 8.36
0.283117 5 8.37
0.281764 5 8.38
0.280217 5 8.39
0.279636 5 8.4
0.278089 5 8.41
0.275962 5 8.42
0.274995 5 8.43
0.274415 5 8.44
0.273835 5 8.45
0.272868 5 8.46
0.271708 5 8.47
0.270161 5 8.48
0.26958 5 8.49
0.268613 5 8.5
0.266486 5 8.51
0.265326 5 8.52
0.264166 5 8.53
0.262425 4 8.54
0.261265 4 8.55
0.260878 4 8.56
0.260104 4 8.57
0.258751 4 8.58
0.25759 4 8.59
0.25643 4 8.6
0.254109 3 8.61
0.253143 3 8.62
0.251982 3 8.63
0.250435 3 8.64
0.248888 3 8.65
0.247728 3 8.66
0.246761 3 8.67
0.246374 3 8.68
0.24502 3 8.69
0.244053 3 8.7
0.243667 3 8.71
0.24212 3 8.72
0.241153 3 8.73
0.239799 3 8.74
0.238252 3 8.75
0.236511 3 8.76
0.235158 3 8.77
0.234577 3 8.78
0.233804 3 8.79
0.232257 3 8.8
0.231483 3 8.81
0.230516 3 8.82
0.229743 3 8.83
0.228582 3 8.84
0.227809 3 8.85
0.227035 3 8.86
0.225875 3 8.87
0.224908 3 8.88
0.223941 3 8.89
0.223361 3 8.9
0.221814 3 8.91
0.220847 3 8.92
0.219493 3 8.93
0.218526 3 8.94
0.217366 3 8.95
0.215819 3 8.96
0.213885 3 8.97
0.212145 3 8.98
0.211371 3 8.99
0.209824 3 9
0.20905 3 9.01
0.20789 3 9.02
0.20673 3 9.03
0.205763 3 9.04
0.204989 3 9.05
0.204409 3 9.06
0.203636 3 9.07
0.202862 3 9.08
0.201702 3 9.09
0.201122 3 9.1
0.199961 3 9.11
0.198801 3 9.12
0.197447 3 9.13
0.196287 3 9.14
0.19532 3 9.15
0.19358 3 9.16
0.192999 3 9.17
0.192032 3 9.18
0.190872 3 9.19
0.189905 3 9.2
0.189132 3 9.21
0.188358 3 9.22
0.187778 3 9.23
0.186618 3 9.24
0.184684 3 9.25
0.183717 3 9.26
0.182557 3 9.27
0.181976 2 9.28
0.181203 2 9.29
0.179849 2 9.3
0.179076 2 9.31
0.177915 2 9.32
0.177142 2 9.33
0.175401 2 9.34
0.174241 2 9.35
0.173661 2 9.36
0.172694 2 9.37
0.17134 2 9.38
0.17076 2 9.39
0.169406 2 9.4
0.168246 2 9.41
0.167859 2 9.42
0.167086 2 9.43
0.166312 2 9.44
0.165539 2 9.45
0.164958 2 9.46
0.164765 2 9.47
0.164378 2 9.48
0.163411 2 9.49
0.162638 2 9.5
0.161864 2 9.51
0.161091 2 9.52
0.160511 2 9.53
0.159544 2 9.54
0.158577 2 9.55
0.15761 2 9.56
0.156449 2 9.57
0.154902 2 9.58
0.154709 2 9.59
0.153742 2 9.6
0.152582 2 9.61
0.151615 2 9.62
0.150068 2 9.63
0.148907 2 9.64
0.148521 2 9.65
0.14794 2 9.66
0.146587 2 9.67
0.14562 2 9.68
0.14504 2 9.69
0.143879 2 9.7
0.143299 2 9.71
0.142332 2 9.72
0.141945 2 9.73
0.140592 2 9.74
0.139238 2 9.75
0.138658 2 9.76
0.137498 2 9.77
0.136917 2 9.78
0.136144 2 9.79
0.13479 2 9.8
0.134017 2 9.81
0.133436 2 9.82
0.13305 2 9.83
0.131116 2 9.84
0.130342 2 9.85
0.129375 2 9.86
0.128602 2 9.87
0.127635 2 9.88
0.126668 2 9.89
0.125508 2 9.9
0.124347 2 9.91
0.124154 2 9.92
0.123961 2 9.93
0.122994 2 9.94
0.122607 2 9.95
0.122413 2 9.96
0.12164 2 9.97
0.120866 2 9.98
0.120286 1 9.99
0.119706 1 10
0.118739 1 10.01
0.118352 1 10.02
0.117385 1 10.03
0.116999 1 10.04
0.116225 1 10.05
0.115838 1 10.06
0.115065 1 10.07
0.114485 1 10.08
0.113324 1 10.09
0.112938 1 10.1
0.112357 1 10.11
0.111197 1 10.12
0.110617 1 10.13
0.11023 1 10.14
0.109263 1 10.15
0.10907 1 10.16
0.108103 1 10.17
0.107136 1 10.18
0.106169 1 10.19
0.105782 1 10.21
0.105202 1 10.22
0.104429 1 10.23
0.103268 1 10.24
0.102495 1 10.25
0.102108 1 10.26
0.101334 1 10.27
0.100561 1 10.28
0.0997873 1 10.29
0.0992071 1 10.3
0.0982402 1 10.31
0.09766 1 10.32
0.0974666 1 10.33
0.0968865 1 10.35
0.0964997 1 10.37
0.0963063 1 10.38
0.0957262 1 10.39
0.0949526 1 10.4
0.0945658 1 10.41
0.0941791 1 10.42
0.0935989 1 10.43
0.0930188 1 10.44
0.0918584 1 10.45
0.0910849 1 10.46
0.0905047 1 10.47
0.0897312 1 10.48
0.0893444 1 10.49
0.0879907 1 10.5
0.0872172 1 10.51
0.086637 1 10.52
0.0856701 1 10.53
0.0848965 1 10.54
0.084123 1 10.55
0.0829627 1 10.56
0.0823825 1 10.58
0.081609 1 10.59
0.0810288 1 10.6
0.0800619 1 10.61
0.0792883 1 10.62
0.0783214 1 10.63
0.0769677 1 10.64
0.0763875 1 10.65
0.075614 1 10.66
0.0754206 1 10.67
0.0748405 1 10.68
0.0742603 1 10.69
0.0736801 1 10.7
0.0729066 1 10.71
0.072133 1 10.72
0.0719397 1 10.73
0.0707793 1 10.74
0.0698124 1 10.75
0.0694256 1 10.77
0.0686521 1 10.78
0.0682653 1 10.79
0.0678786 1 10.8
0.0676852 1 10.81
0.0672984 1 10.82
0.0661381 1 10.83
0.0659447 1 10.84
0.0653645 1 10.85
0.064591 1 10.86
0.0640108 1 10.87
0.0630439 1 10.88
0.062077 1 10.89
0.0614968 1 10.9
0.0613034 1 10.91
0.0607233 1 10.92
0.0597563 1 10.93
0.0589828 1 10.94
0.0587894 1 10.95
0.058596 1 10.96
0.0584026 1 10.97
0.0572423 1 10.98
0.0570489 1 10.99
0.0566622 1 11
0.0564688 1 11.01
0.0556952 1 11.02
0.0553085 1 11.04
0.0545349 1 11.05
0.0539547 1 11.07
0.0537614 1 11.08
0.0533746 1 11.09
0.0531812 1 11.1
0.0527944 1 11.11
0.0516341 1 11.12
0.0512473 1 11.13
0.050087 1 11.14
0.0498936 1 11.15
0.0493135 1 11.16
0.0489267 1 11.17
0.0481532 1 11.18
0.0477664 1 11.19
0.0467995 1 11.2
0.0462193 1 11.21
0.0460259 1 11.22
0.0458325 1 11.23
0.0452524 1 11.24
0.045059 1 11.25
0.0442854 1 11.26
0.0437053 1 11.28
0.0433185 1 11.29
0.0431251 1 11.3
0.0429317 1 11.32
0.0427383 1 11.33
0.042545 1 11.34
0.0421582 1 11.35
0.0417714 1 11.36
0.0413846 1 11.37
0.0408045 1 11.38
0.0402243 1 11.39
0.0398376 1 11.41
0.0394508 1 11.42
0.0392574 0 11.43
0.039064 0 11.44
0.0386772 0 11.45
0.0380971 0 11.47
0.0377103 0 11.48
0.0371301 0 11.49
0.0369368 0 11.5
0.03655 0 11.51
0.0361632 0 11.52
0.0359698 0 11.53
0.0357764 0 11.54
0.0355831 0 11.55
0.0350029 0 11.56
0.0346161 0 11.57
0.034036 0 11.58
0.0338426 0 11.59
0.0334558 0 11.6
0.0332624 0 11.61
0.0324889 0 11.62
0.0321021 0 11.63
0.0319087 0 11.64
0.0317153 0 11.66
0.0313286 0 11.67
0.030555 0 11.68
0.0297815 0 11.69
0.0295881 0 11.72
0.0290079 0 11.73
0.0286212 0 11.74
0.0284278 0 11.76
0.028041 0 11.77
0.0278476 0 11.78
0.0276542 0 11.8
0.0274608 0 11.81
0.0270741 0 11.82
0.0268807 0 11.83
0.0266873 0 11.84
0.0264939 0 11.85
0.0263005 0 11.87
0.025527 0 11.88
0.0249468 0 11.89
0.0247534 0 11.9
0.0243667 0 11.91
0.0241733 0 11.93
0.0239799 0 11.95
0.0233997 0 11.96
0.0232063 0 11.97
0.0226262 0 11.98
0.0224328 0 12
0.022046 0 12.02
0.0218526 0 12.03
0.0216593 0 12.05
0.0214659 0 12.06
0.0212725 0 12.07
0.0206923 0 12.08
0.0204989 0 12.09
0.0201122 0 12.11
0.0199188 0 12.12
0.0197254 0 12.13
0.019532 0 12.16
0.0193386 0 12.17
0.0191452 0 12.18
0.0189518 0 12.2
0.0185651 0 12.21
0.0181783 0 12.22
0.0179849 0 12.23
0.0177915 0 12.27
0.0174048 0 12.28
0.017018 0 12.29
0.0168246 0 12.3
0.0166312 0 12.31
0.0162444 0 12.32
0.0158577 0 12.34
0.0154709 0 12.35
0.0150841 0 12.36
0.0148907 0 12.38
0.0146974 0 12.39
0.014504 0 12.41
0.0143106 0 12.42
0.0141172 0 12.43
0.0139238 0 12.44
0.0137304 0 12.45
0.013537 0 12.5
0.0133436 0 12.51
0.0131503 0 12.54
0.0125701 0 12.56
0.0123767 0 12.59
0.0119899 0 12.61
0.0117966 0 12.63
0.0116032 0 12.65
0.0114098 0 12.68
0.0112164 0 12.69
0.011023 0 12.71
0.0108296 0 12.74
0.0106362 0 12.75
0.0102495 0 12.77
0.0100561 0 12.78
0.0098627 0 12.79
0.00966931 0 12.82
0.00947592 0 12.83
0.00928254 0 12.85
0.00908915 0 12.87
0.00889576 0 12.89
0.00870238 0 12.91
0.00850899 0 12.92
0.00831561 0 12.93
0.00812222 0 12.95
0.00792883 0 12.99
0.00754206 0 13
0.00734868 0 13.05
0.00715529 0 13.07
0.0069619 0 13.08
0.00676852 0 13.09
0.00657513 0 13.1
0.00599497 0 13.12
0.00580159 0 13.14
0.0056082 0 13.15
0.00522143 0 13.18
0.00502804 0 13.21
0.00483465 0 13.22
0.00464127 0 13.24
0.00444788 0 13.28
0.00406111 0 13.29
0.00386772 0 13.33
0.00367434 0 13.34
0.00328757 0 13.37
0.00309418 0 13.38
0.00290079 0 13.41
0.00270741 0 13.43
0.00251402 0 13.47
0.00232063 0 13.56
0.00193386 0 13.66
0.00174048 0 13.71
0.00154709 0 13.72
0.0013537 0 13.73
0.00116032 0 13.94
0.000966931 0 14.06
0.000773545 0 14.17
0.000580159 0 14.18
0.000386772 0 15.06
0.000193386 0 16.05
0 0 1.79769e+308
