0.465292 181
0.465292 180
0.465292 179
0.465292 178
0.465292 177
0.465198 176
0.465198 175
0.465084 174
0.465084 173
0.465084 172
0.465084 171
0.464995 170
0.464995 169
0.464995 167
0.464871 167
0.464657 166
0.464657 165
0.464657 164
0.464544 164
0.464415 163
0.464415 162
0.464311 161
0.46416 161
0.46416 160
0.464024 160
0.463903 160
0.463492 160
0.463252 160
0.463117 160
0.462997 160
0.462776 158
0.462633 157
0.462632 156
0.462518 155
0.462421 154
0.46228 154
0.462034 153
0.461691 153
0.461549 153
0.461152 153
0.460909 149
0.460359 146
0.459992 146
0.459736 144
0.459736 143
0.459339 140
0.459339 139
0.459206 138
0.458914 135
0.458824 134
0.458348 134
0.458348 133
0.458203 132
0.458081 132
0.457705 131
0.457367 130
0.457119 130
0.456893 129
0.456645 127
0.45627 125
0.455931 125
0.455477 123
0.454701 120
0.454309 118
0.453934 118
0.453448 117
0.453249 115
0.452784 114
0.452087 112
0.451951 111
0.451077 109
0.450532 107
0.449833 104
0.449092 100
0.448777 98
0.448416 98
0.448017 97
0.447334 94
0.446545 93
0.445865 93
0.445732 93
0.445501 91
0.445385 91
0.444797 89
0.444434 88
0.44412 87
0.443165 86
0.44248 85
0.441877 85
0.441354 83
0.440884 80
0.440082 79
0.439408 78
0.438825 78
0.438163 75
0.437546 75
0.436809 74
0.436437 73
0.435432 72
0.434556 72
0.433815 72
0.432884 70
0.432289 70
0.4314 69
0.430529 69
0.430065 66
0.429364 66
0.428615 65
0.427609 65
0.427125 64
0.426491 64
0.425308 63
0.423933 63
0.422423 63
0.421346 61
0.419914 59
0.418948 58
0.41772 57
0.415444 57
0.414605 57
0.4136 57
0.41272 57
0.411887 57
0.410831 55
0.40895 54
0.408446 53
0.407341 52
0.406242 50
0.404226 50
0.403013 50
0.400955 49
0.399896 46
0.39888 46
0.397815 46
0.396262 43
0.395048 40
0.393685 40
0.391078 38
0.390442 38
0.388609 36
0.386784 36
0.384994 34
0.383348 32
0.381689 32
0.380436 31
0.378869 29
0.377763 28
0.374854 28
0.373515 28
0.37279 28
0.371805 28
0.370573 27
0.369024 25
0.36747 25
0.365115 24
0.362599 24
0.361386 24
0.359824 22
0.357752 22
0.355544 21
0.353474 21
0.352036 21
0.350299 20
0.347974 19
0.345736 19
0.343984 18
0.341719 18
0.339614 17
0.338023 16
0.336657 16
0.334176 15
0.332262 15
0.330233 15
0.328186 15
0.325909 14
0.324228 13
0.321316 13
0.319122 13
0.31727 13
0.315105 13
0.312466 12
0.310834 12
0.308369 11
0.306315 11
0.304285 11
0.302286 11
0.300196 11
0.298079 11
0.294975 10
0.292988 10
0.291109 9
0.289081 9
0.286548 9
0.284132 8
0.281998 8
0.278635 8
0.275735 7
0.273391 6
0.270195 6
0.268239 6
0.265054 6
0.263745 6
0.262144 6
0.258985 6
0.25702 6
0.253592 6
0.251182 5
0.247613 5
0.244044 5
0.241448 4
0.239117 3
0.237487 3
0.235927 3
0.232715 2
0.230979 2
0.228248 2
0.225433 2
0.222752 2
0.219093 2
0.21595 2
0.212992 2
0.210779 2
0.207204 2
0.204258 2
0.200867 2
0.197659 2
0.194975 2
0.19229 2
0.189349 2
0.186558 2
0.183796 1
0.180891 1
0.178921 0
0.176762 0
0.173565 0
0.171288 0
0.168243 0
0.165114 0
0.162274 0
0.159123 0
0.156915 0
0.154621 0
0.152308 0
0.149757 0
0.148064 0
0.14502 0
0.143149 0
0.139516 0
0.136572 0
0.134926 0
0.132594 0
0.130547 0
0.128507 0
0.126602 0
0.124794 0
0.123016 0
0.121062 0
0.117651 0
0.115065 0
0.113787 0
0.112746 0
0.111116 0
0.108917 0
0.107126 0
0.105204 0
0.103813 0
0.10219 0
0.101008 0
0.0987969 0
0.0977891 0
0.0947699 0
0.0916693 0
0.0898825 0
0.0877134 0
0.0865483 0
0.0843203 0
0.0830465 0
0.0814736 0
0.0791981 0
0.0779072 0
0.0765431 0
0.0743516 0
0.0729591 0
0.0714204 0
0.0690473 0
0.0685267 0
0.0662691 0
0.0651108 0
0.0639511 0
0.0617389 0
0.0603584 0
0.0594827 0
0.0575435 0
0.0558401 0
0.0539287 0
0.052274 0
0.050864 0
0.0492764 0
0.0482462 0
0.0472039 0
0.0468159 0
0.0460557 0
0.0453039 0
0.0449133 0
0.0432509 0
0.0420367 0
0.0412525 0
0.0400617 0
0.039038 0
0.0381336 0
0.0369999 0
0.0354473 0
0.0342577 0
0.0332625 0
0.0323443 0
0.0311925 0
0.0303901 0
0.0297273 0
0.0286822 0
0.0276585 0
0.026896 0
0.0262418 0
0.0255778 0
0.024806 0
0.0240215 0
0.0237631 0
0.0228494 0
0.0217104 0
0.0210774 0
0.0207017 0
0.0204423 0
0.0200899 0
0.0194419 0
0.018799 0
0.0178714 0
0.0174888 0
0.0169629 0
0.0160382 0
0.0156601 0
0.0154032 0
0.014389 0
0.0141339 0
0.013756 0
0.0125913 0
0.0117882 0
0.0116613 0
0.0110497 0
0.010801 0
0.0105357 0
0.010128 0
0.00985306 0
0.00933475 0
0.00906102 0
0.0082718 0
0.00813809 0
0.00788446 0
0.0076186 0
0.00736772 0
0.00724737 0
0.00699028 0
0.00672861 0
0.00647975 0
0.00621688 0
0.00608844 0
0.00582152 0
0.00556058 0
0.00542805 0
0.00517265 0
0.00491429 0
0.00477738 0
0.00440518 0
0.00426984 0
0.00414214 0
0.00390059 0
0.00377243 0
0.00363501 0
0.00324435 0
0.00299506 0
0.00286165 0
0.00260872 0
0.00220662 0
0.0020719 0
0.00194203 0
0.00181634 0
0.00167935 0
0.0014206 0
0.00116497 0
0.000913719 0
0.000780229 0
0.000649198 0
0.000521402 0
0.000396658 0
0.000266277 0
0.00012734 0
0 0
