0.468611 210
0.468471 210
0.468471 209
0.468433 208
0.468331 208
0.468331 207
0.468331 206
0.468331 205
0.468198 204
0.468198 203
0.468068 202
0.467943 202
0.467804 202
0.467804 200
0.467804 198
0.467804 197
0.467668 195
0.467557 194
0.467435 194
0.467332 192
0.467075 192
0.467075 190
0.466908 188
0.466908 187
0.4668 187
0.4668 186
0.46667 184
0.466597 183
0.466597 182
0.466318 179
0.466105 176
0.465977 176
0.465844 175
0.465734 174
0.465102 174
0.465102 173
0.464974 170
0.464851 169
0.464569 166
0.464569 165
0.464569 164
0.464473 163
0.46425 162
0.464105 161
0.464105 159
0.46369 154
0.463196 152
0.463058 151
0.46286 149
0.462618 146
0.462007 144
0.461643 141
0.461643 140
0.461377 139
0.460851 138
0.46063 137
0.460496 135
0.460496 134
0.460351 132
0.460056 131
0.459717 129
0.459554 126
0.459324 124
0.458697 124
0.458438 122
0.458054 121
0.457818 119
0.457577 118
0.45734 116
0.457221 114
0.45699 114
0.45627 113
0.455346 110
0.45492 109
0.454468 107
0.454212 107
0.45361 107
0.453214 107
0.452614 107
0.452347 104
0.451406 103
0.45082 102
0.449664 98
0.448475 96
0.44786 95
0.447608 95
0.447349 94
0.446451 92
0.445541 90
0.44471 89
0.444087 89
0.44334 86
0.442318 84
0.441562 84
0.440693 82
0.439637 81
0.438819 81
0.437911 81
0.436908 79
0.436285 78
0.435959 76
0.434887 74
0.43294 73
0.431656 73
0.430401 70
0.429672 70
0.428625 69
0.427409 68
0.42585 67
0.424605 65
0.422699 63
0.422581 62
0.421682 61
0.420567 59
0.419589 57
0.418224 57
0.418015 57
0.416334 57
0.4153 55
0.414061 54
0.412982 53
0.411067 49
0.409137 48
0.407247 47
0.40505 46
0.403357 44
0.402096 43
0.400531 40
0.399173 40
0.397828 40
0.396575 40
0.395171 39
0.393382 39
0.392171 37
0.390508 36
0.389543 35
0.388077 33
0.385892 31
0.38533 30
0.383614 30
0.381545 29
0.379841 28
0.378201 26
0.375942 26
0.373749 26
0.371904 25
0.370079 23
0.368517 23
0.367137 23
0.364904 22
0.364144 22
0.362563 21
0.360459 21
0.35873 21
0.357386 19
0.355889 19
0.354406 18
0.352493 18
0.350115 18
0.348563 18
0.346299 16
0.343976 15
0.342052 14
0.338747 14
0.336695 13
0.334571 13
0.331699 13
0.328081 13
0.32607 13
0.324157 11
0.322775 11
0.320508 11
0.317846 10
0.315916 10
0.314075 10
0.312069 10
0.309044 10
0.3063 10
0.303459 10
0.30244 10
0.299821 10
0.296416 10
0.292765 10
0.289896 10
0.287084 9
0.28422 9
0.283095 9
0.280831 9
0.277942 8
0.275136 8
0.273064 7
0.270872 7
0.268732 7
0.265446 7
0.262491 7
0.259502 5
0.257227 5
0.254224 5
0.251927 5
0.248959 5
0.24612 5
0.242702 5
0.240331 5
0.237128 5
0.234954 5
0.23186 4
0.228306 4
0.225913 4
0.223251 4
0.22008 3
0.216972 3
0.214211 3
0.211219 3
0.208258 3
0.204781 3
0.201945 3
0.199483 3
0.197468 3
0.195005 3
0.192159 3
0.189964 3
0.187063 3
0.183816 3
0.180126 2
0.177167 2
0.174522 2
0.172018 2
0.169426 2
0.166623 2
0.164732 2
0.161733 2
0.159829 2
0.157023 2
0.155199 2
0.152657 2
0.14998 2
0.147314 2
0.144081 2
0.142292 2
0.140382 2
0.136789 2
0.135011 2
0.132706 2
0.130556 1
0.127897 1
0.125319 1
0.123314 1
0.1214 1
0.118927 1
0.116867 1
0.114579 1
0.112738 1
0.110162 1
0.10785 1
0.106592 1
0.10458 1
0.102114 1
0.100178 1
0.097612 0
0.0960694 0
0.09456 0
0.0922507 0
0.0901869 0
0.0881217 0
0.0864839 0
0.0841347 0
0.0822716 0
0.0811328 0
0.0782284 0
0.0760509 0
0.0746497 0
0.0736089 0
0.0720634 0
0.069907 0
0.0674 0
0.0659904 0
0.0638337 0
0.062589 0
0.0606876 0
0.0592998 0
0.0580103 0
0.0566087 0
0.0552078 0
0.0540514 0
0.0532924 0
0.0514549 0
0.0497928 0
0.0476919 0
0.0461605 0
0.04472 0
0.0432456 0
0.0415672 0
0.0409136 0
0.0389961 0
0.0372116 0
0.0357978 0
0.0340192 0
0.0330018 0
0.031733 0
0.031476 0
0.030577 0
0.0292781 0
0.0278309 0
0.0267769 0
0.0258791 0
0.0248147 0
0.0238895 0
0.0231084 0
0.0227185 0
0.0219262 0
0.0211428 0
0.0201108 0
0.0194688 0
0.0190828 0
0.0187043 0
0.0183151 0
0.0176857 0
0.0172791 0
0.016392 0
0.0156441 0
0.0150011 0
0.0144629 0
0.0139222 0
0.0133996 0
0.0125936 0
0.0114406 0
0.0113218 0
0.0108052 0
0.010687 0
0.0105541 0
0.0097935 0
0.0095371 0
0.00927607 0
0.00888474 0
0.00875204 0
0.00807958 0
0.00782755 0
0.00731238 0
0.00692726 0
0.0064148 0
0.00615998 0
0.00588888 0
0.00562578 0
0.00511701 0
0.00485532 0
0.00443592 0
0.00431613 0
0.00402609 0
0.00390064 0
0.00377831 0
0.0033878 0
0.00312101 0
0.00285424 0
0.00260239 0
0.00234797 0
0.00210263 0
0.00184923 0
0.00171454 0
0.0015741 0
0.00144147 0
0.00119591 0
0.00106358 0
0.000930987 0
0.000660932 0
0.000536874 0
0.000397744 0
0.000264725 0
0.000139603 0
0 0
