0.441572 66
0.441572 65
0.441436 65
0.441311 65
0.441196 65
0.441079 65
0.441079 64
0.441079 63
0.440949 63
0.440932 62
0.440821 62
0.440665 62
0.440428 62
0.440211 61
0.440043 58
0.439907 58
0.439785 58
0.439549 58
0.439414 57
0.43908 56
0.438841 56
0.438374 55
0.438245 54
0.43799 53
0.437638 53
0.43715 53
0.437013 53
0.436559 52
0.43629 51
0.436157 51
0.436157 50
0.436067 49
0.435802 49
0.435458 48
0.435345 48
0.435229 48
0.434743 48
0.434387 48
0.434266 48
0.433899 46
0.433074 46
0.43295 46
0.432508 44
0.431888 43
0.431353 43
0.430966 43
0.430698 43
0.43008 43
0.429442 43
0.429099 43
0.428858 43
0.428585 43
0.427717 43
0.427074 43
0.426547 43
0.425689 43
0.425024 43
0.424689 41
0.424285 41
0.423683 40
0.423351 39
0.422586 39
0.422194 39
0.421427 39
0.420255 39
0.419495 39
0.419143 39
0.417942 38
0.416812 38
0.415822 38
0.41487 37
0.413498 37
0.412851 37
0.412096 37
0.411107 37
0.409804 36
0.408782 35
0.408127 35
0.407122 35
0.405868 34
0.404957 33
0.404599 33
0.403853 33
0.402906 33
0.401508 33
0.401126 33
0.400413 32
0.39911 32
0.398051 31
0.396869 31
0.396333 30
0.395076 30
0.393746 29
0.392745 29
0.391974 29
0.390342 29
0.388965 29
0.387699 28
0.386274 27
0.385402 26
0.383973 26
0.382546 26
0.381086 26
0.379302 26
0.377793 25
0.376245 25
0.374711 22
0.373677 21
0.37184 21
0.370435 20
0.368415 20
0.366858 20
0.365296 20
0.363288 20
0.361534 18
0.35934 18
0.357834 18
0.355807 17
0.353119 17
0.351277 17
0.350148 17
0.348042 16
0.345896 14
0.342661 14
0.340538 12
0.337901 12
0.33577 12
0.332269 12
0.330622 12
0.328241 12
0.326145 11
0.32399 11
0.321086 11
0.318096 11
0.316589 11
0.314427 11
0.311112 11
0.309572 11
0.306946 10
0.304796 10
0.302655 10
0.30095 9
0.299036 9
0.296528 8
0.294993 8
0.292396 8
0.289522 8
0.287244 8
0.285013 8
0.28308 8
0.281527 8
0.278811 8
0.276495 7
0.273947 7
0.271443 7
0.26854 7
0.2661 7
0.263716 6
0.26097 5
0.25883 5
0.255503 4
0.253114 3
0.250032 3
0.247473 3
0.245195 3
0.242822 3
0.240673 3
0.236876 3
0.234463 3
0.231231 3
0.228997 3
0.225882 3
0.22141 3
0.219072 2
0.216622 2
0.21353 2
0.210485 1
0.208312 1
0.205654 1
0.203763 1
0.200448 1
0.197901 1
0.19539 1
0.192703 1
0.189903 1
0.187384 1
0.184443 1
0.182171 1
0.179823 1
0.177985 1
0.175218 1
0.173 1
0.170301 1
0.167929 0
0.164829 0
0.162404 0
0.160852 0
0.159151 0
0.156765 0
0.154107 0
0.152264 0
0.149342 0
0.146584 0
0.144787 0
0.142968 0
0.140659 0
0.138596 0
0.136246 0
0.133308 0
0.129988 0
0.127577 0
0.124828 0
0.122944 0
0.12126 0
0.118949 0
0.116732 0
0.113511 0
0.111426 0
0.109708 0
0.108708 0
0.106635 0
0.105189 0
0.103424 0
0.10127 0
0.0993454 0
0.0970457 0
0.0956245 0
0.0944886 0
0.0932352 0
0.0915976 0
0.0899442 0
0.0887875 0
0.0862053 0
0.083943 0
0.0820458 0
0.0810266 0
0.0796167 0
0.0774235 0
0.0741662 0
0.07277 0
0.071444 0
0.0696545 0
0.068217 0
0.066941 0
0.0650192 0
0.0636077 0
0.0624643 0
0.0608152 0
0.0587243 0
0.0578174 0
0.0564086 0
0.054732 0
0.0532852 0
0.0519956 0
0.0509863 0
0.0502304 0
0.0489634 0
0.0481868 0
0.0467909 0
0.0453536 0
0.0438032 0
0.042026 0
0.0410985 0
0.0396537 0
0.0385172 0
0.0377442 0
0.0368713 0
0.0362303 0
0.0353265 0
0.033992 0
0.0329929 0
0.0322087 0
0.0303638 0
0.0295985 0
0.028356 0
0.0277241 0
0.0265454 0
0.0255039 0
0.0248597 0
0.0243494 0
0.0241029 0
0.0238517 0
0.0232402 0
0.0221926 0
0.0219294 0
0.0210383 0
0.0207774 0
0.0203817 0
0.0194714 0
0.018835 0
0.0180581 0
0.0173885 0
0.0165956 0
0.0160909 0
0.0156767 0
0.0150557 0
0.0143056 0
0.0140425 0
0.0135007 0
0.0125898 0
0.0121881 0
0.0116808 0
0.0112813 0
0.0108885 0
0.0107549 0
0.0104961 0
0.00984927 0
0.00906821 0
0.00840784 0
0.00828159 0
0.00815929 0
0.00790829 0
0.00750608 0
0.00737349 0
0.0072321 0
0.00695625 0
0.00657097 0
0.00631528 0
0.00604437 0
0.00566476 0
0.00553696 0
0.00541694 0
0.00529446 0
0.00454848 0
0.00441152 0
0.00428135 0
0.00349715 0
0.00336734 0
0.00311591 0
0.00272292 0
0.00259733 0
0.00221046 0
0.00207667 0
0.00183433 0
0.00170143 0
0.00157524 0
0.0013115 0
0.00117944 0
0.000920762 0
0.000787969 0
0.000658487 0
0.000521702 0
0.000402937 0
0.000264001 0
0.000127951 0
0 0
