0.441155 59
0.441039 59
0.440905 59
0.440783 59
0.440648 59
0.440546 59
0.440441 59
0.440318 59
0.440318 58
0.440318 57
0.440212 57
0.440084 57
0.439818 57
0.439722 56
0.439603 56
0.439475 56
0.439357 56
0.439227 56
0.439227 55
0.438712 54
0.438338 53
0.438278 52
0.438167 52
0.437954 52
0.437446 52
0.437196 52
0.436697 52
0.436075 52
0.435453 52
0.435311 51
0.435177 50
0.434768 50
0.434269 50
0.434146 50
0.433916 49
0.433651 49
0.433545 48
0.433298 48
0.433042 48
0.432695 47
0.432213 47
0.431462 47
0.431338 47
0.430675 47
0.43006 47
0.429678 47
0.42882 46
0.428295 46
0.42757 45
0.426828 43
0.425915 43
0.425795 43
0.425281 43
0.425145 43
0.424776 42
0.424406 42
0.423637 42
0.42276 42
0.422013 42
0.420986 42
0.420466 41
0.420037 40
0.419243 40
0.418515 39
0.417032 39
0.416283 39
0.415174 39
0.414389 39
0.413644 39
0.412811 38
0.411944 38
0.411069 38
0.410182 38
0.409203 38
0.407851 38
0.407208 37
0.405682 35
0.40322 33
0.402246 32
0.40057 32
0.398897 32
0.397717 32
0.396912 32
0.395876 31
0.394693 30
0.393746 29
0.392303 28
0.391809 28
0.389378 27
0.387113 27
0.385991 27
0.384223 27
0.382808 27
0.381569 26
0.379586 25
0.378767 25
0.37739 24
0.376245 22
0.374886 21
0.373872 21
0.371902 21
0.36976 20
0.36812 19
0.366248 18
0.364784 18
0.362867 18
0.361592 18
0.359241 18
0.357259 18
0.355902 17
0.353914 16
0.352147 16
0.350218 16
0.348284 16
0.347021 16
0.345796 16
0.344173 16
0.34193 16
0.33909 15
0.336364 15
0.334445 15
0.331998 15
0.330359 15
0.327797 15
0.325595 15
0.323615 15
0.3214 14
0.318871 13
0.316523 12
0.312916 12
0.311347 12
0.309986 12
0.30737 11
0.305379 11
0.303442 11
0.302347 11
0.299762 10
0.297291 9
0.294729 9
0.291683 7
0.289315 7
0.287327 7
0.284578 6
0.280784 6
0.278506 6
0.276306 6
0.2734 6
0.270306 6
0.268044 6
0.265732 6
0.263327 6
0.260596 6
0.258186 6
0.255419 6
0.253949 6
0.250774 6
0.246857 6
0.244231 6
0.240744 6
0.237399 6
0.234121 6
0.230852 6
0.228075 6
0.225707 6
0.222611 6
0.220102 6
0.217731 5
0.213574 5
0.210546 5
0.20759 5
0.203768 5
0.200093 5
0.197331 4
0.194762 4
0.192601 4
0.19027 4
0.186882 3
0.183459 3
0.181662 3
0.178638 2
0.17536 2
0.172066 2
0.17015 2
0.167794 1
0.165412 1
0.162705 1
0.159437 1
0.157241 1
0.154372 1
0.150056 1
0.146916 1
0.144874 1
0.142551 1
0.139861 1
0.137679 1
0.135077 1
0.131223 1
0.12822 1
0.126068 1
0.123215 1
0.120757 1
0.119467 1
0.117365 0
0.115218 0
0.113654 0
0.111244 0
0.109165 0
0.107652 0
0.105472 0
0.103446 0
0.100878 0
0.0988761 0
0.0969227 0
0.0949887 0
0.0931142 0
0.0913452 0
0.0892618 0
0.0871644 0
0.0852689 0
0.0834826 0
0.082209 0
0.0798432 0
0.0778989 0
0.0762434 0
0.0748653 0
0.0730786 0
0.0708575 0
0.0694345 0
0.0678769 0
0.0668531 0
0.0650404 0
0.0633772 0
0.061974 0
0.0605517 0
0.0589591 0
0.0571479 0
0.0554682 0
0.0545562 0
0.0537725 0
0.0521251 0
0.050689 0
0.0491922 0
0.0481616 0
0.0467515 0
0.0448724 0
0.0439596 0
0.0431993 0
0.0419304 0
0.0405356 0
0.0392282 0
0.0380486 0
0.0369014 0
0.0357412 0
0.0354912 0
0.0345101 0
0.0334853 0
0.032455 0
0.0314221 0
0.030782 0
0.030133 0
0.0287446 0
0.0275523 0
0.0269178 0
0.026555 0
0.0259259 0
0.0250423 0
0.0241674 0
0.0237546 0
0.0224661 0
0.02194 0
0.0211846 0
0.0202942 0
0.0196414 0
0.0190072 0
0.0182302 0
0.0176952 0
0.0166832 0
0.0153703 0
0.0140926 0
0.0138175 0
0.0135594 0
0.0129169 0
0.0127038 0
0.0122282 0
0.011621 0
0.0109894 0
0.0107281 0
0.010454 0
0.010321 0
0.0100659 0
0.00954531 0
0.00889054 0
0.00876285 0
0.00850542 0
0.00837412 0
0.00786388 0
0.00722906 0
0.00668051 0
0.00640124 0
0.00605072 0
0.00549978 0
0.00497553 0
0.004289 0
0.00414554 0
0.00389917 0
0.00364087 0
0.00326745 0
0.00300782 0
0.00273838 0
0.0023562 0
0.00221045 0
0.00208753 0
0.00197276 0
0.00185954 0
0.00173016 0
0.00146098 0
0.00132382 0
0.00119372 0
0.0010465 0
0.000912819 0
0.000776364 0
0.000647679 0
0.000516706 0
0.000389662 0
0.00026609 0
0.000130156 0
0 0
