0.685167 128 106.29
0.685167 127 106.53
0.685167 126 106.54
0.685167 125 106.59
0.685167 124 106.61
0.685167 123 106.62
0.684974 123 106.63
0.684781 123 106.67
0.684781 122 106.69
0.684587 122 106.7
0.684394 121 106.72
0.6842 121 106.73
0.684007 121 106.76
0.683814 121 106.79
0.68362 121 106.8
0.683233 121 106.83
0.68304 121 106.85
0.682847 121 106.86
0.682653 120 106.87
0.682653 119 106.89
0.682653 118 106.9
0.68246 117 106.92
0.682266 117 106.93
0.682073 117 106.94
0.681686 117 106.95
0.681493 117 106.96
0.681106 117 106.97
0.680719 114 106.98
0.680333 113 106.99
0.679946 113 107.01
0.679752 112 107.03
0.679366 110 107.05
0.679172 109 107.06
0.678979 106 107.07
0.678979 105 107.08
0.678205 105 107.11
0.678012 105 107.12
0.677819 105 107.13
0.677432 104 107.14
0.677432 103 107.15
0.677045 103 107.16
0.676658 102 107.17
0.676272 101 107.18
0.675885 99 107.19
0.675691 99 107.2
0.674918 98 107.21
0.674144 96 107.22
0.673564 94 107.23
0.673177 94 107.24
0.672404 93 107.25
0.67221 92 107.26
0.67163 91 107.27
0.67105 90 107.28
0.670857 90 107.29
0.66989 89 107.3
0.669116 88 107.31
0.668536 86 107.32
0.667763 84 107.33
0.667569 83 107.34
0.667182 83 107.35
0.666602 82 107.36
0.665829 79 107.37
0.664862 78 107.38
0.663701 78 107.39
0.663508 78 107.4
0.663315 77 107.41
0.663121 77 107.42
0.662734 76 107.43
0.662348 75 107.44
0.661961 74 107.45
0.660801 73 107.46
0.659834 72 107.47
0.65906 72 107.48
0.65848 70 107.49
0.6579 67 107.5
0.657126 66 107.51
0.656353 66 107.52
0.655579 66 107.53
0.654806 65 107.54
0.653839 65 107.55
0.652872 64 107.56
0.652292 63 107.57
0.651325 62 107.58
0.649971 62 107.59
0.648811 62 107.6
0.647264 60 107.61
0.646297 60 107.62
0.645136 60 107.63
0.644169 60 107.64
0.643589 57 107.65
0.642622 57 107.66
0.641462 56 107.67
0.639915 56 107.68
0.639335 56 107.69
0.638368 56 107.7
0.636434 56 107.71
0.634307 56 107.72
0.632179 56 107.73
0.630826 54 107.74
0.629085 53 107.75
0.627732 52 107.76
0.626184 51 107.77
0.622897 51 107.78
0.621543 51 107.79
0.62019 51 107.8
0.619029 51 107.81
0.617675 51 107.82
0.616322 49 107.83
0.613614 49 107.84
0.612841 48 107.85
0.611487 47 107.86
0.609747 45 107.87
0.606652 45 107.88
0.604719 45 107.89
0.601624 44 107.9
0.600271 42 107.91
0.598917 42 107.92
0.597177 42 107.93
0.595243 39 107.94
0.593502 36 107.95
0.591375 36 107.96
0.587894 34 107.97
0.586927 34 107.98
0.584413 32 107.99
0.581512 32 108
0.578805 30 108.01
0.576484 28 108.02
0.574164 28 108.03
0.572617 27 108.04
0.570489 25 108.05
0.568749 24 108.06
0.564494 24 108.07
0.56256 24 108.08
0.561594 24 108.09
0.560046 24 108.1
0.558306 23 108.11
0.556179 22 108.12
0.554051 22 108.13
0.550377 21 108.14
0.546509 21 108.15
0.544576 21 108.16
0.542448 19 108.17
0.539161 19 108.18
0.535873 19 108.19
0.532779 19 108.2
0.530458 19 108.21
0.527751 18 108.22
0.52427 18 108.23
0.520789 18 108.24
0.518275 17 108.25
0.514794 17 108.26
0.511506 16 108.27
0.509186 15 108.28
0.507059 15 108.29
0.503384 14 108.3
0.500483 14 108.31
0.497389 14 108.32
0.494295 14 108.33
0.491008 13 108.34
0.488494 13 108.35
0.484046 13 108.36
0.480758 13 108.37
0.477857 13 108.38
0.474376 13 108.39
0.470509 12 108.4
0.467995 12 108.41
0.46432 11 108.42
0.461226 11 108.43
0.458132 11 108.44
0.455038 11 108.45
0.45175 11 108.46
0.448463 11 108.47
0.443821 10 108.48
0.440727 10 108.49
0.43802 9 108.5
0.434926 9 108.51
0.431058 9 108.52
0.427577 8 108.53
0.424289 8 108.54
0.419068 8 108.55
0.414813 7 108.56
0.411332 6 108.57
0.406498 6 108.58
0.403597 6 108.59
0.398762 6 108.6
0.397022 6 108.61
0.394508 6 108.62
0.389867 6 108.63
0.386772 6 108.64
0.381744 6 108.65
0.378263 5 108.66
0.372849 5 108.67
0.367434 5 108.68
0.363566 4 108.69
0.360085 3 108.7
0.357571 3 108.71
0.35525 3 108.72
0.350609 2 108.73
0.347902 2 108.74
0.343841 2 108.75
0.339586 2 108.76
0.335525 2 108.77
0.329917 2 108.78
0.325276 2 108.79
0.320634 2 108.8
0.317153 2 108.81
0.311739 2 108.82
0.307291 2 108.83
0.302263 2 108.84
0.297428 2 108.85
0.293367 2 108.86
0.289306 2 108.87
0.284858 2 108.88
0.280603 2 108.89
0.276542 1 108.9
0.272094 1 108.91
0.269194 0 108.92
0.265906 0 108.93
0.261071 0 108.94
0.25759 0 108.95
0.252949 0 108.96
0.248308 0 108.97
0.244053 0 108.98
0.239219 0 108.99
0.235931 0 109
0.23245 0 109.01
0.228969 0 109.02
0.225102 0 109.03
0.222588 0 109.04
0.217946 0 109.05
0.215045 0 109.06
0.209631 0 109.07
0.205183 0 109.08
0.202669 0 109.09
0.199188 0 109.1
0.196094 0 109.11
0.192999 0 109.12
0.190099 0 109.13
0.187391 0 109.14
0.184684 0 109.15
0.181783 0 109.16
0.176562 0 109.17
0.172694 0 109.18
0.17076 0 109.19
0.169213 0 109.2
0.166699 0 109.21
0.163411 0 109.22
0.160704 0 109.23
0.157803 0 109.24
0.155676 0 109.25
0.153162 0 109.26
0.151421 0 109.27
0.148134 0 109.28
0.146587 0 109.29
0.142139 0 109.3
0.137498 0 109.31
0.13479 0 109.32
0.131503 0 109.33
0.129762 0 109.34
0.126475 0 109.35
0.124541 0 109.36
0.12222 0 109.37
0.118739 0 109.38
0.116805 0 109.39
0.114678 0 109.4
0.11139 0 109.41
0.109263 0 109.42
0.106943 0 109.43
0.103462 0 109.44
0.102688 0 109.45
0.0992071 0 109.46
0.0974666 0 109.47
0.0957262 0 109.48
0.0924386 0 109.49
0.0903114 0 109.5
0.0889576 0 109.51
0.0860569 0 109.52
0.0835428 0 109.53
0.080642 0 109.54
0.078128 0 109.55
0.0760008 0 109.56
0.0736801 0 109.57
0.072133 0 109.58
0.070586 0 109.59
0.0700058 0 109.6
0.0688455 0 109.61
0.0676852 0 109.62
0.067105 0 109.63
0.064591 0 109.64
0.0628505 0 109.65
0.0616902 0 109.66
0.0599497 0 109.67
0.0584026 0 109.68
0.0570489 0 109.69
0.0553085 0 109.7
0.0529878 0 109.71
0.0512473 0 109.72
0.0497003 0 109.73
0.0483465 0 109.74
0.0466061 0 109.75
0.0454458 0 109.76
0.0444788 0 109.77
0.0429317 0 109.78
0.0413846 0 109.79
0.0402243 0 109.8
0.0392574 0 109.81
0.0382905 0 109.82
0.0371301 0 109.83
0.0359698 0 109.84
0.0355831 0 109.85
0.0342294 0 109.86
0.0324889 0 109.87
0.0315219 0 109.88
0.0309418 0 109.89
0.030555 0 109.9
0.0299749 0 109.91
0.0290079 0 109.92
0.028041 0 109.93
0.0266873 0 109.94
0.0261071 0 109.95
0.0253336 0 109.96
0.0239799 0 109.97
0.0233997 0 109.98
0.023013 0 109.99
0.0214659 0 110
0.0210791 0 110.01
0.0204989 0 110.02
0.0187585 0 110.03
0.0175981 0 110.04
0.0174048 0 110.05
0.0164378 0 110.06
0.0160511 0 110.07
0.0156643 0 110.08
0.0150841 0 110.09
0.0146974 0 110.1
0.0139238 0 110.11
0.013537 0 110.12
0.0123767 0 110.13
0.0121833 0 110.14
0.0117966 0 110.15
0.0114098 0 110.16
0.011023 0 110.17
0.0108296 0 110.2
0.0104429 0 110.21
0.0100561 0 110.22
0.00966931 0 110.23
0.00928254 0 110.24
0.00908915 0 110.25
0.00870238 0 110.26
0.00831561 0 110.27
0.00812222 0 110.28
0.00773545 0 110.29
0.00734868 0 110.3
0.00715529 0 110.31
0.00657513 0 110.32
0.00638174 0 110.33
0.00618836 0 110.35
0.00580159 0 110.36
0.0056082 0 110.38
0.00541481 0 110.39
0.00483465 0 110.4
0.00444788 0 110.41
0.0042545 0 110.42
0.00386772 0 110.43
0.00328757 0 110.44
0.00309418 0 110.46
0.00290079 0 110.47
0.00270741 0 110.5
0.00251402 0 110.51
0.00212725 0 110.54
0.00174048 0 110.56
0.0013537 0 110.7
0.00116032 0 110.71
0.000966931 0 110.76
0.000773545 0 110.89
0.000580159 0 110.9
0.000386772 0 110.92
0.000193386 0 111.01
0 0 1.79769e+308
