0.699284 205 54.22
0.699091 205 54.24
0.699091 204 54.51
0.699091 203 54.53
0.698898 203 54.61
0.698898 202 54.62
0.698898 201 54.64
0.698898 200 54.65
0.698704 199 54.66
0.698704 198 54.67
0.698511 197 54.69
0.698318 197 54.7
0.698124 197 54.72
0.698124 195 54.73
0.698124 193 54.75
0.698124 192 54.76
0.697931 190 54.79
0.697737 189 54.83
0.697544 189 54.85
0.697351 187 54.86
0.696964 187 54.87
0.696964 185 54.88
0.69677 183 54.89
0.69677 182 54.91
0.69677 181 54.92
0.696577 179 54.93
0.696577 178 54.95
0.696577 177 54.96
0.69619 174 54.97
0.695997 171 54.98
0.695804 171 54.99
0.695804 170 55
0.69561 169 55.01
0.694643 169 55.02
0.694643 168 55.03
0.69445 165 55.04
0.694256 164 55.05
0.69387 161 55.06
0.69387 160 55.07
0.69387 159 55.08
0.69387 158 55.09
0.69387 157 55.1
0.693676 156 55.12
0.693676 154 55.13
0.693096 149 55.14
0.692323 147 55.15
0.692129 146 55.16
0.691936 144 55.17
0.691549 141 55.18
0.690582 139 55.19
0.690195 136 55.2
0.690195 135 55.21
0.689809 134 55.22
0.689228 133 55.23
0.688842 132 55.24
0.688648 130 55.25
0.688648 129 55.26
0.688455 127 55.27
0.688068 126 55.28
0.687488 124 55.29
0.687295 121 55.3
0.687101 119 55.31
0.686134 119 55.32
0.685941 117 55.33
0.685361 116 55.34
0.684781 114 55.35
0.684394 113 55.36
0.684007 111 55.37
0.683814 109 55.38
0.683427 109 55.39
0.68246 108 55.4
0.6813 105 55.41
0.680913 104 55.42
0.680139 103 55.43
0.679752 103 55.44
0.678786 103 55.45
0.678205 103 55.46
0.677238 103 55.47
0.676852 100 55.48
0.675498 99 55.49
0.674724 98 55.5
0.673177 94 55.51
0.671437 92 55.52
0.67047 91 55.53
0.670083 91 55.54
0.669696 90 55.55
0.668343 88 55.56
0.667182 86 55.57
0.665829 85 55.58
0.665055 85 55.59
0.663895 82 55.6
0.662348 80 55.61
0.661187 80 55.62
0.659834 78 55.63
0.658093 77 55.64
0.65674 77 55.65
0.655386 77 55.66
0.654032 75 55.67
0.653065 74 55.68
0.652678 73 55.69
0.651131 72 55.7
0.648037 71 55.71
0.646103 71 55.72
0.644363 68 55.73
0.643202 68 55.74
0.641462 67 55.75
0.639722 66 55.76
0.637594 66 55.77
0.63566 64 55.78
0.632953 62 55.79
0.63276 61 55.8
0.631599 60 55.81
0.630052 58 55.82
0.628699 56 55.83
0.626571 56 55.84
0.626184 56 55.85
0.62367 56 55.86
0.622317 54 55.87
0.620576 53 55.88
0.619029 52 55.89
0.616515 48 55.9
0.613614 47 55.91
0.610714 46 55.92
0.607426 45 55.93
0.605105 43 55.94
0.603172 42 55.95
0.600851 39 55.96
0.598724 39 55.97
0.596596 39 55.98
0.594856 39 55.99
0.592729 38 56
0.590021 38 56.01
0.588474 36 56.02
0.586347 35 56.03
0.584993 34 56.04
0.583253 32 56.05
0.580159 30 56.06
0.579385 29 56.07
0.576871 29 56.08
0.573777 28 56.09
0.571263 27 56.1
0.568749 25 56.11
0.565268 25 56.12
0.56198 25 56.13
0.559273 24 56.14
0.556759 22 56.15
0.554438 22 56.16
0.552311 22 56.17
0.549023 21 56.18
0.547863 21 56.19
0.545736 20 56.2
0.542642 20 56.21
0.539934 20 56.22
0.538194 18 56.23
0.535873 18 56.24
0.533553 17 56.25
0.530458 17 56.26
0.526591 17 56.27
0.52427 17 56.28
0.520982 15 56.29
0.517501 14 56.3
0.514601 13 56.31
0.509959 13 56.32
0.506865 12 56.33
0.503771 12 56.34
0.499323 12 56.35
0.493715 12 56.36
0.490621 12 56.37
0.487913 11 56.38
0.485786 11 56.39
0.482305 11 56.4
0.478437 10 56.41
0.475537 10 56.42
0.472829 10 56.43
0.469735 10 56.44
0.465094 10 56.45
0.460839 10 56.46
0.456585 10 56.47
0.455231 10 56.48
0.45117 10 56.49
0.445949 10 56.5
0.44034 10 56.51
0.436086 10 56.52
0.431831 9 56.53
0.427383 9 56.54
0.425643 9 56.55
0.422162 9 56.56
0.417908 8 56.57
0.413846 8 56.58
0.410752 7 56.59
0.407465 7 56.6
0.404177 7 56.61
0.399149 7 56.62
0.394895 7 56.63
0.390253 5 56.64
0.386772 5 56.65
0.382325 5 56.66
0.379037 5 56.67
0.374589 5 56.68
0.370528 5 56.69
0.365307 5 56.7
0.361632 5 56.71
0.356798 5 56.72
0.35351 5 56.73
0.348869 4 56.74
0.343454 4 56.75
0.33978 4 56.76
0.335718 4 56.77
0.331271 3 56.78
0.326436 3 56.79
0.322181 3 56.8
0.317734 3 56.81
0.313286 3 56.82
0.308064 3 56.83
0.303616 3 56.84
0.300135 3 56.85
0.297041 3 56.86
0.293173 3 56.87
0.288919 3 56.88
0.285825 3 56.89
0.281184 3 56.9
0.276349 3 56.91
0.270934 2 56.92
0.266293 2 56.93
0.262232 2 56.94
0.258557 2 56.95
0.25469 2 56.96
0.250435 2 56.97
0.247534 2 56.98
0.242893 2 56.99
0.239992 2 57
0.235738 2 57.01
0.23303 2 57.02
0.229163 2 57.03
0.225102 2 57.04
0.22104 2 57.05
0.216206 2 57.06
0.213498 2 57.07
0.210598 2 57.08
0.205183 2 57.09
0.202475 2 57.1
0.198994 2 57.11
0.1959 1 57.12
0.192032 1 57.13
0.188165 1 57.14
0.185071 1 57.15
0.18217 1 57.16
0.178302 1 57.17
0.175208 1 57.18
0.171727 1 57.19
0.16902 1 57.2
0.165152 1 57.21
0.161671 1 57.22
0.159737 1 57.23
0.156643 1 57.24
0.152968 1 57.25
0.150068 1 57.26
0.1462 0 57.27
0.143879 0 57.28
0.141559 0 57.29
0.138078 0 57.3
0.134984 0 57.31
0.131889 0 57.32
0.129375 0 57.33
0.125894 0 57.34
0.122994 0 57.35
0.121253 0 57.36
0.116805 0 57.37
0.113518 0 57.38
0.11139 0 57.39
0.109843 0 57.4
0.107523 0 57.41
0.104235 0 57.42
0.100561 0 57.43
0.0984336 0 57.44
0.095146 0 57.45
0.0932121 0 57.46
0.0903114 0 57.47
0.0881841 0 57.48
0.0864436 0 57.49
0.0843164 0 57.5
0.0821891 0 57.51
0.080642 0 57.52
0.0794817 0 57.53
0.0767743 0 57.54
0.0742603 0 57.55
0.0711661 0 57.56
0.0688455 0 57.57
0.0667182 0 57.58
0.064591 0 57.59
0.062077 0 57.6
0.06111 0 57.61
0.0582092 0 57.62
0.0555018 0 57.63
0.0533746 0 57.64
0.0506672 0 57.65
0.0491201 0 57.66
0.0471862 0 57.67
0.0467995 0 57.68
0.0454458 0 57.69
0.0435119 0 57.7
0.0413846 0 57.71
0.0398376 0 57.72
0.0384839 0 57.73
0.0369368 0 57.74
0.0355831 0 57.75
0.0344227 0 57.76
0.0338426 0 57.77
0.0326823 0 57.78
0.0315219 0 57.79
0.0299749 0 57.8
0.0290079 0 57.81
0.0284278 0 57.82
0.0278476 0 57.83
0.0272675 0 57.84
0.0263005 0 57.85
0.0257204 0 57.86
0.0243667 0 57.87
0.0232063 0 57.88
0.0222394 0 57.89
0.0214659 0 57.9
0.0206923 0 57.91
0.0199188 0 57.92
0.0187585 0 57.93
0.017018 0 57.94
0.0168246 0 57.95
0.0160511 0 57.96
0.0158577 0 57.97
0.0156643 0 57.98
0.014504 0 57.99
0.0141172 0 58
0.0137304 0 58.01
0.0131503 0 58.02
0.0129569 0 58.03
0.0119899 0 58.04
0.0116032 0 58.05
0.0108296 0 58.06
0.0102495 0 58.08
0.00947592 0 58.09
0.00908915 0 58.1
0.00870238 0 58.11
0.00831561 0 58.12
0.00754206 0 58.14
0.00715529 0 58.15
0.00657513 0 58.16
0.00638174 0 58.17
0.00599497 0 58.18
0.00580159 0 58.19
0.0056082 0 58.21
0.00502804 0 58.22
0.00464127 0 58.23
0.0042545 0 58.24
0.00386772 0 58.29
0.00348095 0 58.3
0.00309418 0 58.33
0.00270741 0 58.34
0.00251402 0 58.35
0.00232063 0 58.38
0.00212725 0 58.39
0.00174048 0 58.4
0.00154709 0 58.41
0.0013537 0 58.44
0.000966931 0 58.48
0.000773545 0 58.5
0.000580159 0 58.55
0.000386772 0 58.56
0.000193386 0 58.59
0 0 1.79769e+308
