0.461131 179
0.461131 178
0.461131 177
0.461131 176
0.461131 175
0.461038 174
0.461038 173
0.460924 172
0.460924 171
0.460924 170
0.460924 169
0.460835 168
0.460835 167
0.460835 165
0.460711 165
0.460497 164
0.460497 163
0.460497 162
0.460384 162
0.460254 161
0.460254 160
0.460151 159
0.46 159
0.46 158
0.459863 158
0.459742 158
0.459331 158
0.459092 158
0.458971 158
0.45875 156
0.458744 155
0.458744 154
0.45863 153
0.458532 152
0.458391 152
0.458277 151
0.457934 151
0.457792 151
0.457398 151
0.457155 147
0.456605 144
0.456238 144
0.455983 142
0.455983 141
0.455585 138
0.455585 137
0.455452 136
0.45516 133
0.45507 132
0.454595 132
0.454595 131
0.454449 130
0.454327 130
0.453952 129
0.453613 128
0.453365 128
0.453139 127
0.452892 125
0.452516 123
0.452177 123
0.451724 121
0.450948 118
0.450555 117
0.45018 117
0.449695 116
0.449495 114
0.449146 113
0.448449 111
0.448314 110
0.447439 108
0.446894 106
0.446196 103
0.445596 100
0.445275 98
0.444914 98
0.444515 97
0.443832 94
0.443043 93
0.442367 93
0.442233 93
0.442002 91
0.441887 91
0.441299 89
0.440936 88
0.440622 87
0.439666 86
0.438982 85
0.438378 85
0.437856 83
0.437385 80
0.436722 79
0.436049 78
0.435466 78
0.434803 75
0.434187 75
0.43345 74
0.433078 73
0.432073 72
0.431197 72
0.430455 72
0.429525 70
0.42893 70
0.428174 69
0.427303 69
0.426839 66
0.426138 66
0.425389 65
0.42452 65
0.42403 64
0.423396 64
0.422213 63
0.420837 63
0.419328 63
0.418251 61
0.416819 59
0.41598 58
0.414752 57
0.412483 57
0.411644 57
0.410639 57
0.409759 57
0.409049 57
0.407995 55
0.406114 54
0.405722 53
0.404761 52
0.403662 50
0.401774 50
0.40069 50
0.398759 49
0.3977 46
0.396684 46
0.395619 46
0.394066 43
0.392852 40
0.391489 40
0.388882 38
0.388246 38
0.386442 36
0.384618 36
0.382694 34
0.381048 32
0.379389 32
0.37814 31
0.376573 29
0.375467 28
0.372562 28
0.371223 28
0.370498 28
0.369513 28
0.36841 27
0.366862 25
0.365444 25
0.36309 24
0.360839 24
0.359632 24
0.358199 22
0.356127 22
0.354033 21
0.352102 21
0.350664 21
0.348927 20
0.346602 19
0.344371 19
0.34262 18
0.340462 18
0.338355 17
0.336766 16
0.3354 16
0.332919 15
0.331005 15
0.328975 15
0.326929 15
0.324652 14
0.32298 13
0.320067 13
0.317873 13
0.316017 13
0.313976 13
0.311346 12
0.309714 12
0.307249 11
0.305195 11
0.303165 11
0.301277 11
0.299188 11
0.29721 11
0.294106 10
0.291999 10
0.290121 9
0.288092 9
0.285559 9
0.283143 8
0.28127 8
0.277907 8
0.275225 7
0.272881 6
0.269685 6
0.26773 6
0.264544 6
0.263235 6
0.261634 6
0.258475 6
0.25651 6
0.253083 6
0.25081 5
0.247245 5
0.243677 5
0.241081 4
0.23875 3
0.237121 3
0.235561 3
0.232348 2
0.230612 2
0.227881 2
0.225068 2
0.222606 2
0.218947 2
0.215804 2
0.212847 2
0.210633 2
0.207059 2
0.204113 2
0.200721 2
0.19751 2
0.194827 2
0.192142 2
0.1892 2
0.18641 2
0.183648 1
0.180743 1
0.178772 0
0.176614 0
0.173416 0
0.17114 0
0.168095 0
0.164966 0
0.162125 0
0.158974 0
0.156766 0
0.154473 0
0.15216 0
0.149608 0
0.147915 0
0.144871 0
0.143001 0
0.139383 0
0.136437 0
0.134791 0
0.132459 0
0.130412 0
0.128372 0
0.126467 0
0.124659 0
0.122881 0
0.120927 0
0.117516 0
0.11493 0
0.113652 0
0.112611 0
0.110981 0
0.108782 0
0.106991 0
0.105069 0
0.103678 0
0.102055 0
0.100873 0
0.098662 0
0.0976542 0
0.094635 0
0.0915344 0
0.0897476 0
0.0877062 0
0.0865412 0
0.0843131 0
0.0830394 0
0.0814665 0
0.0791909 0
0.0779 0
0.0765359 0
0.0743444 0
0.0729519 0
0.0714156 0
0.0690424 0
0.0685219 0
0.0662643 0
0.0651102 0
0.0639505 0
0.0617383 0
0.0603578 0
0.0594821 0
0.0575429 0
0.0558395 0
0.0539282 0
0.0522734 0
0.0508634 0
0.0492758 0
0.0482456 0
0.0472033 0
0.0468153 0
0.0460552 0
0.0453034 0
0.0449128 0
0.0432503 0
0.0420361 0
0.0412519 0
0.0400611 0
0.0390374 0
0.038133 0
0.0369993 0
0.0354467 0
0.0342571 0
0.0332619 0
0.0323438 0
0.031192 0
0.0303896 0
0.0297268 0
0.0286816 0
0.0276579 0
0.0268955 0
0.0262412 0
0.0255772 0
0.0248054 0
0.0240209 0
0.0237625 0
0.0228494 0
0.0217104 0
0.0210774 0
0.0207017 0
0.0204423 0
0.0200899 0
0.0194419 0
0.018799 0
0.0178714 0
0.0174888 0
0.0169629 0
0.0160382 0
0.0156601 0
0.0154032 0
0.014389 0
0.0141339 0
0.013756 0
0.0125913 0
0.0117882 0
0.0116613 0
0.0110497 0
0.010801 0
0.0105357 0
0.010128 0
0.00985306 0
0.00933475 0
0.00906102 0
0.0082718 0
0.00813809 0
0.00788446 0
0.0076186 0
0.00736772 0
0.00724737 0
0.00699028 0
0.00672861 0
0.00647975 0
0.00621688 0
0.00608844 0
0.00582152 0
0.00556058 0
0.00542805 0
0.00517265 0
0.00491429 0
0.00477738 0
0.00440518 0
0.00426984 0
0.00414214 0
0.00390059 0
0.00377243 0
0.00363501 0
0.00324435 0
0.00299506 0
0.00286165 0
0.00260872 0
0.00220662 0
0.0020719 0
0.00194203 0
0.00181634 0
0.00167935 0
0.0014206 0
0.00116497 0
0.000913719 0
0.000780229 0
0.000649198 0
0.000521402 0
0.000396658 0
0.000266277 0
0.00012734 0
0 0
