0.43466 266
0.43466 265
0.434541 265
0.434541 264
0.434541 263
0.434541 262
0.434541 261
0.434541 260
0.434541 259
0.434541 258
0.434438 258
0.434304 258
0.434205 258
0.434205 257
0.434205 256
0.434205 255
0.434068 254
0.433949 254
0.433949 253
0.433849 253
0.433733 253
0.433733 252
0.433733 251
0.433585 251
0.433488 251
0.433488 250
0.433373 249
0.433373 248
0.433253 248
0.433125 248
0.433125 247
0.432992 247
0.432992 246
0.432864 245
0.432864 243
0.432864 242
0.432864 241
0.432625 241
0.432625 240
0.432615 239
0.432615 238
0.432615 237
0.432615 236
0.432615 235
0.432481 235
0.43236 235
0.43236 234
0.43236 232
0.43236 231
0.43236 230
0.432133 230
0.432019 230
0.432019 229
0.432019 228
0.432019 226
0.432019 225
0.432019 224
0.432019 222
0.432019 221
0.431905 219
0.43178 219
0.431657 219
0.431657 218
0.431657 217
0.431657 216
0.431657 215
0.431592 214
0.431466 213
0.431334 213
0.431334 212
0.431203 210
0.431203 209
0.431085 208
0.430848 207
0.43072 207
0.43072 206
0.430606 206
0.430491 206
0.430035 204
0.430035 203
0.430035 201
0.429803 200
0.429674 200
0.429674 199
0.429566 199
0.429443 198
0.429318 198
0.42922 198
0.429102 198
0.428973 198
0.428973 197
0.428716 197
0.428451 196
0.428366 195
0.428136 195
0.428017 195
0.427533 195
0.427533 194
0.427533 193
0.427417 193
0.427207 192
0.426981 192
0.426723 192
0.426586 190
0.426586 189
0.426477 189
0.426243 187
0.426238 185
0.426117 184
0.425994 183
0.425994 182
0.425759 182
0.425629 182
0.425475 180
0.425361 180
0.425249 180
0.425137 180
0.425025 180
0.424796 178
0.424675 178
0.424546 178
0.42417 178
0.424054 178
0.424054 177
0.423915 176
0.423826 175
0.42356 175
0.42333 175
0.4232 175
0.423113 174
0.422926 174
0.422926 173
0.422666 173
0.422443 173
0.422199 173
0.422199 172
0.421963 170
0.421833 170
0.421697 170
0.421697 169
0.421697 168
0.421576 168
0.421302 167
0.420936 167
0.420676 166
0.419948 164
0.419715 164
0.419453 164
0.419083 162
0.419074 161
0.418989 159
0.418741 159
0.418473 158
0.418473 157
0.418345 156
0.418089 155
0.417692 155
0.417692 154
0.417347 153
0.416946 153
0.416504 151
0.416504 150
0.416072 149
0.416072 148
0.416072 147
0.415987 146
0.415882 146
0.415703 144
0.415614 143
0.415374 143
0.415249 142
0.415159 140
0.414685 138
0.414554 138
0.41421 137
0.41421 135
0.414092 135
0.413966 135
0.413727 135
0.413727 134
0.413469 134
0.413469 132
0.413364 129
0.413242 128
0.413122 127
0.412802 126
0.412682 126
0.412029 126
0.411914 124
0.411566 123
0.411322 122
0.411222 122
0.411222 121
0.41097 121
0.410603 120
0.410232 120
0.410093 120
0.409968 119
0.409841 118
0.409738 118
0.409609 118
0.409487 118
0.409487 117
0.409351 117
0.408964 114
0.408729 113
0.408601 113
0.408191 113
0.407747 112
0.407614 112
0.407218 109
0.40709 109
0.406962 107
0.406962 106
0.406723 106
0.406452 105
0.40633 105
0.405968 104
0.405746 104
0.405492 104
0.405401 102
0.405196 102
0.404951 102
0.404951 101
0.404648 100
0.404425 99
0.404033 99
0.403918 99
0.403671 99
0.403446 97
0.403326 97
0.402834 97
0.40271 96
0.402355 96
0.402017 95
0.401421 94
0.400842 93
0.400699 91
0.400554 91
0.399914 89
0.399525 88
0.398696 88
0.398093 87
0.397835 87
0.397714 87
0.397356 87
0.396884 87
0.396505 87
0.39575 87
0.395501 87
0.395095 87
0.39482 86
0.394701 86
0.394478 84
0.394062 84
0.393697 84
0.393447 84
0.392836 84
0.392371 83
0.392127 83
0.391621 83
0.391308 81
0.391204 81
0.390451 81
0.389807 80
0.389403 79
0.389163 79
0.388407 78
0.388269 77
0.388035 74
0.38733 74
0.386928 74
0.386705 73
0.386232 73
0.386013 72
0.385887 72
0.385151 72
0.384413 72
0.383604 72
0.382953 72
0.382739 72
0.381972 72
0.381592 72
0.380976 72
0.380712 71
0.380249 71
0.380118 70
0.379537 70
0.378786 68
0.37819 66
0.377575 66
0.377324 66
0.37717 65
0.376778 65
0.376048 65
0.375509 65
0.374381 64
0.374011 64
0.373789 64
0.373549 64
0.37294 64
0.372282 64
0.372048 63
0.371701 63
0.37098 62
0.370615 62
0.369771 62
0.36952 62
0.368887 60
0.368629 60
0.368369 60
0.367919 59
0.3675 56
0.366899 55
0.366652 55
0.366135 55
0.365338 54
0.364867 53
0.36474 52
0.364491 52
0.363893 52
0.363787 50
0.363173 50
0.362913 49
0.36214 47
0.362012 47
0.361885 47
0.361388 47
0.36105 47
0.36051 47
0.359091 47
0.358381 47
0.358126 47
0.357619 46
0.357268 46
0.356914 46
0.356562 46
0.356317 46
0.356068 46
0.355311 46
0.354852 46
0.354032 46
0.353528 46
0.35266 46
0.351926 45
0.3517 45
0.351543 44
0.351302 43
0.350919 42
0.349938 42
0.349666 42
0.349275 41
0.348515 41
0.348026 41
0.347503 41
0.347132 41
0.346874 41
0.346247 40
0.345881 40
0.345354 40
0.344471 40
0.343843 40
0.343222 40
0.342821 40
0.341889 40
0.341109 40
0.340834 40
0.340174 40
0.340049 40
0.339926 40
0.339682 39
0.3393 39
0.338388 39
0.337625 39
0.336789 38
0.335932 38
0.335404 37
0.334942 36
0.334163 36
0.333909 35
0.333787 35
0.333664 35
0.333049 35
0.332667 35
0.33199 34
0.331478 34
0.330963 34
0.330843 34
0.330485 34
0.329936 33
0.329449 33
0.328565 33
0.328196 31
0.328053 31
0.32781 30
0.327457 30
0.326859 29
0.326594 29
0.326193 29
0.325708 29
0.325211 29
0.324825 29
0.323902 29
0.323143 29
0.322895 29
0.322411 29
0.321914 29
0.321262 29
0.320886 28
0.32028 28
0.319407 28
0.3184 28
0.318135 28
0.317498 28
0.317028 27
0.316387 26
0.315649 26
0.31526 26
0.314889 26
0.31407 25
0.313497 24
0.312911 23
0.31244 23
0.312167 23
0.311636 23
0.31113 23
0.310999 23
0.310873 23
0.309877 23
0.309113 23
0.308334 23
0.306971 23
0.306331 23
0.305648 22
0.305242 22
0.304624 22
0.304249 22
0.303468 22
0.3031 22
0.302975 22
0.302451 21
0.30207 20
0.301429 20
0.301179 20
0.300548 20
0.299937 20
0.299549 20
0.298692 20
0.297971 20
0.297593 20
0.297463 20
0.297328 20
0.296435 20
0.29541 20
0.295041 19
0.294648 19
0.293612 19
0.292735 19
0.291981 19
0.291221 19
0.290676 19
0.29016 18
0.28928 18
0.288896 18
0.28802 18
0.287427 18
0.286517 18
0.285755 18
0.285006 18
0.284135 18
0.283538 17
0.282905 17
0.282262 17
0.281607 17
0.281145 16
0.28021 16
0.279243 16
0.278249 16
0.277633 16
0.277279 16
0.276622 16
0.275727 16
0.275594 16
0.274848 16
0.273177 16
0.272661 16
0.272291 16
0.271434 16
0.270783 16
0.270147 16
0.26938 16
0.268634 16
0.267759 16
0.266235 16
0.265731 15
0.265332 15
0.2647 15
0.264232 15
0.262883 14
0.262632 14
0.262003 14
0.261397 14
0.260485 14
0.259956 14
0.258776 14
0.258138 14
0.257615 14
0.256438 14
0.255819 14
0.255177 14
0.254554 14
0.253792 14
0.252783 14
0.25228 14
0.251129 13
0.250416 13
0.249256 13
0.248625 13
0.248497 13
0.247335 13
0.24672 13
0.246103 13
0.245403 12
0.244904 12
0.244139 12
0.243137 12
0.242891 12
0.242499 12
0.241622 11
0.241001 11
0.240771 11
0.240131 11
0.239502 11
0.238489 11
0.237905 10
0.236647 10
0.236014 10
0.235113 10
0.233613 10
0.232262 9
0.231885 9
0.231362 9
0.230189 9
0.229548 9
0.229198 9
0.228607 8
0.22775 8
0.227137 8
0.226017 8
0.225115 8
0.224487 8
0.223847 8
0.222342 7
0.22137 6
0.220369 6
0.219223 6
0.218986 6
0.218215 6
0.217061 5
0.216169 5
0.215513 5
0.215257 5
0.214755 5
0.214125 5
0.213492 5
0.213104 5
0.212461 5
0.212215 5
0.211735 5
0.210906 5
0.210128 5
0.209508 5
0.208357 5
0.207342 5
0.206951 5
0.205847 5
0.205346 5
0.204201 5
0.203797 5
0.203273 5
0.202794 5
0.202428 5
0.201167 5
0.20004 5
0.198924 5
0.197922 5
0.196804 5
0.195973 4
0.19532 4
0.194855 4
0.194454 4
0.192825 4
0.192032 4
0.190494 4
0.189874 4
0.188663 4
0.187763 4
0.186999 4
0.18661 4
0.186121 4
0.185128 4
0.184765 4
0.184019 4
0.182883 4
0.181994 4
0.181254 4
0.181 4
0.17968 4
0.179045 4
0.178401 4
0.177782 4
0.177412 4
0.176262 4
0.175643 4
0.17432 4
0.174068 4
0.173557 4
0.172907 4
0.172289 4
0.171636 4
0.170888 4
0.169953 4
0.169461 4
0.169077 4
0.168172 4
0.167773 4
0.167532 4
0.16682 4
0.166185 4
0.165456 4
0.165091 4
0.164369 3
0.163741 3
0.162962 3
0.161811 3
0.161164 3
0.160766 3
0.160254 3
0.159877 3
0.159127 3
0.15822 3
0.157441 3
0.156563 3
0.15605 3
0.155425 3
0.155059 3
0.154309 3
0.153806 3
0.153301 2
0.152782 2
0.152004 2
0.151364 2
0.150726 2
0.149436 2
0.148915 2
0.148262 2
0.147725 2
0.147067 2
0.145942 2
0.145075 2
0.144668 2
0.144273 2
0.143516 2
0.143139 2
0.142633 2
0.141886 2
0.141369 2
0.140748 2
0.140607 2
0.139744 2
0.139338 2
0.137926 2
0.13726 2
0.136358 2
0.135842 2
0.135584 2
0.134426 2
0.133392 2
0.132741 2
0.132195 2
0.131027 2
0.129574 2
0.128545 2
0.128163 2
0.127432 2
0.126791 2
0.12601 2
0.124595 2
0.124334 2
0.123922 2
0.123405 2
0.122615 2
0.121698 2
0.121186 2
0.120794 2
0.120275 2
0.119266 2
0.118267 2
0.117879 2
0.116742 2
0.116227 2
0.115608 1
0.114841 1
0.114238 1
0.113157 0
0.111749 0
0.11083 0
0.109922 0
0.109282 0
0.108391 0
0.107632 0
0.106747 0
0.105599 0
0.10519 0
0.104156 0
0.103021 0
0.102751 0
0.102501 0
0.10199 0
0.101221 0
0.10045 0
0.0998302 0
0.0991996 0
0.0989247 0
0.0981494 0
0.0977719 0
0.0969962 0
0.0965932 0
0.0962157 0
0.0958325 0
0.095205 0
0.0946789 0
0.0940413 0
0.0932716 0
0.0921423 0
0.0917755 0
0.0916511 0
0.0914009 0
0.0906209 0
0.0903676 0
0.0900079 0
0.0891571 0
0.0887752 0
0.0884077 0
0.0877605 0
0.0869782 0
0.0868541 0
0.0864628 0
0.0860594 0
0.085412 0
0.0845155 0
0.0839978 0
0.0834747 0
0.082953 0
0.0826973 0
0.0821912 0
0.0820644 0
0.0813065 0
0.0806696 0
0.0804095 0
0.0801479 0
0.0797587 0
0.0793723 0
0.0784979 0
0.0777356 0
0.0774844 0
0.0773571 0
0.0765927 0
0.0761054 0
0.0757303 0
0.0751947 0
0.0746918 0
0.0739413 0
0.0730617 0
0.0722838 0
0.071664 0
0.071272 0
0.0706404 0
0.0702516 0
0.0700094 0
0.0695146 0
0.0687238 0
0.0686176 0
0.0683882 0
0.0682511 0
0.0681308 0
0.0673569 0
0.0667229 0
0.0659376 0
0.0655438 0
0.0649307 0
0.0641428 0
0.0635024 0
0.0631312 0
0.0628677 0
0.0627376 0
0.0624869 0
0.061872 0
0.0611067 0
0.0603215 0
0.0601984 0
0.0595901 0
0.0589461 0
0.0583471 0
0.0580958 0
0.0573389 0
0.0567205 0
0.0563245 0
0.056194 0
0.0556898 0
0.0550468 0
0.0546536 0
0.0545191 0
0.0540264 0
0.0537705 0
0.0536308 0
0.0533597 0
0.05311 0
0.0528495 0
0.0524576 0
0.0519439 0
0.0506837 0
0.0501815 0
0.0495152 0
0.0490113 0
0.0482417 0
0.0478481 0
0.0476005 0
0.0469704 0
0.0465943 0
0.0463331 0
0.0461989 0
0.0458119 0
0.0456961 0
0.0455611 0
0.0452956 0
0.0448912 0
0.0443803 0
0.0442529 0
0.0440374 0
0.0430375 0
0.0427816 0
0.0425198 0
0.0421243 0
0.0419857 0
0.041838 0
0.0415765 0
0.0411818 0
0.0410568 0
0.0407756 0
0.0405169 0
0.0402761 0
0.0399188 0
0.0396488 0
0.0392547 0
0.0391384 0
0.0388743 0
0.0385109 0
0.0381422 0
0.0375079 0
0.0368698 0
0.03634 0
0.0360939 0
0.0356965 0
0.0352897 0
0.0350413 0
0.0346607 0
0.0342605 0
0.0341423 0
0.0338771 0
0.0335037 0
0.0326312 0
0.0325014 0
0.0322332 0
0.0319726 0
0.0317103 0
0.0311875 0
0.0306698 0
0.0301688 0
0.03003 0
0.0298958 0
0.0295252 0
0.0294021 0
0.0290164 0
0.0286354 0
0.0282517 0
0.0281241 0
0.0279987 0
0.0276234 0
0.0273788 0
0.0271207 0
0.0269914 0
0.0266125 0
0.0263617 0
0.0262407 0
0.026104 0
0.0255858 0
0.0250701 0
0.0248171 0
0.0246805 0
0.0242916 0
0.0237673 0
0.023626 0
0.0233452 0
0.0232215 0
0.0227082 0
0.022187 0
0.0219279 0
0.0217947 0
0.0216709 0
0.0213165 0
0.0211798 0
0.0209265 0
0.0205443 0
0.0200131 0
0.0197423 0
0.019469 0
0.0193448 0
0.0190928 0
0.0188421 0
0.0187065 0
0.0184525 0
0.0179503 0
0.0173033 0
0.0169405 0
0.0167988 0
0.0165277 0
0.0163894 0
0.016127 0
0.0158734 0
0.0157441 0
0.0154876 0
0.0153432 0
0.0146929 0
0.0144289 0
0.0137963 0
0.0132729 0
0.012997 0
0.0127515 0
0.0126258 0
0.0123715 0
0.0121154 0
0.0120084 0
0.0118728 0
0.0117534 0
0.0116297 0
0.0113663 0
0.0112415 0
0.0109879 0
0.0107299 0
0.0105943 0
0.0103447 0
0.0102186 0
0.00996557 0
0.00983804 0
0.00958325 0
0.00920234 0
0.00907347 0
0.00895042 0
0.00882239 0
0.00869762 0
0.00845281 0
0.00833195 0
0.00820375 0
0.00795075 0
0.00781426 0
0.00767827 0
0.0075437 0
0.00741892 0
0.00715416 0
0.00689749 0
0.00677336 0
0.0066472 0
0.00652106 0
0.00640702 0
0.00627812 0
0.0061424 0
0.00600452 0
0.00587064 0
0.00574172 0
0.00562199 0
0.00537125 0
0.00523593 0
0.00510714 0
0.00497392 0
0.00483644 0
0.00457372 0
0.00444119 0
0.00418853 0
0.00406175 0
0.0039246 0
0.00365501 0
0.00352109 0
0.00339244 0
0.00327867 0
0.0030092 0
0.00276667 0
0.00264675 0
0.00239623 0
0.00227283 0
0.00215384 0
0.00203087 0
0.0019071 0
0.00165596 0
0.0015265 0
0.00139532 0
0.00127305 0
0.00115072 0
0.00101785 0
0.000895649 0
0.000755548 0
0.000630898 0
0.000502542 0
0.000384501 0
0.000261319 0
0.00013118 0
0 0
