0.213305 2 1.02
0.213112 2 1.16
0.212918 2 1.35
0.212725 2 1.37
0.212531 2 1.39
0.212338 2 1.4
0.212145 2 1.41
0.211951 2 1.47
0.211758 2 1.48
0.211564 2 1.49
0.211371 2 1.5
0.211178 2 1.52
0.210984 2 1.54
0.210791 2 1.55
0.210598 2 1.6
0.210404 2 1.62
0.210017 2 1.64
0.209631 2 1.66
0.209437 2 1.68
0.209244 2 1.7
0.208857 2 1.74
0.208664 2 1.78
0.20847 2 1.79
0.208277 2 1.81
0.208084 2 1.83
0.20789 2 1.84
0.207697 2 1.85
0.207503 2 1.87
0.20731 2 1.88
0.207117 2 1.9
0.206923 2 1.95
0.206536 2 1.96
0.20615 2 1.98
0.205956 2 1.99
0.20557 2 2
0.205376 2 2.03
0.205183 2 2.04
0.204989 2 2.07
0.204796 2 2.09
0.204603 2 2.13
0.204409 2 2.14
0.204022 2 2.15
0.203829 2 2.16
0.203249 2 2.17
0.203056 2 2.18
0.202862 2 2.2
0.202475 2 2.22
0.201895 2 2.23
0.201508 2 2.24
0.201122 2 2.27
0.200928 2 2.28
0.200348 2 2.3
0.199961 2 2.31
0.199768 2 2.32
0.199381 2 2.33
0.198994 2 2.35
0.198608 2 2.39
0.198027 2 2.4
0.197834 2 2.42
0.197254 2 2.43
0.197061 2 2.44
0.196867 2 2.45
0.196094 2 2.46
0.19532 2 2.47
0.195127 2 2.48
0.19474 2 2.49
0.193386 2 2.5
0.193193 2 2.51
0.192613 2 2.53
0.191259 2 2.54
0.190679 2 2.55
0.190099 2 2.56
0.189325 2 2.57
0.189132 2 2.58
0.188552 2 2.59
0.188165 2 2.6
0.187971 2 2.61
0.186811 2 2.62
0.186231 2 2.63
0.186038 2 2.65
0.185844 2 2.66
0.185457 2 2.67
0.185071 1 2.68
0.184877 1 2.72
0.184684 1 2.73
0.184104 1 2.74
0.183717 1 2.75
0.18333 1 2.76
0.182557 1 2.77
0.182363 1 2.78
0.181396 1 2.79
0.180816 1 2.8
0.180623 1 2.81
0.179462 1 2.82
0.178882 1 2.83
0.178302 1 2.84
0.177722 1 2.85
0.177142 1 2.86
0.175981 1 2.87
0.175401 1 2.88
0.175208 1 2.89
0.174434 1 2.9
0.173854 1 2.91
0.173081 1 2.92
0.1725 1 2.93
0.172307 1 2.94
0.172114 1 2.95
0.17134 1 2.96
0.170373 1 2.97
0.168826 1 2.98
0.167859 1 2.99
0.166892 1 3
0.165732 1 3.01
0.164572 1 3.02
0.163605 1 3.03
0.162444 1 3.04
0.161864 0 3.05
0.161477 0 3.06
0.161091 0 3.07
0.160124 0 3.08
0.158963 0 3.09
0.15877 0 3.1
0.157416 0 3.11
0.157223 0 3.12
0.156063 0 3.13
0.154902 0 3.14
0.153742 0 3.15
0.152775 0 3.17
0.152002 0 3.18
0.151421 0 3.19
0.151228 0 3.2
0.150454 0 3.21
0.149681 0 3.22
0.149294 0 3.23
0.148521 0 3.24
0.14736 0 3.25
0.147167 0 3.26
0.146007 0 3.27
0.144266 0 3.28
0.142912 0 3.29
0.142139 0 3.3
0.141559 0 3.31
0.140785 0 3.32
0.140398 0 3.33
0.139045 0 3.34
0.138658 0 3.36
0.138078 0 3.37
0.137691 0 3.38
0.136917 0 3.39
0.136144 0 3.41
0.135564 0 3.42
0.134403 0 3.43
0.134017 0 3.44
0.13363 0 3.45
0.132276 0 3.46
0.131309 0 3.47
0.130536 0 3.48
0.129956 0 3.49
0.129569 0 3.5
0.129375 0 3.51
0.128989 0 3.52
0.128215 0 3.53
0.127442 0 3.54
0.126668 0 3.55
0.126088 0 3.56
0.125121 0 3.57
0.124154 0 3.58
0.12338 0 3.59
0.12222 0 3.6
0.121253 0 3.61
0.12106 0 3.62
0.118739 0 3.63
0.117385 0 3.64
0.116225 0 3.65
0.115645 0 3.66
0.114871 0 3.67
0.113711 0 3.68
0.113518 0 3.69
0.112357 0 3.7
0.111584 0 3.71
0.11023 0 3.72
0.109263 0 3.73
0.108103 0 3.74
0.106362 0 3.75
0.105202 0 3.76
0.104622 0 3.77
0.104235 0 3.78
0.103462 0 3.79
0.101915 0 3.8
0.101141 0 3.81
0.100561 0 3.82
0.0997873 0 3.83
0.0995939 0 3.84
0.0990137 0 3.85
0.098627 0 3.86
0.0978534 0 3.87
0.0970799 0 3.88
0.0959196 0 3.89
0.0945658 0 3.9
0.0939857 0 3.91
0.0935989 0 3.93
0.0930188 0 3.94
0.092632 0 3.95
0.0918584 0 3.96
0.0914717 0 3.97
0.0908915 0 3.98
0.090118 0 3.99
0.0895378 0 4
0.089151 0 4.01
0.0881841 0 4.02
0.0872172 0 4.03
0.0870238 0 4.04
0.0858635 0 4.05
0.0850899 0 4.06
0.0845098 0 4.07
0.084123 0 4.08
0.0827693 0 4.09
0.0819957 0 4.1
0.080642 0 4.11
0.0796751 0 4.12
0.0792883 0 4.13
0.0785148 0 4.14
0.0775479 0 4.15
0.0758074 0 4.16
0.0748405 0 4.17
0.0742603 0 4.18
0.0738735 0 4.19
0.0731 0 4.2
0.0723264 0 4.21
0.0719397 0 4.22
0.0713595 0 4.23
0.0707793 0 4.24
0.0698124 0 4.25
0.0690389 0 4.26
0.0686521 0 4.27
0.0680719 0 4.28
0.0676852 0 4.29
0.0672984 0 4.3
0.0669116 0 4.31
0.0657513 0 4.32
0.0647844 0 4.33
0.0643976 0 4.34
0.0632373 0 4.35
0.0630439 0 4.36
0.0628505 0 4.37
0.062077 0 4.38
0.06111 0 4.39
0.0603365 0 4.4
0.0597563 0 4.41
0.0589828 0 4.42
0.0578225 0 4.43
0.0574357 0 4.44
0.0562754 0 4.45
0.0556952 0 4.46
0.0547283 0 4.47
0.0545349 0 4.48
0.0543415 0 4.49
0.0537614 0 4.5
0.0531812 0 4.51
0.0514407 0 4.52
0.0504738 0 4.53
0.0502804 0 4.54
0.0489267 0 4.55
0.0477664 0 4.56
0.0473796 0 4.57
0.0460259 0 4.58
0.0452524 0 4.59
0.0446722 0 4.6
0.0435119 0 4.61
0.0429317 0 4.62
0.0423516 0 4.64
0.041578 0 4.65
0.0404177 0 4.66
0.0394508 0 4.67
0.0388706 0 4.68
0.0380971 0 4.69
0.0377103 0 4.7
0.0375169 0 4.71
0.0371301 0 4.72
0.0369368 0 4.73
0.0357764 0 4.74
0.0350029 0 4.75
0.0348095 0 4.76
0.0344227 0 4.78
0.0336492 0 4.79
0.0332624 0 4.8
0.0321021 0 4.81
0.0317153 0 4.82
0.0311352 0 4.83
0.030555 0 4.84
0.0301682 0 4.85
0.0290079 0 4.86
0.0282344 0 4.87
0.0274608 0 4.88
0.0266873 0 4.89
0.0264939 0 4.9
0.0259137 0 4.91
0.0257204 0 4.92
0.0251402 0 4.93
0.02456 0 4.94
0.0241733 0 4.95
0.0235931 0 4.96
0.0232063 0 4.97
0.023013 0 4.98
0.0226262 0 4.99
0.0222394 0 5
0.0218526 0 5.01
0.0214659 0 5.03
0.0210791 0 5.05
0.0206923 0 5.07
0.0203056 0 5.08
0.0197254 0 5.09
0.0191452 0 5.1
0.0189518 0 5.11
0.0183717 0 5.12
0.0177915 0 5.13
0.0174048 0 5.14
0.0172114 0 5.15
0.0168246 0 5.16
0.0164378 0 5.17
0.0160511 0 5.18
0.0158577 0 5.19
0.0150841 0 5.2
0.0148907 0 5.21
0.014504 0 5.23
0.0143106 0 5.24
0.0141172 0 5.25
0.0139238 0 5.26
0.0137304 0 5.27
0.013537 0 5.28
0.0133436 0 5.29
0.0131503 0 5.3
0.0127635 0 5.31
0.0125701 0 5.32
0.0123767 0 5.35
0.0121833 0 5.37
0.0119899 0 5.39
0.0117966 0 5.4
0.0114098 0 5.44
0.0108296 0 5.45
0.0106362 0 5.46
0.0100561 0 5.49
0.0098627 0 5.53
0.00966931 0 5.55
0.00928254 0 5.56
0.00889576 0 5.57
0.00870238 0 5.6
0.00850899 0 5.66
0.00812222 0 5.68
0.00792883 0 5.69
0.00773545 0 5.71
0.00754206 0 5.72
0.00715529 0 5.73
0.0069619 0 5.77
0.00676852 0 5.78
0.00657513 0 5.79
0.00638174 0 5.81
0.00618836 0 5.82
0.00599497 0 5.85
0.00580159 0 5.88
0.0056082 0 5.91
0.00502804 0 5.96
0.00483465 0 5.98
0.00464127 0 6.06
0.00444788 0 6.07
0.0042545 0 6.1
0.00406111 0 6.11
0.00386772 0 6.13
0.00348095 0 6.15
0.00309418 0 6.16
0.00290079 0 6.2
0.00270741 0 6.28
0.00212725 0 6.29
0.00193386 0 6.32
0.00174048 0 6.37
0.00154709 0 6.43
0.0013537 0 6.46
0.00116032 0 6.51
0.000966931 0 6.53
0.000773545 0 6.61
0.000580159 0 6.67
0.000386772 0 7.1
0.000193386 0 7.51
0 0 1.79769e+308
