0.655966 266 -0.9
0.655966 265 -0.36
0.655773 265 -0.25
0.655773 264 -0.18
0.655773 263 -0.16
0.655773 262 -0.06
0.655773 261 0.08
0.655773 260 0.16
0.655773 259 0.28
0.655773 258 0.3
0.655579 258 0.35
0.655386 258 0.37
0.655192 258 0.48
0.655192 257 0.53
0.655192 256 0.56
0.655192 255 0.57
0.654999 254 0.66
0.654806 254 0.69
0.654806 253 0.83
0.654612 253 0.85
0.654419 253 0.86
0.654419 252 0.87
0.654419 251 0.91
0.654225 251 0.95
0.654032 251 0.96
0.654032 250 0.97
0.653839 249 1.02
0.653839 248 1.03
0.653645 248 1.04
0.653452 248 1.06
0.653452 247 1.09
0.653259 247 1.1
0.653259 246 1.11
0.653065 245 1.14
0.653065 243 1.16
0.653065 242 1.17
0.653065 241 1.18
0.652678 241 1.25
0.652678 240 1.27
0.652678 239 1.31
0.652678 238 1.32
0.652678 237 1.37
0.652678 236 1.38
0.652678 235 1.4
0.652485 235 1.46
0.652292 235 1.48
0.652292 234 1.5
0.652292 232 1.54
0.652292 231 1.55
0.652292 230 1.57
0.651905 230 1.6
0.651711 230 1.64
0.651711 229 1.68
0.651711 228 1.71
0.651711 226 1.77
0.651711 225 1.78
0.651711 224 1.82
0.651711 222 1.83
0.651711 221 1.84
0.651518 219 1.85
0.651325 219 1.86
0.651131 219 1.89
0.651131 218 1.91
0.651131 217 1.92
0.651131 216 1.93
0.651131 215 1.95
0.651131 214 1.96
0.650938 213 1.97
0.650745 213 1.99
0.650745 212 2
0.650551 210 2.03
0.650551 209 2.04
0.650358 208 2.08
0.650164 207 2.09
0.649971 207 2.1
0.649971 206 2.11
0.649778 206 2.12
0.649584 206 2.13
0.649004 204 2.14
0.649004 203 2.16
0.649004 201 2.18
0.648617 200 2.21
0.648424 200 2.22
0.648424 199 2.25
0.648231 199 2.26
0.648037 198 2.28
0.647844 198 2.33
0.64765 198 2.35
0.647457 198 2.36
0.647264 198 2.39
0.647264 197 2.4
0.646877 197 2.41
0.64649 196 2.42
0.64649 195 2.47
0.646103 195 2.48
0.64591 195 2.49
0.645136 195 2.51
0.645136 194 2.52
0.645136 193 2.53
0.644943 193 2.54
0.64475 192 2.55
0.644363 192 2.57
0.643976 192 2.6
0.643783 190 2.61
0.643783 189 2.63
0.643589 189 2.64
0.643396 187 2.66
0.643396 185 2.7
0.643202 184 2.71
0.643009 183 2.72
0.643009 182 2.73
0.642622 182 2.75
0.642429 182 2.76
0.642236 180 2.77
0.642042 180 2.78
0.641849 180 2.79
0.641655 180 2.8
0.641462 180 2.81
0.641075 178 2.83
0.640882 178 2.85
0.640688 178 2.87
0.640108 178 2.88
0.639915 178 2.9
0.639915 177 2.91
0.639722 176 2.92
0.639722 175 2.95
0.639335 175 2.96
0.638948 175 2.97
0.638755 175 2.99
0.638561 174 3
0.638174 174 3.01
0.638174 173 3.02
0.637788 173 3.03
0.637401 173 3.04
0.637014 173 3.06
0.637014 172 3.08
0.636627 170 3.09
0.636434 170 3.1
0.636241 170 3.11
0.636241 169 3.12
0.636241 168 3.13
0.636047 168 3.15
0.63566 167 3.2
0.63508 167 3.21
0.634693 166 3.22
0.633533 164 3.23
0.633146 164 3.25
0.63276 164 3.27
0.632179 162 3.29
0.632179 161 3.3
0.632179 159 3.31
0.631793 159 3.33
0.631406 158 3.34
0.631406 157 3.35
0.631213 156 3.36
0.630826 155 3.37
0.630246 155 3.38
0.630246 154 3.39
0.629859 153 3.4
0.629279 153 3.41
0.628699 151 3.42
0.628699 150 3.43
0.628118 149 3.44
0.628118 148 3.45
0.628118 147 3.46
0.628118 146 3.47
0.627925 146 3.48
0.627732 144 3.49
0.627732 143 3.5
0.627345 143 3.51
0.627151 142 3.52
0.627151 140 3.53
0.626571 138 3.55
0.626378 138 3.56
0.625991 137 3.57
0.625991 135 3.58
0.625798 135 3.59
0.625604 135 3.6
0.625218 135 3.61
0.625218 134 3.62
0.624831 134 3.64
0.624831 132 3.65
0.624637 129 3.66
0.624444 128 3.67
0.624251 127 3.68
0.623864 126 3.69
0.62367 126 3.7
0.622704 126 3.71
0.62251 124 3.72
0.622123 123 3.73
0.621737 122 3.74
0.621543 122 3.75
0.621543 121 3.76
0.621156 121 3.77
0.620576 120 3.78
0.619996 120 3.79
0.619803 120 3.8
0.619609 119 3.81
0.619416 118 3.82
0.619223 118 3.83
0.619029 118 3.84
0.618836 118 3.85
0.618836 117 3.86
0.618642 117 3.87
0.618062 114 3.88
0.617675 113 3.89
0.617482 113 3.9
0.616902 113 3.92
0.616128 112 3.93
0.615935 112 3.95
0.615355 109 3.96
0.615161 109 3.97
0.614968 107 3.98
0.614968 106 3.99
0.614581 106 4
0.614195 105 4.01
0.614001 105 4.02
0.613421 104 4.04
0.613034 104 4.05
0.612647 104 4.06
0.612647 102 4.07
0.612261 102 4.08
0.611874 102 4.09
0.611874 101 4.1
0.611487 100 4.11
0.611294 99 4.12
0.610714 99 4.13
0.61052 99 4.14
0.610133 99 4.15
0.609747 97 4.16
0.609553 97 4.17
0.60878 97 4.18
0.608586 96 4.19
0.608006 96 4.2
0.607619 95 4.21
0.606652 94 4.22
0.605879 93 4.23
0.605879 91 4.24
0.605686 91 4.25
0.604719 89 4.26
0.604138 88 4.27
0.602785 88 4.28
0.602011 87 4.29
0.601624 87 4.3
0.601431 87 4.31
0.600851 87 4.32
0.600077 87 4.33
0.599497 87 4.34
0.598337 87 4.35
0.59795 87 4.36
0.59737 87 4.37
0.596983 86 4.38
0.59679 86 4.39
0.596596 84 4.4
0.596016 84 4.41
0.595436 84 4.42
0.595049 84 4.43
0.594082 84 4.44
0.593502 83 4.45
0.593115 83 4.46
0.592342 83 4.47
0.591955 81 4.48
0.591762 81 4.49
0.590601 81 4.5
0.589635 80 4.51
0.589054 79 4.52
0.588668 79 4.53
0.587507 78 4.54
0.587314 77 4.55
0.586927 74 4.56
0.585767 74 4.57
0.585187 74 4.58
0.584993 73 4.59
0.58422 73 4.6
0.584026 72 4.61
0.583833 72 4.62
0.582673 72 4.63
0.581512 72 4.64
0.580352 72 4.65
0.579385 72 4.66
0.578998 72 4.67
0.577838 72 4.68
0.577258 72 4.69
0.576291 72 4.7
0.575904 71 4.71
0.575131 71 4.72
0.574937 70 4.73
0.57397 70 4.74
0.573003 68 4.75
0.57223 66 4.76
0.571263 66 4.77
0.570876 66 4.78
0.570683 65 4.79
0.570102 65 4.8
0.568942 65 4.81
0.568169 65 4.82
0.566428 64 4.83
0.565848 64 4.84
0.565461 64 4.85
0.565074 64 4.86
0.564108 64 4.87
0.563141 64 4.88
0.562947 63 4.89
0.562367 63 4.9
0.5614 62 4.91
0.56082 62 4.92
0.559466 62 4.93
0.559079 62 4.94
0.558306 60 4.95
0.557919 60 4.96
0.557532 60 4.97
0.556952 59 4.98
0.556372 56 4.99
0.555405 55 5
0.555018 55 5.01
0.554245 55 5.02
0.553085 54 5.03
0.552504 53 5.04
0.552311 52 5.05
0.551924 52 5.06
0.550957 52 5.07
0.550764 50 5.08
0.549797 50 5.09
0.54941 49 5.1
0.548443 47 5.11
0.54825 47 5.12
0.548056 47 5.13
0.547283 47 5.14
0.546703 47 5.15
0.545929 47 5.16
0.543802 47 5.17
0.542642 47 5.18
0.542255 47 5.19
0.541481 46 5.2
0.540901 46 5.21
0.540321 46 5.22
0.539741 46 5.23
0.539354 46 5.24
0.538967 46 5.25
0.537807 46 5.26
0.537033 46 5.27
0.53568 46 5.28
0.534906 46 5.29
0.533553 46 5.3
0.532586 45 5.31
0.532199 45 5.32
0.532005 44 5.33
0.531619 43 5.34
0.531038 42 5.35
0.529491 42 5.36
0.529105 42 5.37
0.528524 41 5.38
0.527364 41 5.39
0.526591 41 5.4
0.525817 41 5.41
0.525237 41 5.42
0.52485 41 5.43
0.523883 40 5.44
0.523303 40 5.45
0.522529 40 5.46
0.521176 40 5.47
0.520209 40 5.48
0.519242 40 5.49
0.518662 40 5.5
0.517308 40 5.51
0.516148 40 5.52
0.515761 40 5.53
0.514601 40 5.54
0.514407 40 5.55
0.514214 40 5.56
0.513827 39 5.57
0.513247 39 5.58
0.511893 39 5.59
0.510733 39 5.6
0.509573 38 5.61
0.508219 38 5.62
0.507445 37 5.63
0.506865 36 5.64
0.505705 36 5.65
0.505318 35 5.66
0.505125 35 5.67
0.504931 35 5.68
0.503964 35 5.69
0.503384 35 5.7
0.502417 34 5.71
0.501644 34 5.72
0.50087 34 5.73
0.500677 34 5.74
0.500097 34 5.75
0.499323 33 5.76
0.49855 33 5.77
0.497196 33 5.78
0.496616 31 5.79
0.496422 31 5.8
0.496036 30 5.81
0.495455 30 5.82
0.494682 29 5.83
0.494295 29 5.84
0.493715 29 5.85
0.492941 29 5.86
0.492168 29 5.87
0.491588 29 5.88
0.490234 29 5.89
0.489074 29 5.9
0.488687 29 5.91
0.487913 29 5.92
0.48714 29 5.93
0.486173 29 5.94
0.485593 28 5.95
0.484626 28 5.96
0.483272 28 5.97
0.481725 28 5.98
0.481338 28 5.99
0.480371 28 6
0.479598 27 6.01
0.478824 26 6.02
0.477664 26 6.03
0.477084 26 6.04
0.476504 26 6.05
0.475343 25 6.06
0.47457 24 6.07
0.473796 23 6.08
0.473023 23 6.09
0.472636 23 6.1
0.471862 23 6.11
0.471089 23 6.12
0.470895 23 6.13
0.470702 23 6.14
0.469155 23 6.15
0.467995 23 6.16
0.466834 23 6.17
0.464707 23 6.18
0.46374 23 6.19
0.462773 22 6.2
0.462193 22 6.21
0.461226 22 6.22
0.460646 22 6.23
0.459486 22 6.24
0.458905 22 6.25
0.458712 22 6.26
0.457939 21 6.27
0.457358 20 6.28
0.456391 20 6.29
0.456005 20 6.3
0.455038 20 6.31
0.454071 20 6.32
0.453491 20 6.33
0.452137 20 6.34
0.450977 20 6.35
0.450396 20 6.36
0.450203 20 6.37
0.45001 20 6.38
0.448656 20 6.39
0.447109 20 6.4
0.446529 19 6.41
0.445949 19 6.42
0.444401 19 6.43
0.443048 19 6.44
0.441887 19 6.45
0.440727 19 6.46
0.439954 19 6.47
0.43918 18 6.48
0.437826 18 6.49
0.437246 18 6.5
0.435892 18 6.51
0.434926 18 6.52
0.433572 18 6.53
0.432412 18 6.54
0.431251 18 6.55
0.429898 18 6.56
0.429124 17 6.57
0.428157 17 6.58
0.42719 17 6.59
0.426223 17 6.6
0.425643 16 6.61
0.424289 16 6.62
0.422742 16 6.63
0.421195 16 6.64
0.420228 16 6.65
0.419648 16 6.66
0.418681 16 6.67
0.417327 16 6.68
0.417134 16 6.69
0.415974 16 6.7
0.41346 16 6.71
0.412686 16 6.72
0.412106 16 6.73
0.410752 16 6.74
0.409785 16 6.75
0.408818 16 6.76
0.407658 16 6.77
0.406498 16 6.78
0.405144 16 6.79
0.402823 16 6.8
0.40205 15 6.81
0.40147 15 6.82
0.400503 15 6.83
0.399729 15 6.84
0.397795 14 6.85
0.397409 14 6.86
0.396442 14 6.87
0.395475 14 6.88
0.394121 14 6.89
0.393348 14 6.9
0.391607 14 6.91
0.39064 14 6.92
0.389867 14 6.93
0.388126 14 6.94
0.387159 14 6.95
0.386192 14 6.96
0.385225 14 6.97
0.384065 14 6.98
0.382518 14 6.99
0.381744 14 7
0.380004 13 7.01
0.378844 13 7.02
0.377103 13 7.03
0.376136 13 7.04
0.375943 13 7.05
0.374202 13 7.06
0.373235 13 7.07
0.372268 13 7.08
0.371301 12 7.09
0.370528 12 7.1
0.369368 12 7.11
0.367821 12 7.12
0.367434 12 7.13
0.366854 12 7.14
0.3655 11 7.15
0.364533 11 7.16
0.364146 11 7.17
0.363179 11 7.18
0.362212 11 7.19
0.360665 11 7.2
0.359892 10 7.21
0.357958 10 7.22
0.356991 10 7.23
0.355637 10 7.24
0.353317 10 7.25
0.351383 9 7.26
0.350803 9 7.27
0.350029 9 7.28
0.348289 9 7.29
0.347322 9 7.3
0.346741 9 7.31
0.345968 8 7.32
0.344614 8 7.33
0.343647 8 7.34
0.341907 8 7.35
0.340553 8 7.36
0.339586 8 7.37
0.338619 8 7.38
0.336492 7 7.39
0.335138 6 7.4
0.333591 6 7.41
0.331851 6 7.42
0.331464 6 7.43
0.330304 6 7.44
0.328563 5 7.45
0.327209 5 7.46
0.326243 5 7.47
0.325856 5 7.48
0.325082 5 7.49
0.324115 5 7.5
0.323148 5 7.51
0.322568 5 7.52
0.321601 5 7.53
0.321214 5 7.54
0.320441 5 7.55
0.319087 5 7.56
0.317927 5 7.57
0.31696 5 7.58
0.315219 5 7.59
0.313672 5 7.6
0.313092 5 7.61
0.311352 5 7.62
0.310578 5 7.63
0.308838 5 7.64
0.308258 5 7.65
0.307484 5 7.66
0.306711 5 7.67
0.30613 5 7.68
0.304196 5 7.69
0.302456 5 7.7
0.300716 5 7.71
0.299168 5 7.72
0.297428 5 7.73
0.296268 4 7.74
0.295301 4 7.75
0.294527 4 7.76
0.293947 4 7.77
0.291433 4 7.78
0.290273 4 7.79
0.287952 4 7.8
0.286985 4 7.81
0.285245 4 7.82
0.283891 4 7.83
0.282731 4 7.84
0.28215 4 7.85
0.281377 4 7.86
0.27983 4 7.87
0.27925 4 7.88
0.278089 4 7.89
0.276349 4 7.9
0.274995 4 7.91
0.273835 4 7.92
0.273448 4 7.93
0.271514 4 7.94
0.270547 4 7.95
0.26958 4 7.96
0.268613 4 7.97
0.268033 4 7.98
0.266293 4 7.99
0.265326 4 8
0.263392 4 8.01
0.263005 4 8.02
0.262232 4 8.03
0.261265 4 8.04
0.260298 4 8.05
0.259331 4 8.06
0.258171 4 8.07
0.256817 4 8.08
0.256043 4 8.09
0.255463 4 8.1
0.254109 4 8.11
0.253529 4 8.12
0.253143 4 8.13
0.251982 4 8.14
0.251015 4 8.15
0.249855 4 8.16
0.249275 4 8.17
0.248308 3 8.18
0.247341 3 8.19
0.246181 3 8.2
0.24444 3 8.21
0.243473 3 8.22
0.242893 3 8.24
0.24212 3 8.25
0.241539 3 8.26
0.240379 3 8.27
0.239025 3 8.28
0.237865 3 8.29
0.236511 3 8.3
0.235738 3 8.31
0.234771 3 8.32
0.234191 3 8.33
0.23303 3 8.34
0.232257 3 8.35
0.231483 2 8.36
0.23071 2 8.37
0.229549 2 8.38
0.228582 2 8.39
0.227616 2 8.4
0.225682 2 8.41
0.224908 2 8.42
0.223941 2 8.43
0.223168 2 8.44
0.222201 2 8.45
0.22046 2 8.46
0.219107 2 8.47
0.218526 2 8.48
0.217946 2 8.49
0.216786 2 8.5
0.216206 2 8.51
0.215432 2 8.52
0.214272 2 8.53
0.213498 2 8.54
0.212531 2 8.55
0.212338 2 8.56
0.210984 2 8.57
0.210404 2 8.58
0.208277 2 8.59
0.20731 2 8.6
0.205956 2 8.61
0.205183 2 8.62
0.204796 2 8.63
0.203056 2 8.64
0.201508 2 8.65
0.200541 2 8.66
0.199768 2 8.67
0.198027 2 8.68
0.1959 2 8.69
0.194353 2 8.7
0.193773 2 8.71
0.192613 2 8.72
0.191646 2 8.73
0.190485 2 8.74
0.188358 2 8.75
0.187971 2 8.76
0.187391 2 8.77
0.186618 2 8.78
0.185457 2 8.79
0.184104 2 8.8
0.18333 2 8.81
0.18275 2 8.82
0.181976 2 8.83
0.180429 2 8.84
0.178882 2 8.85
0.178302 2 8.86
0.176562 2 8.87
0.175788 2 8.88
0.174821 1 8.89
0.173661 1 8.9
0.172694 1 8.91
0.171147 0 8.92
0.16902 0 8.93
0.167666 0 8.94
0.166312 0 8.95
0.165345 0 8.96
0.163991 0 8.97
0.162831 0 8.98
0.161477 0 8.99
0.159737 0 9
0.159157 0 9.01
0.15761 0 9.02
0.155869 0 9.03
0.155482 0 9.04
0.155096 0 9.05
0.154322 0 9.06
0.153162 0 9.07
0.152002 0 9.08
0.151035 0 9.09
0.150068 0 9.1
0.149681 0 9.11
0.148521 0 9.12
0.14794 0 9.13
0.14678 0 9.14
0.1462 0 9.15
0.14562 0 9.16
0.14504 0 9.17
0.144073 0 9.18
0.143299 0 9.19
0.142332 0 9.2
0.141172 0 9.21
0.139431 0 9.22
0.138851 0 9.23
0.138658 0 9.24
0.138271 0 9.25
0.137111 0 9.26
0.136724 0 9.27
0.136144 0 9.28
0.13479 0 9.29
0.13421 0 9.3
0.13363 0 9.31
0.132663 0 9.32
0.131503 0 9.33
0.131309 0 9.34
0.130729 0 9.35
0.130149 0 9.36
0.129182 0 9.37
0.127828 0 9.38
0.127055 0 9.39
0.126281 0 9.4
0.125508 0 9.41
0.125121 0 9.42
0.124347 0 9.43
0.124154 0 9.44
0.122994 0 9.45
0.122027 0 9.46
0.12164 0 9.47
0.121253 0 9.48
0.120673 0 9.49
0.120093 0 9.5
0.118739 0 9.51
0.117579 0 9.52
0.117192 0 9.54
0.116999 0 9.55
0.115838 0 9.56
0.115065 0 9.57
0.114485 0 9.58
0.113711 0 9.59
0.112938 0 9.6
0.111777 0 9.61
0.110424 0 9.62
0.109263 0 9.63
0.108296 0 9.64
0.107716 0 9.65
0.106749 0 9.66
0.106169 0 9.67
0.105782 0 9.68
0.105009 0 9.69
0.103848 0 9.7
0.103655 0 9.71
0.103268 0 9.73
0.103075 0 9.74
0.102881 0 9.75
0.101721 0 9.76
0.100754 0 9.77
0.0995939 0 9.78
0.0990137 0 9.79
0.0980468 0 9.8
0.0968865 0 9.81
0.0959196 0 9.82
0.0953394 0 9.83
0.0949526 0 9.84
0.0947592 0 9.85
0.0943725 0 9.86
0.0934055 0 9.87
0.0922452 0 9.88
0.0910849 0 9.89
0.0908915 0 9.9
0.0899246 0 9.91
0.0889576 0 9.92
0.0879907 0 9.93
0.0876039 0 9.94
0.0864436 0 9.95
0.0854767 0 9.96
0.0848965 0 9.97
0.0847032 0 9.98
0.0839296 0 9.99
0.0829627 0 10
0.0823825 0 10.01
0.0821891 0 10.02
0.0814156 0 10.03
0.0810288 0 10.04
0.0808354 0 10.05
0.0804487 0 10.06
0.0800619 0 10.07
0.0796751 0 10.08
0.079095 0 10.1
0.0783214 0 10.11
0.0763875 0 10.12
0.075614 0 10.13
0.0746471 0 10.14
0.0738735 0 10.15
0.0727132 0 10.16
0.072133 0 10.17
0.0717463 0 10.18
0.0707793 0 10.19
0.0701992 0 10.2
0.0698124 0 10.21
0.069619 0 10.22
0.0690389 0 10.23
0.0688455 0 10.24
0.0686521 0 10.25
0.0682653 0 10.26
0.0676852 0 10.27
0.0669116 0 10.28
0.0667182 0 10.29
0.0663315 0 10.3
0.0647844 0 10.31
0.0643976 0 10.32
0.0640108 0 10.33
0.0634307 0 10.34
0.0632373 0 10.35
0.0630439 0 10.36
0.0626571 0 10.37
0.062077 0 10.38
0.0618836 0 10.39
0.0614968 0 10.4
0.06111 0 10.41
0.0607233 0 10.42
0.0601431 0 10.43
0.0597563 0 10.44
0.0591762 0 10.45
0.0589828 0 10.46
0.058596 0 10.47
0.0580159 0 10.48
0.0574357 0 10.5
0.0564688 0 10.51
0.0555018 0 10.52
0.0547283 0 10.53
0.0543415 0 10.54
0.0537614 0 10.55
0.0531812 0 10.56
0.0527944 0 10.57
0.0522143 0 10.58
0.0516341 0 10.59
0.0514407 0 10.61
0.051054 0 10.62
0.0504738 0 10.63
0.0491201 0 10.64
0.0489267 0 10.65
0.0485399 0 10.66
0.0481532 0 10.67
0.0477664 0 10.68
0.0469928 0 10.69
0.0462193 0 10.7
0.0454458 0 10.71
0.0452524 0 10.72
0.045059 0 10.73
0.0444788 0 10.74
0.0442854 0 10.75
0.0437053 0 10.76
0.0431251 0 10.77
0.042545 0 10.78
0.0423516 0 10.79
0.0421582 0 10.8
0.041578 0 10.82
0.0411913 0 10.83
0.0408045 0 10.84
0.0406111 0 10.85
0.0400309 0 10.86
0.0396442 0 10.87
0.0394508 0 10.88
0.0392574 0 10.89
0.0384839 0 10.9
0.0377103 0 10.91
0.0373235 0 10.92
0.0371301 0 10.93
0.03655 0 10.95
0.0357764 0 10.96
0.0355831 0 10.97
0.0351963 0 10.98
0.0350029 0 10.99
0.0342294 0 11
0.0334558 0 11.01
0.033069 0 11.03
0.0328757 0 11.04
0.0326823 0 11.06
0.0321021 0 11.07
0.0319087 0 11.08
0.0315219 0 11.09
0.0309418 0 11.13
0.0301682 0 11.14
0.0297815 0 11.17
0.0293947 0 11.19
0.0292013 0 11.2
0.0288145 0 11.21
0.0284278 0 11.22
0.0282344 0 11.23
0.0278476 0 11.25
0.0270741 0 11.26
0.0261071 0 11.28
0.025527 0 11.29
0.0253336 0 11.3
0.0249468 0 11.31
0.0247534 0 11.34
0.0243667 0 11.36
0.0239799 0 11.37
0.0237865 0 11.38
0.0233997 0 11.39
0.0232063 0 11.4
0.0222394 0 11.41
0.0218526 0 11.42
0.0208857 0 11.43
0.0201122 0 11.46
0.0197254 0 11.49
0.0193386 0 11.5
0.0191452 0 11.51
0.0187585 0 11.52
0.0183717 0 11.53
0.0181783 0 11.54
0.0179849 0 11.55
0.0177915 0 11.57
0.0175981 0 11.58
0.0172114 0 11.59
0.017018 0 11.61
0.0166312 0 11.62
0.0162444 0 11.65
0.0160511 0 11.66
0.0156643 0 11.67
0.0154709 0 11.68
0.0150841 0 11.7
0.0148907 0 11.71
0.014504 0 11.73
0.0139238 0 11.77
0.0137304 0 11.78
0.013537 0 11.79
0.0133436 0 11.8
0.0131503 0 11.81
0.0127635 0 11.84
0.0125701 0 11.85
0.0123767 0 11.87
0.0119899 0 11.9
0.0117966 0 11.91
0.0116032 0 11.92
0.0114098 0 11.93
0.0112164 0 11.95
0.0108296 0 11.97
0.0104429 0 11.99
0.0102495 0 12
0.0100561 0 12.03
0.0098627 0 12.04
0.00966931 0 12.05
0.00947592 0 12.07
0.00928254 0 12.09
0.00908915 0 12.18
0.00889576 0 12.19
0.00870238 0 12.2
0.00850899 0 12.23
0.00812222 0 12.24
0.00792883 0 12.25
0.00773545 0 12.27
0.00754206 0 12.32
0.00734868 0 12.37
0.0069619 0 12.42
0.00676852 0 12.47
0.00638174 0 12.49
0.00618836 0 12.53
0.00599497 0 12.54
0.0056082 0 12.56
0.00541481 0 12.58
0.00522143 0 12.64
0.00502804 0 12.65
0.00464127 0 12.68
0.0042545 0 12.74
0.00406111 0 12.78
0.00367434 0 12.8
0.00348095 0 12.91
0.00328757 0 12.92
0.00309418 0 12.99
0.00290079 0 13.01
0.00251402 0 13.07
0.00232063 0 13.08
0.00212725 0 13.1
0.00193386 0 13.18
0.00174048 0 13.23
0.00154709 0 13.24
0.0013537 0 13.28
0.00116032 0 13.29
0.000966931 0 13.34
0.000773545 0 13.5
0.000580159 0 13.51
0.000386772 0 13.8
0.000193386 0 14.13
0 0 1.79769e+308
