0.721717 525 -1.41
0.721717 524 -0.86
0.721524 524 -0.58
0.721524 523 -0.46
0.721524 522 -0.38
0.721524 521 -0.28
0.72133 521 -0.21
0.72133 520 -0.17
0.72133 519 -0.13
0.72133 518 0.02
0.721137 518 0.06
0.721137 517 0.23
0.721137 516 0.27
0.721137 515 0.32
0.721137 514 0.34
0.721137 513 0.35
0.720944 513 0.37
0.720944 512 0.39
0.720944 510 0.4
0.720944 509 0.41
0.720944 508 0.42
0.720944 507 0.43
0.72075 507 0.46
0.720557 507 0.47
0.720557 505 0.55
0.720557 504 0.57
0.720364 503 0.61
0.720364 501 0.64
0.720364 500 0.66
0.72017 500 0.71
0.72017 499 0.73
0.72017 498 0.74
0.72017 497 0.76
0.72017 495 0.77
0.72017 494 0.8
0.72017 493 0.81
0.72017 492 0.82
0.719977 492 0.83
0.719783 492 0.84
0.719783 491 0.87
0.719783 490 0.88
0.71959 490 0.9
0.719397 490 0.92
0.719397 489 0.93
0.719397 488 0.94
0.719397 487 0.95
0.719397 486 0.98
0.719397 485 1.01
0.719203 482 1.03
0.71901 482 1.05
0.71901 481 1.07
0.71901 480 1.08
0.71901 479 1.11
0.718816 478 1.19
0.718816 476 1.21
0.718623 476 1.22
0.71843 475 1.23
0.71843 474 1.25
0.71843 472 1.26
0.71843 470 1.27
0.71843 469 1.28
0.71843 468 1.29
0.718043 468 1.3
0.71785 466 1.32
0.717656 464 1.34
0.717656 461 1.35
0.717463 459 1.37
0.717463 458 1.38
0.717269 457 1.4
0.717269 455 1.41
0.717269 454 1.42
0.717076 454 1.43
0.717076 451 1.45
0.717076 449 1.46
0.717076 446 1.48
0.716883 445 1.49
0.716883 444 1.5
0.716496 444 1.52
0.716496 442 1.55
0.716496 440 1.56
0.716302 439 1.58
0.716109 438 1.59
0.716109 437 1.62
0.715916 437 1.64
0.715916 435 1.65
0.715722 434 1.69
0.715529 433 1.7
0.715142 431 1.71
0.715142 430 1.72
0.715142 429 1.73
0.715142 428 1.74
0.714949 427 1.75
0.714949 425 1.79
0.714949 424 1.81
0.714755 421 1.84
0.714755 419 1.85
0.714755 418 1.86
0.714755 417 1.87
0.714562 416 1.88
0.714562 415 1.91
0.714562 414 1.93
0.714562 411 1.95
0.714562 409 1.96
0.714562 407 1.97
0.714369 407 1.99
0.713982 407 2
0.713982 406 2.01
0.713982 405 2.02
0.713982 404 2.03
0.713788 404 2.04
0.713788 402 2.05
0.713595 400 2.06
0.713595 397 2.07
0.713595 396 2.08
0.713595 395 2.09
0.713208 395 2.11
0.713208 394 2.12
0.713208 393 2.13
0.713208 392 2.14
0.713208 390 2.15
0.713208 389 2.16
0.713208 387 2.17
0.713015 387 2.18
0.712822 386 2.19
0.712628 386 2.2
0.712628 384 2.21
0.712435 381 2.22
0.712241 381 2.23
0.712048 379 2.24
0.711855 377 2.26
0.711855 375 2.27
0.711661 373 2.28
0.711468 373 2.29
0.711468 372 2.31
0.711468 370 2.32
0.711274 369 2.33
0.710888 368 2.34
0.710307 366 2.36
0.710307 364 2.37
0.710307 362 2.38
0.710307 361 2.39
0.710307 360 2.4
0.710307 359 2.42
0.710114 359 2.43
0.709727 359 2.45
0.709727 358 2.46
0.709727 357 2.47
0.709534 354 2.48
0.709147 351 2.49
0.70876 350 2.5
0.70876 349 2.51
0.70876 347 2.52
0.708567 346 2.53
0.708567 345 2.54
0.708374 342 2.55
0.708374 341 2.56
0.708374 339 2.58
0.708374 338 2.6
0.70818 336 2.61
0.70818 335 2.62
0.7076 334 2.65
0.7076 332 2.66
0.707407 332 2.67
0.707213 332 2.69
0.706827 330 2.7
0.70644 328 2.71
0.706053 328 2.73
0.70586 327 2.74
0.70586 324 2.75
0.70586 322 2.76
0.70586 319 2.78
0.705473 316 2.79
0.704893 313 2.81
0.704699 312 2.82
0.704699 311 2.83
0.704506 310 2.84
0.704119 310 2.86
0.704119 306 2.87
0.704119 304 2.88
0.703732 304 2.89
0.703539 303 2.9
0.703539 301 2.92
0.703152 301 2.93
0.702959 299 2.94
0.702765 299 2.98
0.702379 298 2.99
0.702185 295 3
0.702185 293 3.01
0.702185 292 3.03
0.701992 291 3.04
0.701992 289 3.05
0.701992 287 3.06
0.701992 286 3.07
0.701605 285 3.08
0.701218 280 3.09
0.701025 280 3.1
0.701025 279 3.11
0.701025 277 3.12
0.700832 276 3.13
0.700832 275 3.14
0.700832 274 3.15
0.700832 273 3.17
0.700445 273 3.18
0.700058 273 3.19
0.699671 269 3.2
0.699284 269 3.21
0.699284 268 3.22
0.699284 267 3.23
0.699091 267 3.24
0.698898 266 3.25
0.698511 266 3.26
0.698124 266 3.27
0.697931 266 3.28
0.697931 265 3.29
0.697544 265 3.3
0.697351 265 3.31
0.697157 263 3.32
0.696964 263 3.33
0.696577 262 3.34
0.696384 262 3.35
0.696384 261 3.36
0.69619 261 3.37
0.695997 258 3.38
0.69561 258 3.39
0.69561 257 3.4
0.695223 257 3.41
0.694837 256 3.42
0.694256 255 3.43
0.694063 253 3.44
0.694063 249 3.45
0.693676 248 3.47
0.693096 244 3.48
0.693096 243 3.49
0.692903 243 3.5
0.692516 242 3.51
0.692516 240 3.52
0.692516 239 3.53
0.692323 239 3.54
0.692323 238 3.55
0.692129 237 3.56
0.691936 234 3.57
0.691936 233 3.58
0.691936 232 3.59
0.691356 231 3.6
0.691356 228 3.61
0.690969 227 3.62
0.690969 226 3.63
0.690775 222 3.64
0.690389 220 3.65
0.689809 219 3.66
0.689809 217 3.67
0.689228 215 3.68
0.689035 214 3.69
0.688842 213 3.7
0.687488 212 3.71
0.686714 211 3.72
0.685747 208 3.73
0.685554 207 3.74
0.685167 204 3.76
0.684974 204 3.77
0.684781 203 3.78
0.684587 203 3.79
0.684394 202 3.8
0.684007 202 3.81
0.683814 202 3.82
0.683233 202 3.83
0.68304 201 3.84
0.682847 201 3.85
0.682266 200 3.86
0.68188 197 3.88
0.681686 196 3.89
0.681686 194 3.9
0.6813 194 3.91
0.680719 192 3.92
0.680333 192 3.93
0.680333 191 3.94
0.679946 190 3.95
0.679752 188 3.96
0.679752 187 3.97
0.679366 184 3.98
0.678979 183 3.99
0.678399 182 4
0.678012 179 4.01
0.677819 177 4.02
0.677432 175 4.03
0.677238 173 4.04
0.676658 171 4.05
0.676272 171 4.06
0.675885 170 4.07
0.675305 168 4.08
0.674918 166 4.09
0.674724 164 4.1
0.674338 163 4.11
0.673951 161 4.12
0.673757 160 4.13
0.673564 160 4.14
0.673371 156 4.15
0.67221 156 4.16
0.672017 156 4.17
0.67163 155 4.18
0.671243 154 4.19
0.67105 154 4.2
0.67047 153 4.21
0.66989 152 4.22
0.66931 152 4.23
0.668923 152 4.24
0.668343 151 4.25
0.667763 148 4.28
0.667376 147 4.29
0.666796 147 4.3
0.666602 147 4.31
0.665829 147 4.32
0.665249 147 4.33
0.664668 146 4.34
0.664282 145 4.35
0.664088 145 4.37
0.663701 144 4.38
0.662734 143 4.39
0.661961 142 4.4
0.661381 142 4.41
0.660994 142 4.42
0.660607 142 4.43
0.660027 142 4.44
0.65964 142 4.45
0.659254 141 4.46
0.658867 139 4.47
0.65848 139 4.48
0.65848 138 4.49
0.658093 138 4.5
0.657706 136 4.51
0.657706 134 4.52
0.65732 132 4.53
0.656353 132 4.54
0.655966 132 4.55
0.655386 131 4.56
0.654612 131 4.57
0.654419 131 4.58
0.654032 131 4.59
0.653645 131 4.6
0.653452 130 4.61
0.652678 129 4.62
0.651905 127 4.63
0.651131 127 4.64
0.650551 127 4.65
0.649584 126 4.66
0.649197 125 4.67
0.649004 125 4.68
0.648617 124 4.69
0.648231 122 4.7
0.64765 118 4.71
0.646683 117 4.72
0.646297 117 4.73
0.64591 117 4.74
0.64533 117 4.75
0.64475 117 4.76
0.644556 117 4.77
0.643976 115 4.78
0.643783 115 4.79
0.643589 115 4.8
0.643202 113 4.81
0.642622 112 4.82
0.642042 111 4.83
0.641655 111 4.84
0.641269 111 4.85
0.640882 109 4.86
0.640302 108 4.87
0.639915 108 4.88
0.639528 108 4.89
0.639528 107 4.91
0.639335 106 4.92
0.639141 106 4.93
0.638755 106 4.94
0.638368 104 4.95
0.637788 102 4.96
0.637594 101 4.97
0.637208 101 4.98
0.636821 100 4.99
0.636434 100 5
0.635274 100 5.01
0.634887 99 5.02
0.634307 99 5.03
0.633727 98 5.04
0.633533 94 5.05
0.633146 94 5.06
0.633146 93 5.07
0.632373 93 5.08
0.631793 93 5.09
0.631406 92 5.1
0.631019 92 5.11
0.630052 92 5.12
0.629085 92 5.13
0.628312 92 5.14
0.627732 92 5.15
0.627151 92 5.16
0.625991 90 5.17
0.624057 90 5.18
0.623864 90 5.19
0.622897 90 5.2
0.622317 88 5.21
0.621737 88 5.22
0.62135 88 5.23
0.621156 87 5.24
0.62019 86 5.25
0.619803 84 5.26
0.619223 84 5.27
0.618836 82 5.28
0.618062 81 5.29
0.617675 81 5.3
0.616902 77 5.31
0.616515 77 5.32
0.615742 76 5.33
0.614968 76 5.34
0.614581 76 5.35
0.613808 76 5.36
0.613808 75 5.37
0.613614 74 5.38
0.612261 74 5.39
0.611681 73 5.4
0.610907 73 5.41
0.609747 71 5.42
0.608973 71 5.43
0.607813 70 5.44
0.607619 70 5.45
0.606846 70 5.46
0.606266 70 5.47
0.605299 69 5.48
0.604138 69 5.49
0.603365 69 5.5
0.602978 68 5.51
0.602591 68 5.52
0.600658 67 5.53
0.599884 66 5.54
0.599304 64 5.55
0.598143 64 5.56
0.59795 64 5.57
0.597177 63 5.58
0.596596 62 5.59
0.595629 62 5.6
0.594082 62 5.61
0.592922 62 5.62
0.592535 61 5.63
0.591568 61 5.64
0.591182 60 5.65
0.590215 59 5.66
0.589828 58 5.67
0.589248 58 5.68
0.588861 58 5.69
0.58712 57 5.7
0.58654 56 5.71
0.586154 55 5.72
0.58596 55 5.73
0.585187 55 5.74
0.584413 53 5.75
0.583833 53 5.76
0.582673 52 5.77
0.581706 50 5.79
0.579385 50 5.8
0.578998 49 5.81
0.578225 48 5.82
0.577838 48 5.83
0.577064 48 5.84
0.576097 48 5.85
0.574937 46 5.86
0.574744 46 5.87
0.57397 46 5.88
0.573583 46 5.89
0.572036 45 5.9
0.57165 45 5.91
0.570683 44 5.92
0.570102 44 5.93
0.569136 44 5.94
0.568555 44 5.95
0.567782 44 5.96
0.567588 43 5.97
0.566815 42 5.98
0.566235 42 5.99
0.565074 42 6
0.564494 42 6.01
0.564108 42 6.02
0.563527 41 6.03
0.562174 40 6.04
0.560046 40 6.05
0.559273 38 6.06
0.558499 38 6.07
0.557919 37 6.08
0.557146 37 6.09
0.556372 37 6.1
0.554632 37 6.11
0.553471 36 6.12
0.552504 36 6.13
0.551537 35 6.14
0.549797 35 6.15
0.54941 35 6.16
0.547863 35 6.17
0.547476 35 6.18
0.546896 34 6.19
0.546123 33 6.2
0.545349 33 6.21
0.544769 33 6.22
0.544382 33 6.23
0.543415 33 6.24
0.543222 33 6.25
0.542448 33 6.26
0.541481 33 6.27
0.540321 32 6.28
0.538967 32 6.29
0.537807 32 6.3
0.53742 32 6.31
0.535873 31 6.32
0.534519 31 6.33
0.533359 30 6.34
0.532586 30 6.35
0.532392 30 6.36
0.532005 28 6.37
0.531038 28 6.38
0.530072 28 6.39
0.528911 28 6.4
0.526591 28 6.41
0.52543 28 6.42
0.523883 28 6.43
0.52311 28 6.44
0.521756 28 6.45
0.521176 28 6.46
0.520596 28 6.47
0.519049 28 6.48
0.516728 28 6.49
0.515761 28 6.5
0.514794 26 6.51
0.513827 26 6.52
0.512667 26 6.53
0.5117 26 6.54
0.510926 26 6.55
0.508992 25 6.56
0.508219 25 6.57
0.507445 25 6.58
0.506285 25 6.59
0.505898 24 6.6
0.505125 24 6.61
0.504158 24 6.62
0.502804 24 6.63
0.502224 24 6.64
0.50087 24 6.65
0.499903 24 6.66
0.49913 24 6.67
0.497969 24 6.68
0.497583 24 6.69
0.497003 24 6.7
0.495649 24 6.71
0.494295 24 6.72
0.493522 24 6.73
0.491588 24 6.74
0.491008 24 6.75
0.490427 24 6.76
0.489654 24 6.77
0.488687 24 6.78
0.4883 24 6.79
0.48714 24 6.8
0.48656 24 6.81
0.485786 24 6.82
0.485206 24 6.83
0.483659 24 6.84
0.482692 23 6.85
0.482305 23 6.86
0.481532 23 6.87
0.479985 23 6.88
0.479598 23 6.89
0.479211 23 6.9
0.477857 23 6.91
0.477084 23 6.92
0.475343 22 6.93
0.474763 21 6.94
0.473216 21 6.95
0.472249 21 6.96
0.471476 21 6.97
0.470509 21 6.98
0.469348 21 6.99
0.468575 21 7
0.467221 21 7.01
0.466061 21 7.02
0.465094 20 7.03
0.46432 19 7.04
0.46258 19 7.05
0.462386 19 7.06
0.461226 18 7.07
0.460259 17 7.08
0.459486 17 7.09
0.458712 16 7.1
0.457165 16 7.11
0.455811 16 7.12
0.454264 16 7.13
0.453297 16 7.14
0.452137 16 7.15
0.450203 16 7.16
0.449623 15 7.17
0.448269 15 7.18
0.446915 14 7.19
0.446722 14 7.2
0.445755 14 7.21
0.444401 14 7.22
0.443048 14 7.23
0.441887 14 7.24
0.440147 14 7.25
0.438406 14 7.26
0.43744 14 7.27
0.436086 14 7.28
0.435119 14 7.29
0.433959 14 7.3
0.433572 13 7.31
0.431831 13 7.32
0.429898 12 7.33
0.428544 11 7.34
0.427383 11 7.35
0.426803 11 7.36
0.425643 11 7.37
0.424289 11 7.38
0.422936 11 7.39
0.422162 10 7.4
0.420808 10 7.41
0.419841 10 7.42
0.419068 10 7.43
0.418294 10 7.44
0.417714 10 7.45
0.415974 10 7.46
0.41404 10 7.47
0.412493 10 7.48
0.411332 10 7.49
0.410172 10 7.5
0.409012 10 7.51
0.407851 10 7.52
0.407078 10 7.53
0.406304 10 7.54
0.404177 10 7.55
0.40321 10 7.56
0.401663 10 7.57
0.400503 10 7.58
0.400309 10 7.59
0.399149 10 7.6
0.398376 10 7.61
0.397215 10 7.62
0.397022 10 7.63
0.395281 10 7.64
0.392767 10 7.65
0.391607 10 7.66
0.389867 9 7.67
0.389093 9 7.68
0.387933 9 7.69
0.385805 9 7.7
0.384645 8 7.71
0.382711 8 7.72
0.381938 8 7.73
0.380584 7 7.74
0.37981 7 7.75
0.378263 7 7.76
0.377296 7 7.77
0.375556 7 7.78
0.373429 7 7.79
0.372849 7 7.8
0.372655 6 7.81
0.370915 6 7.82
0.369368 5 7.83
0.368014 5 7.84
0.367047 5 7.85
0.365887 5 7.86
0.365113 5 7.87
0.364533 5 7.88
0.362986 5 7.89
0.360859 5 7.9
0.358345 5 7.91
0.357571 5 7.92
0.356411 5 7.93
0.354864 5 7.94
0.35409 5 7.95
0.352543 5 7.96
0.351769 5 7.97
0.350996 5 7.98
0.350029 5 7.99
0.349449 5 8
0.348095 5 8.01
0.347515 5 8.02
0.345968 5 8.03
0.344808 5 8.04
0.343067 4 8.05
0.34152 4 8.06
0.340553 4 8.07
0.33978 4 8.08
0.338232 4 8.09
0.337072 4 8.1
0.335912 4 8.11
0.334945 4 8.12
0.333591 4 8.13
0.331851 4 8.14
0.330884 4 8.15
0.33011 4 8.16
0.329337 4 8.17
0.328176 4 8.18
0.327403 4 8.19
0.325662 4 8.2
0.322762 4 8.21
0.321408 4 8.22
0.320054 4 8.23
0.319087 4 8.24
0.31696 4 8.25
0.315606 4 8.26
0.314833 4 8.27
0.313672 4 8.28
0.311739 4 8.29
0.311158 4 8.3
0.310772 4 8.31
0.308838 4 8.32
0.308064 4 8.33
0.306904 4 8.34
0.305357 4 8.35
0.30497 4 8.36
0.303036 4 8.37
0.301489 4 8.38
0.299942 4 8.39
0.299362 4 8.4
0.297815 4 8.41
0.295687 4 8.42
0.294721 4 8.43
0.29414 4 8.44
0.29356 4 8.45
0.292593 4 8.46
0.291433 4 8.47
0.289886 4 8.48
0.289112 4 8.49
0.287759 4 8.5
0.285245 4 8.51
0.284084 4 8.52
0.282731 4 8.53
0.281184 3 8.54
0.280217 3 8.55
0.279636 3 8.56
0.278863 3 8.57
0.277122 3 8.58
0.275962 3 8.59
0.274802 3 8.6
0.272288 2 8.61
0.270934 2 8.62
0.26958 2 8.63
0.268227 2 8.64
0.266873 2 8.65
0.265519 2 8.66
0.264359 2 8.67
0.263972 2 8.68
0.262618 2 8.69
0.261458 2 8.7
0.260878 2 8.71
0.259331 2 8.72
0.258364 2 8.73
0.256817 2 8.74
0.255463 1 8.75
0.253723 1 8.76
0.252369 1 8.77
0.251789 1 8.78
0.251015 1 8.79
0.249275 1 8.8
0.248501 1 8.81
0.247534 1 8.82
0.246761 1 8.83
0.245794 1 8.84
0.24502 1 8.85
0.244053 1 8.86
0.242893 1 8.87
0.241733 1 8.88
0.240572 1 8.89
0.239992 1 8.9
0.238445 1 8.91
0.237478 1 8.92
0.235931 1 8.93
0.234964 1 8.94
0.233997 1 8.95
0.23245 1 8.96
0.23071 1 8.97
0.228776 1 8.98
0.227809 1 8.99
0.226455 1 9
0.225682 1 9.01
0.224521 1 9.02
0.223361 1 9.03
0.222394 1 9.04
0.221621 1 9.05
0.22104 1 9.06
0.220267 1 9.07
0.2193 1 9.08
0.21814 1 9.09
0.217559 1 9.1
0.216206 1 9.11
0.215045 1 9.12
0.213692 1 9.13
0.212531 1 9.14
0.211564 1 9.15
0.209824 1 9.16
0.208857 1 9.17
0.208084 1 9.18
0.206923 1 9.19
0.205956 1 9.2
0.205376 1 9.21
0.204603 1 9.22
0.203829 1 9.23
0.202475 1 9.24
0.200541 1 9.25
0.199768 1 9.26
0.198608 1 9.27
0.197834 1 9.28
0.197061 1 9.29
0.19532 1 9.3
0.194353 1 9.31
0.193193 1 9.32
0.192419 1 9.33
0.190679 1 9.34
0.189712 1 9.35
0.189132 1 9.36
0.188165 1 9.37
0.187004 1 9.38
0.186424 1 9.39
0.185071 1 9.4
0.183717 1 9.41
0.18333 1 9.42
0.182557 1 9.43
0.181783 1 9.44
0.181009 1 9.45
0.180623 1 9.46
0.180043 1 9.47
0.179462 1 9.48
0.178302 1 9.49
0.177529 1 9.5
0.176755 1 9.51
0.175981 1 9.52
0.175401 1 9.53
0.174241 1 9.54
0.173274 1 9.55
0.172307 1 9.56
0.171147 1 9.57
0.1696 1 9.58
0.16902 1 9.59
0.168053 1 9.6
0.166892 1 9.61
0.165539 1 9.62
0.163798 1 9.63
0.162638 1 9.64
0.162251 1 9.65
0.161477 1 9.66
0.15993 1 9.67
0.158963 1 9.68
0.158383 1 9.69
0.157416 1 9.7
0.156643 1 9.71
0.155676 1 9.72
0.155289 1 9.73
0.153935 1 9.74
0.152582 1 9.75
0.152002 1 9.76
0.150841 1 9.77
0.150261 1 9.78
0.149294 1 9.79
0.14794 1 9.8
0.146974 1 9.81
0.146393 1 9.82
0.146007 1 9.83
0.144266 1 9.84
0.143686 1 9.85
0.142526 1 9.86
0.141752 1 9.87
0.140785 1 9.88
0.139625 1 9.89
0.138078 1 9.9
0.136917 1 9.91
0.136724 1 9.92
0.136144 1 9.93
0.135177 1 9.94
0.13479 1 9.95
0.13421 1 9.96
0.133436 1 9.97
0.13247 1 9.98
0.131696 1 9.99
0.131116 1 10
0.129956 1 10.01
0.129569 1 10.02
0.128602 1 10.03
0.128022 1 10.04
0.127248 1 10.05
0.126861 1 10.06
0.125701 1 10.07
0.124927 1 10.08
0.123767 1 10.09
0.12338 1 10.1
0.1228 1 10.11
0.12164 1 10.12
0.120673 1 10.13
0.120286 1 10.14
0.119319 1 10.15
0.119126 1 10.16
0.117966 1 10.17
0.116805 1 10.18
0.115838 1 10.19
0.115452 1 10.2
0.115065 1 10.21
0.114485 1 10.22
0.113711 1 10.23
0.112551 1 10.24
0.111777 1 10.25
0.11139 1 10.26
0.11023 1 10.27
0.109457 1 10.28
0.10849 1 10.29
0.107909 1 10.3
0.106943 1 10.31
0.106362 1 10.32
0.105976 1 10.33
0.105395 1 10.35
0.105009 1 10.37
0.104622 1 10.38
0.103848 1 10.39
0.103075 1 10.4
0.102688 1 10.41
0.102301 1 10.42
0.101721 1 10.43
0.100948 1 10.44
0.0997873 1 10.45
0.0990137 1 10.46
0.0984336 1 10.47
0.0972733 1 10.48
0.0968865 1 10.49
0.0955328 1 10.5
0.0947592 1 10.51
0.0939857 1 10.52
0.0930188 1 10.53
0.0918584 1 10.54
0.0914717 1 10.55
0.0903114 1 10.56
0.0897312 1 10.58
0.0887643 1 10.59
0.0881841 1 10.6
0.0872172 1 10.61
0.0862502 1 10.62
0.0852833 1 10.63
0.084123 1 10.64
0.0835428 1 10.65
0.0827693 1 10.66
0.0825759 1 10.67
0.0819957 1 10.68
0.0812222 1 10.69
0.080642 1 10.7
0.0796751 1 10.71
0.0789016 1 10.72
0.0787082 1 10.73
0.0773545 1 10.74
0.0763875 1 10.75
0.0758074 1 10.77
0.0748405 1 10.78
0.0744537 1 10.79
0.0738735 1 10.8
0.0736801 1 10.81
0.0731 1 10.82
0.0717463 1 10.83
0.0715529 1 10.84
0.0709727 1 10.85
0.0701992 1 10.86
0.0694256 1 10.87
0.0682653 1 10.88
0.0672984 1 10.89
0.0667182 1 10.9
0.0665249 1 10.91
0.0657513 1 10.92
0.0647844 1 10.93
0.0640108 1 10.94
0.0638174 1 10.95
0.0636241 1 10.96
0.0634307 1 10.97
0.0622704 1 10.98
0.062077 1 10.99
0.0616902 1 11
0.0614968 1 11.01
0.0607233 1 11.02
0.0603365 1 11.03
0.0601431 1 11.04
0.0595629 1 11.05
0.058596 1 11.07
0.0584026 1 11.08
0.0578225 1 11.09
0.0576291 1 11.1
0.0572423 1 11.11
0.056082 1 11.12
0.0556952 1 11.13
0.0545349 1 11.14
0.0543415 1 11.15
0.053568 1 11.16
0.0531812 1 11.17
0.0524077 1 11.18
0.0520209 1 11.19
0.051054 1 11.2
0.0504738 1 11.21
0.0502804 1 11.22
0.050087 1 11.23
0.0497003 1 11.24
0.0495069 1 11.25
0.0485399 1 11.26
0.0481532 1 11.27
0.0479598 1 11.28
0.047573 1 11.29
0.0473796 1 11.3
0.0471862 1 11.32
0.0469928 1 11.33
0.0464127 1 11.34
0.0460259 1 11.35
0.0456391 1 11.36
0.0452524 1 11.37
0.0444788 1 11.38
0.0438987 1 11.39
0.0435119 1 11.41
0.0429317 1 11.42
0.042545 0 11.43
0.0423516 0 11.44
0.0419648 0 11.45
0.0411913 0 11.47
0.0408045 0 11.48
0.0402243 0 11.49
0.0400309 0 11.5
0.0396442 0 11.51
0.0392574 0 11.52
0.039064 0 11.53
0.0388706 0 11.54
0.0384839 0 11.55
0.0379037 0 11.56
0.0375169 0 11.57
0.0369368 0 11.58
0.0367434 0 11.59
0.0361632 0 11.6
0.0359698 0 11.61
0.0351963 0 11.62
0.0346161 0 11.63
0.0344227 0 11.64
0.0342294 0 11.66
0.0338426 0 11.67
0.033069 0 11.68
0.0322955 0 11.69
0.0321021 0 11.7
0.0319087 0 11.72
0.0311352 0 11.73
0.0307484 0 11.74
0.030555 0 11.75
0.0303616 0 11.76
0.0299749 0 11.77
0.0297815 0 11.78
0.0295881 0 11.8
0.0293947 0 11.81
0.0290079 0 11.82
0.0288145 0 11.83
0.0286212 0 11.84
0.0284278 0 11.85
0.0282344 0 11.87
0.0274608 0 11.88
0.0268807 0 11.89
0.0266873 0 11.9
0.0263005 0 11.91
0.0259137 0 11.92
0.0257204 0 11.93
0.025527 0 11.95
0.0249468 0 11.96
0.0247534 0 11.97
0.0241733 0 11.98
0.0239799 0 12
0.0235931 0 12.02
0.0233997 0 12.03
0.0232063 0 12.05
0.0228196 0 12.06
0.0226262 0 12.07
0.022046 0 12.08
0.0218526 0 12.09
0.0214659 0 12.11
0.0212725 0 12.12
0.0210791 0 12.13
0.0206923 0 12.16
0.0204989 0 12.17
0.0203056 0 12.18
0.0201122 0 12.2
0.0197254 0 12.21
0.0193386 0 12.22
0.0191452 0 12.23
0.0189518 0 12.27
0.0187585 0 12.28
0.0183717 0 12.29
0.0181783 0 12.3
0.0179849 0 12.31
0.0175981 0 12.32
0.0172114 0 12.34
0.0168246 0 12.35
0.0164378 0 12.36
0.0162444 0 12.38
0.0160511 0 12.39
0.0158577 0 12.41
0.0156643 0 12.42
0.0154709 0 12.43
0.0152775 0 12.44
0.0150841 0 12.45
0.0146974 0 12.5
0.014504 0 12.51
0.0143106 0 12.54
0.0137304 0 12.56
0.013537 0 12.59
0.0131503 0 12.61
0.0129569 0 12.63
0.0127635 0 12.65
0.0125701 0 12.67
0.0123767 0 12.68
0.0121833 0 12.69
0.0119899 0 12.71
0.0117966 0 12.74
0.0116032 0 12.75
0.0112164 0 12.77
0.011023 0 12.78
0.0108296 0 12.79
0.0106362 0 12.82
0.0104429 0 12.83
0.0102495 0 12.85
0.0100561 0 12.87
0.0098627 0 12.89
0.00966931 0 12.91
0.00947592 0 12.92
0.00928254 0 12.93
0.00908915 0 12.95
0.00889576 0 12.99
0.00850899 0 13
0.00831561 0 13.04
0.00812222 0 13.05
0.00792883 0 13.07
0.00773545 0 13.08
0.00754206 0 13.09
0.00734868 0 13.1
0.00676852 0 13.12
0.00657513 0 13.14
0.00638174 0 13.15
0.00599497 0 13.18
0.00580159 0 13.21
0.0056082 0 13.22
0.00541481 0 13.24
0.00522143 0 13.28
0.00483465 0 13.29
0.00464127 0 13.31
0.00444788 0 13.33
0.0042545 0 13.34
0.00386772 0 13.37
0.00367434 0 13.38
0.00348095 0 13.41
0.00328757 0 13.43
0.00309418 0 13.47
0.00290079 0 13.56
0.00251402 0 13.58
0.00232063 0 13.66
0.00193386 0 13.71
0.00174048 0 13.72
0.00154709 0 13.73
0.0013537 0 13.86
0.00116032 0 13.94
0.000966931 0 14.06
0.000773545 0 14.17
0.000580159 0 14.18
0.000386772 0 15.06
0.000193386 0 16.05
0 0 1.79769e+308
