0.303423 3 0.8
0.30323 3 0.95
0.303036 3 1.1
0.302843 3 1.13
0.302649 3 1.2
0.302456 3 1.27
0.302263 2 1.3
0.302069 2 1.37
0.301682 2 1.39
0.301489 2 1.4
0.301296 2 1.42
0.301102 2 1.46
0.300909 2 1.48
0.300716 2 1.52
0.300522 2 1.54
0.300329 2 1.55
0.300135 2 1.61
0.299942 2 1.63
0.299749 2 1.65
0.299555 2 1.68
0.299362 2 1.71
0.299168 2 1.74
0.298782 2 1.76
0.298588 2 1.79
0.298202 2 1.8
0.298008 2 1.84
0.297428 2 1.87
0.297235 2 1.89
0.297041 2 1.9
0.296848 2 1.91
0.296461 2 1.93
0.296268 2 1.94
0.296074 2 1.96
0.295687 2 1.97
0.295494 2 1.98
0.295107 2 1.99
0.294527 2 2
0.294334 2 2.02
0.293947 2 2.04
0.293754 2 2.06
0.293173 2 2.07
0.29298 2 2.08
0.292787 2 2.09
0.292593 2 2.1
0.292207 2 2.13
0.291626 2 2.14
0.29124 2 2.15
0.291046 2 2.16
0.290853 2 2.17
0.290273 2 2.19
0.289499 2 2.2
0.289306 2 2.21
0.288532 2 2.22
0.287565 2 2.23
0.287178 2 2.25
0.286985 2 2.26
0.286792 2 2.27
0.286598 2 2.28
0.286405 2 2.29
0.286018 2 2.3
0.285631 2 2.31
0.285051 2 2.32
0.284858 2 2.33
0.284471 2 2.34
0.284278 2 2.35
0.284084 2 2.36
0.283698 2 2.37
0.282924 2 2.39
0.281377 2 2.41
0.281184 2 2.42
0.280603 2 2.43
0.27983 2 2.44
0.278863 2 2.45
0.278283 2 2.46
0.277509 2 2.47
0.277316 2 2.49
0.276736 2 2.5
0.276155 2 2.51
0.275769 2 2.52
0.274995 2 2.53
0.274608 2 2.54
0.274222 2 2.55
0.274028 2 2.56
0.273835 2 2.57
0.272868 2 2.58
0.272288 2 2.59
0.271514 2 2.6
0.270741 2 2.61
0.269967 2 2.62
0.269194 2 2.63
0.26842 2 2.64
0.268033 2 2.65
0.267646 2 2.66
0.26668 2 2.67
0.266293 1 2.68
0.265519 1 2.69
0.264939 1 2.7
0.264359 1 2.71
0.263972 1 2.72
0.263585 1 2.73
0.263199 1 2.74
0.262812 1 2.75
0.262425 1 2.76
0.262038 1 2.77
0.261458 1 2.78
0.260491 1 2.8
0.259911 1 2.81
0.259137 1 2.82
0.258751 1 2.83
0.25701 1 2.84
0.25643 1 2.85
0.256043 1 2.86
0.254883 1 2.87
0.254496 1 2.88
0.253916 1 2.89
0.253529 1 2.91
0.251982 1 2.92
0.251595 1 2.93
0.250629 1 2.94
0.249662 1 2.95
0.249468 1 2.96
0.248888 1 2.97
0.248308 1 2.98
0.247341 1 2.99
0.246567 1 3
0.245794 0 3.01
0.24444 0 3.02
0.243667 0 3.03
0.24328 0 3.04
0.242506 0 3.05
0.240959 0 3.06
0.240379 0 3.07
0.239799 0 3.08
0.239025 0 3.09
0.237865 0 3.1
0.236511 0 3.11
0.235931 0 3.12
0.234384 0 3.13
0.23245 0 3.14
0.231677 0 3.15
0.230323 0 3.16
0.228389 0 3.17
0.227035 0 3.18
0.225488 0 3.19
0.224715 0 3.2
0.223361 0 3.21
0.222588 0 3.22
0.221234 0 3.23
0.220847 0 3.24
0.219107 0 3.25
0.21814 0 3.26
0.216593 0 3.27
0.215626 0 3.28
0.214272 0 3.29
0.213885 0 3.3
0.212725 0 3.31
0.211564 0 3.32
0.210017 0 3.33
0.208857 0 3.34
0.20789 0 3.35
0.207697 0 3.36
0.205956 0 3.37
0.204022 0 3.38
0.203442 0 3.39
0.202282 0 3.4
0.201702 0 3.41
0.200735 0 3.42
0.199961 0 3.43
0.199575 0 3.44
0.199381 0 3.45
0.197641 0 3.46
0.196287 0 3.47
0.1959 0 3.48
0.194547 0 3.49
0.193193 0 3.5
0.192419 0 3.51
0.191066 0 3.52
0.189712 0 3.53
0.188745 0 3.54
0.187778 0 3.55
0.187198 0 3.56
0.186424 0 3.57
0.185071 0 3.58
0.184297 0 3.59
0.182943 0 3.6
0.18159 0 3.61
0.180236 0 3.62
0.178495 0 3.63
0.177335 0 3.64
0.175981 0 3.65
0.174434 0 3.66
0.173274 0 3.67
0.1725 0 3.68
0.17192 0 3.69
0.170373 0 3.7
0.169213 0 3.71
0.167859 0 3.72
0.165925 0 3.73
0.164572 0 3.74
0.163218 0 3.75
0.162058 0 3.76
0.160704 0 3.77
0.159737 0 3.78
0.158383 0 3.79
0.15703 0 3.8
0.155289 0 3.81
0.154129 0 3.82
0.153355 0 3.83
0.152002 0 3.84
0.150648 0 3.85
0.149294 0 3.86
0.148134 0 3.87
0.146974 0 3.88
0.146393 0 3.89
0.143686 0 3.9
0.142912 0 3.91
0.141945 0 3.92
0.141365 0 3.93
0.138658 0 3.94
0.138078 0 3.95
0.136917 0 3.96
0.136144 0 3.97
0.135564 0 3.98
0.134597 0 3.99
0.133823 0 4
0.132663 0 4.01
0.131696 0 4.02
0.130342 0 4.03
0.129762 0 4.04
0.128408 0 4.05
0.127248 0 4.06
0.126281 0 4.07
0.125121 0 4.08
0.124541 0 4.09
0.123767 0 4.1
0.122607 0 4.11
0.120673 0 4.12
0.119319 0 4.13
0.117966 0 4.14
0.115645 0 4.15
0.115065 0 4.16
0.113518 0 4.17
0.112164 0 4.18
0.11023 0 4.19
0.10907 0 4.2
0.10849 0 4.21
0.107329 0 4.22
0.105976 0 4.23
0.105009 0 4.24
0.104235 0 4.25
0.103655 0 4.26
0.102881 0 4.27
0.102108 0 4.28
0.101334 0 4.29
0.100367 0 4.3
0.0995939 0 4.31
0.0988203 0 4.32
0.0978534 0 4.33
0.0964997 0 4.34
0.0949526 0 4.35
0.0945658 0 4.36
0.0941791 0 4.37
0.0934055 0 4.38
0.0920518 0 4.39
0.0908915 0 4.4
0.0893444 0 4.41
0.0883775 0 4.42
0.0872172 0 4.43
0.0860569 0 4.44
0.0848965 0 4.45
0.0839296 0 4.46
0.0827693 0 4.47
0.0814156 0 4.48
0.0808354 0 4.49
0.079095 0 4.5
0.0779346 0 4.51
0.0767743 0 4.53
0.075614 0 4.54
0.0748405 0 4.55
0.0740669 0 4.56
0.0734868 0 4.57
0.072133 0 4.58
0.0713595 0 4.59
0.0700058 0 4.6
0.0694256 0 4.61
0.0686521 0 4.62
0.0676852 0 4.63
0.0661381 0 4.65
0.0649778 0 4.66
0.0638174 0 4.67
0.0630439 0 4.68
0.0622704 0 4.69
0.06111 0 4.7
0.0595629 0 4.71
0.0582092 0 4.72
0.0572423 0 4.73
0.0564688 0 4.74
0.0556952 0 4.75
0.0549217 0 4.76
0.0543415 0 4.77
0.0533746 0 4.78
0.0512473 0 4.79
0.0502804 0 4.8
0.050087 0 4.81
0.0495069 0 4.82
0.0491201 0 4.83
0.0489267 0 4.84
0.0483465 0 4.85
0.0469928 0 4.86
0.0464127 0 4.87
0.0454458 0 4.88
0.0442854 0 4.89
0.0433185 0 4.9
0.0423516 0 4.91
0.0419648 0 4.92
0.0408045 0 4.93
0.0398376 0 4.95
0.0394508 0 4.96
0.039064 0 4.97
0.0384839 0 4.98
0.0382905 0 4.99
0.0377103 0 5
0.0375169 0 5.01
0.0367434 0 5.02
0.0363566 0 5.04
0.0355831 0 5.06
0.0350029 0 5.07
0.0342294 0 5.08
0.033069 0 5.09
0.0328757 0 5.1
0.0317153 0 5.11
0.0313286 0 5.12
0.030555 0 5.13
0.0293947 0 5.14
0.0288145 0 5.15
0.0282344 0 5.17
0.0274608 0 5.19
0.0270741 0 5.2
0.0268807 0 5.21
0.0264939 0 5.22
0.0261071 0 5.23
0.0253336 0 5.24
0.0251402 0 5.25
0.0247534 0 5.26
0.0243667 0 5.27
0.0235931 0 5.28
0.0228196 0 5.29
0.0224328 0 5.3
0.0218526 0 5.31
0.0214659 0 5.32
0.0206923 0 5.33
0.0204989 0 5.34
0.0201122 0 5.35
0.0197254 0 5.36
0.019532 0 5.37
0.0191452 0 5.38
0.0189518 0 5.39
0.0187585 0 5.4
0.0181783 0 5.42
0.0179849 0 5.43
0.0175981 0 5.44
0.0172114 0 5.45
0.0166312 0 5.46
0.0164378 0 5.49
0.0162444 0 5.52
0.0158577 0 5.53
0.0154709 0 5.54
0.0150841 0 5.56
0.014504 0 5.57
0.0139238 0 5.58
0.0131503 0 5.59
0.0129569 0 5.6
0.0123767 0 5.61
0.0121833 0 5.62
0.0114098 0 5.63
0.0112164 0 5.64
0.0104429 0 5.66
0.0102495 0 5.69
0.0100561 0 5.7
0.0098627 0 5.71
0.00966931 0 5.72
0.00928254 0 5.75
0.00870238 0 5.78
0.00850899 0 5.8
0.00812222 0 5.83
0.00792883 0 5.85
0.00773545 0 5.86
0.00754206 0 5.91
0.00715529 0 5.92
0.0069619 0 5.93
0.00638174 0 5.94
0.00599497 0 5.99
0.00580159 0 6.04
0.0056082 0 6.07
0.00522143 0 6.08
0.00502804 0 6.09
0.00464127 0 6.1
0.00444788 0 6.11
0.0042545 0 6.13
0.00406111 0 6.15
0.00386772 0 6.16
0.00367434 0 6.2
0.00328757 0 6.24
0.00309418 0 6.25
0.00290079 0 6.27
0.00270741 0 6.28
0.00251402 0 6.35
0.00232063 0 6.36
0.00212725 0 6.37
0.00193386 0 6.43
0.00174048 0 6.56
0.00154709 0 6.61
0.0013537 0 6.63
0.00116032 0 6.67
0.000966931 0 6.7
0.000580159 0 6.87
0.000386772 0 6.96
0.000193386 0 7.16
0 0 1.79769e+308
