0.727132 548 -1.41
0.727132 547 -0.86
0.726939 547 -0.78
0.726939 546 -0.58
0.726939 545 -0.46
0.726939 544 -0.38
0.726939 543 -0.28
0.726745 543 -0.21
0.726745 542 -0.17
0.726745 541 -0.13
0.726745 540 0.02
0.726552 540 0.06
0.726552 538 0.23
0.726552 537 0.27
0.726552 536 0.32
0.726552 535 0.34
0.726552 534 0.35
0.726359 534 0.37
0.726359 533 0.39
0.726359 531 0.4
0.726359 530 0.41
0.726359 529 0.42
0.726359 528 0.43
0.726165 528 0.46
0.725972 528 0.47
0.725972 526 0.55
0.725972 525 0.57
0.725778 524 0.61
0.725778 522 0.64
0.725778 521 0.66
0.725585 521 0.71
0.725585 520 0.73
0.725585 519 0.74
0.725585 518 0.76
0.725585 516 0.77
0.725585 515 0.8
0.725585 514 0.81
0.725585 513 0.82
0.725392 513 0.83
0.725198 513 0.84
0.725198 512 0.87
0.725198 511 0.88
0.725005 511 0.9
0.724811 511 0.92
0.724811 510 0.93
0.724618 509 0.94
0.724618 508 0.95
0.724618 507 0.98
0.724618 506 1.01
0.724425 503 1.03
0.724231 503 1.05
0.724231 502 1.07
0.724231 501 1.08
0.724231 500 1.11
0.724038 499 1.19
0.724038 497 1.21
0.723845 497 1.22
0.723651 496 1.23
0.723651 495 1.25
0.723651 493 1.26
0.723651 491 1.27
0.723651 490 1.28
0.723651 489 1.29
0.723264 489 1.3
0.723071 487 1.32
0.722878 485 1.34
0.722878 481 1.35
0.722684 479 1.37
0.722684 478 1.38
0.722491 477 1.4
0.722491 475 1.41
0.722491 474 1.42
0.722297 474 1.43
0.722297 471 1.45
0.722297 469 1.46
0.722297 467 1.47
0.722297 466 1.48
0.722104 465 1.49
0.722104 464 1.5
0.721717 464 1.52
0.721717 462 1.55
0.721717 460 1.56
0.721524 459 1.57
0.721524 458 1.58
0.72133 457 1.59
0.72133 456 1.62
0.721137 456 1.64
0.721137 454 1.65
0.720944 453 1.69
0.72075 452 1.7
0.720364 450 1.71
0.720364 449 1.72
0.720364 448 1.73
0.720364 447 1.74
0.72017 446 1.75
0.72017 444 1.79
0.72017 443 1.81
0.719977 440 1.84
0.719977 438 1.85
0.719977 436 1.86
0.719977 434 1.87
0.719783 433 1.88
0.719783 432 1.91
0.719783 431 1.93
0.719783 428 1.95
0.719783 426 1.96
0.719783 424 1.97
0.71959 424 1.99
0.719397 424 2
0.719397 423 2.01
0.719397 422 2.02
0.719397 421 2.03
0.719203 421 2.04
0.719203 418 2.05
0.71901 416 2.06
0.71901 412 2.07
0.71901 410 2.08
0.71901 409 2.09
0.718623 409 2.1
0.718623 408 2.11
0.718623 407 2.12
0.718623 406 2.13
0.718623 405 2.14
0.718623 403 2.15
0.718623 402 2.16
0.718623 400 2.17
0.71843 400 2.18
0.718236 399 2.19
0.718043 399 2.2
0.718043 397 2.21
0.71785 394 2.22
0.717656 394 2.23
0.717463 392 2.24
0.717269 390 2.26
0.717269 387 2.27
0.717076 385 2.28
0.716883 385 2.29
0.716883 383 2.31
0.716883 381 2.32
0.716689 380 2.33
0.716302 379 2.34
0.715722 377 2.36
0.715722 375 2.37
0.715722 373 2.38
0.715722 372 2.39
0.715722 371 2.4
0.715722 370 2.42
0.715529 370 2.43
0.715142 370 2.45
0.715142 369 2.46
0.715142 368 2.47
0.714949 365 2.48
0.714562 362 2.49
0.714175 361 2.5
0.714175 360 2.51
0.714175 358 2.52
0.713982 356 2.53
0.713982 355 2.54
0.713788 353 2.55
0.713788 352 2.56
0.713788 350 2.58
0.713788 349 2.6
0.713595 347 2.61
0.713595 346 2.62
0.713015 345 2.65
0.713015 343 2.66
0.712822 343 2.67
0.712628 343 2.69
0.712241 341 2.7
0.711855 339 2.71
0.711468 339 2.72
0.711468 337 2.73
0.711274 336 2.74
0.711274 333 2.75
0.711274 331 2.76
0.711274 328 2.78
0.710888 325 2.79
0.710307 322 2.81
0.710114 321 2.82
0.710114 320 2.83
0.709921 319 2.84
0.709534 319 2.86
0.709534 315 2.87
0.709534 313 2.88
0.709147 313 2.89
0.70876 312 2.9
0.70876 310 2.92
0.708374 310 2.93
0.70818 308 2.94
0.707987 308 2.98
0.7076 307 2.99
0.707407 304 3
0.707407 302 3.01
0.707407 301 3.03
0.707213 300 3.04
0.707213 298 3.05
0.707213 296 3.06
0.707213 295 3.07
0.706827 294 3.08
0.70644 289 3.09
0.706246 289 3.1
0.706246 288 3.11
0.706246 286 3.12
0.706053 285 3.13
0.706053 283 3.14
0.706053 282 3.15
0.706053 281 3.16
0.70586 281 3.17
0.705473 281 3.18
0.705086 281 3.19
0.704699 277 3.2
0.704313 277 3.21
0.704313 276 3.22
0.704313 275 3.23
0.704119 275 3.24
0.703926 274 3.25
0.703539 274 3.26
0.703346 274 3.27
0.703152 274 3.28
0.703152 273 3.29
0.702765 273 3.3
0.702572 273 3.31
0.702379 271 3.32
0.702185 271 3.33
0.701798 270 3.34
0.701605 270 3.35
0.701605 269 3.36
0.701412 269 3.37
0.701025 266 3.38
0.700638 266 3.39
0.700638 265 3.4
0.700251 265 3.41
0.699865 264 3.42
0.699284 263 3.43
0.699091 261 3.44
0.699091 257 3.45
0.698704 256 3.47
0.698124 252 3.48
0.698124 251 3.49
0.697931 251 3.5
0.697544 250 3.51
0.697544 248 3.52
0.697544 247 3.53
0.697351 247 3.54
0.697351 246 3.55
0.697157 245 3.56
0.69677 242 3.57
0.69677 241 3.58
0.69677 240 3.59
0.69619 239 3.6
0.69619 236 3.61
0.695804 235 3.62
0.695804 233 3.63
0.69561 229 3.64
0.695223 227 3.65
0.694643 226 3.66
0.694643 224 3.67
0.694063 222 3.68
0.69387 221 3.69
0.693676 220 3.7
0.692323 219 3.71
0.691549 218 3.72
0.690582 215 3.73
0.690389 214 3.74
0.690002 210 3.76
0.689809 210 3.77
0.689615 209 3.78
0.689422 209 3.79
0.689228 208 3.8
0.688842 208 3.81
0.688648 208 3.82
0.688068 208 3.83
0.687875 207 3.84
0.687681 207 3.85
0.687101 206 3.86
0.686714 203 3.88
0.686521 202 3.89
0.686521 200 3.9
0.686134 200 3.91
0.685554 198 3.92
0.685167 198 3.93
0.685167 197 3.94
0.684781 196 3.95
0.684587 194 3.96
0.684587 193 3.97
0.6842 190 3.98
0.683814 189 3.99
0.682847 188 4
0.68246 185 4.01
0.682266 183 4.02
0.68188 181 4.03
0.681686 179 4.04
0.681106 177 4.05
0.680719 177 4.06
0.680333 176 4.07
0.679752 174 4.08
0.679366 172 4.09
0.679172 170 4.1
0.678786 169 4.11
0.678399 167 4.12
0.678205 166 4.13
0.678012 166 4.14
0.677819 162 4.15
0.676658 162 4.16
0.676465 162 4.17
0.676272 161 4.18
0.675885 160 4.19
0.675691 160 4.2
0.675111 159 4.21
0.674724 158 4.22
0.674144 158 4.23
0.673757 158 4.24
0.673177 157 4.25
0.672597 154 4.28
0.67221 153 4.29
0.67163 153 4.3
0.671437 153 4.31
0.670663 153 4.32
0.670083 153 4.33
0.669503 152 4.34
0.669116 151 4.35
0.668923 151 4.37
0.668536 150 4.38
0.667569 149 4.39
0.666796 148 4.4
0.666215 148 4.41
0.665829 148 4.42
0.665442 148 4.43
0.664862 148 4.44
0.664475 148 4.45
0.664088 147 4.46
0.663701 145 4.47
0.663315 145 4.48
0.663315 144 4.49
0.662928 144 4.5
0.662541 142 4.51
0.662541 140 4.52
0.662154 138 4.53
0.661187 138 4.54
0.660801 138 4.55
0.66022 137 4.56
0.659447 137 4.57
0.659254 137 4.58
0.658673 137 4.59
0.6579 137 4.6
0.657706 136 4.61
0.656933 135 4.62
0.656159 133 4.63
0.655386 132 4.64
0.654806 132 4.65
0.653839 131 4.66
0.653452 130 4.67
0.653259 130 4.68
0.652872 129 4.69
0.652485 127 4.7
0.651905 123 4.71
0.650938 122 4.72
0.650551 122 4.73
0.650164 122 4.74
0.649584 122 4.75
0.649004 122 4.76
0.648811 122 4.77
0.648231 120 4.78
0.648037 120 4.79
0.647844 120 4.8
0.647457 118 4.81
0.646877 117 4.82
0.646103 116 4.83
0.645716 116 4.84
0.64533 116 4.85
0.644943 114 4.86
0.644363 113 4.87
0.643976 113 4.88
0.643589 113 4.89
0.643589 112 4.91
0.643396 111 4.92
0.643202 111 4.93
0.642816 111 4.94
0.642429 109 4.95
0.641849 107 4.96
0.641655 106 4.97
0.641269 106 4.98
0.640882 105 4.99
0.640495 105 5
0.639335 105 5.01
0.638948 104 5.02
0.638368 104 5.03
0.637788 103 5.04
0.637594 99 5.05
0.637208 99 5.06
0.637208 98 5.07
0.636434 98 5.08
0.635854 98 5.09
0.635467 97 5.1
0.63508 97 5.11
0.634113 97 5.12
0.633146 97 5.13
0.632179 96 5.14
0.631599 96 5.15
0.631019 96 5.16
0.629859 94 5.17
0.627925 94 5.18
0.627732 93 5.19
0.626765 93 5.2
0.626184 91 5.21
0.625604 91 5.22
0.625218 91 5.23
0.625024 90 5.24
0.624057 89 5.25
0.62367 87 5.26
0.62309 87 5.27
0.622704 85 5.28
0.62193 84 5.29
0.621543 84 5.3
0.62077 80 5.31
0.62019 80 5.32
0.619416 79 5.33
0.618642 79 5.34
0.618062 79 5.35
0.617289 79 5.36
0.617289 78 5.37
0.617095 77 5.38
0.615742 77 5.39
0.615161 76 5.4
0.614388 76 5.41
0.613228 74 5.42
0.612454 74 5.43
0.611294 73 5.44
0.6111 73 5.45
0.610327 73 5.46
0.609747 73 5.47
0.60878 72 5.48
0.607619 72 5.49
0.607039 72 5.5
0.606652 71 5.51
0.606266 71 5.52
0.604332 70 5.53
0.603558 69 5.54
0.602978 67 5.55
0.601818 67 5.56
0.601624 67 5.57
0.600851 66 5.58
0.600271 65 5.59
0.599304 65 5.6
0.597757 65 5.61
0.596596 65 5.62
0.596403 64 5.63
0.595436 64 5.64
0.595049 63 5.65
0.594082 62 5.66
0.593696 61 5.67
0.593115 61 5.68
0.592729 61 5.69
0.590988 60 5.7
0.590215 59 5.71
0.589828 58 5.72
0.589635 58 5.73
0.588861 58 5.74
0.588087 57 5.75
0.587507 56 5.76
0.58654 55 5.77
0.585573 53 5.79
0.583253 52 5.8
0.582866 51 5.81
0.581899 51 5.82
0.581512 51 5.83
0.580739 51 5.84
0.579772 51 5.85
0.578611 49 5.86
0.578418 49 5.87
0.577645 49 5.88
0.577064 49 5.89
0.575517 48 5.9
0.575131 48 5.91
0.574164 47 5.92
0.57339 47 5.93
0.572423 47 5.94
0.571843 47 5.95
0.571069 47 5.96
0.570876 46 5.97
0.570102 45 5.98
0.569522 45 5.99
0.568362 45 6
0.567782 45 6.01
0.567395 45 6.02
0.566815 44 6.03
0.565461 43 6.04
0.563334 43 6.05
0.562367 41 6.06
0.561594 41 6.07
0.561013 40 6.08
0.56024 39 6.09
0.559466 39 6.1
0.557726 39 6.11
0.556565 38 6.12
0.555599 38 6.13
0.554632 37 6.14
0.552891 37 6.15
0.552504 37 6.16
0.550957 37 6.17
0.55057 37 6.18
0.54999 36 6.19
0.549217 35 6.2
0.548443 35 6.21
0.54767 35 6.22
0.547283 35 6.23
0.546316 35 6.24
0.546123 35 6.25
0.545349 35 6.26
0.544382 35 6.27
0.543222 34 6.28
0.541675 34 6.29
0.540514 34 6.3
0.540128 34 6.31
0.538581 33 6.32
0.537227 33 6.33
0.536067 32 6.34
0.535293 32 6.35
0.5351 32 6.36
0.534713 30 6.37
0.533746 30 6.38
0.532779 30 6.39
0.531619 30 6.4
0.529298 30 6.41
0.528138 30 6.42
0.526591 30 6.43
0.525817 30 6.44
0.524463 30 6.45
0.523883 30 6.46
0.523303 30 6.47
0.521756 30 6.48
0.519435 30 6.49
0.518468 30 6.5
0.517501 28 6.51
0.516535 28 6.52
0.515374 28 6.53
0.514407 28 6.54
0.513634 28 6.55
0.5117 27 6.56
0.510926 27 6.57
0.510153 26 6.58
0.508992 26 6.59
0.508606 25 6.6
0.507832 25 6.61
0.506865 25 6.62
0.505512 25 6.63
0.504931 25 6.64
0.503578 25 6.65
0.502611 25 6.66
0.501837 25 6.67
0.500677 25 6.68
0.50029 25 6.69
0.49971 25 6.7
0.498356 25 6.71
0.497003 25 6.72
0.496229 25 6.73
0.494295 25 6.74
0.493715 25 6.75
0.493135 25 6.76
0.492361 25 6.77
0.491394 25 6.78
0.491008 25 6.79
0.489847 25 6.8
0.489267 25 6.81
0.488494 25 6.82
0.487913 25 6.83
0.486366 25 6.84
0.485399 24 6.85
0.485013 24 6.86
0.484046 24 6.87
0.482499 24 6.88
0.482112 24 6.89
0.481725 24 6.9
0.480371 24 6.91
0.479598 24 6.92
0.477857 23 6.93
0.477277 22 6.94
0.47573 22 6.95
0.474763 22 6.96
0.47399 22 6.97
0.473023 22 6.98
0.471862 22 6.99
0.471089 22 7
0.469735 22 7.01
0.468575 22 7.02
0.467608 21 7.03
0.466834 20 7.04
0.465094 20 7.05
0.4649 20 7.06
0.46374 19 7.07
0.462773 18 7.08
0.462 18 7.09
0.461226 17 7.1
0.459679 17 7.11
0.458325 17 7.12
0.456778 17 7.13
0.455811 17 7.14
0.454651 17 7.15
0.452717 17 7.16
0.452137 16 7.17
0.450783 16 7.18
0.44943 15 7.19
0.449236 15 7.2
0.448269 15 7.21
0.446915 15 7.22
0.445562 15 7.23
0.444401 15 7.24
0.442661 15 7.25
0.440921 15 7.26
0.439954 15 7.27
0.4386 15 7.28
0.437633 15 7.29
0.436473 15 7.3
0.436086 14 7.31
0.434345 14 7.32
0.432218 13 7.33
0.430864 12 7.34
0.429704 12 7.35
0.428931 12 7.36
0.42777 12 7.37
0.426417 12 7.38
0.425063 12 7.39
0.424289 11 7.4
0.422936 11 7.41
0.421969 11 7.42
0.421195 11 7.43
0.420422 11 7.44
0.419841 11 7.45
0.418101 11 7.46
0.416167 11 7.47
0.41462 11 7.48
0.41346 11 7.49
0.412299 11 7.5
0.411139 11 7.51
0.409979 11 7.52
0.409012 11 7.53
0.408238 11 7.54
0.406111 11 7.55
0.405144 11 7.56
0.403597 11 7.57
0.402437 11 7.58
0.402243 11 7.59
0.401083 11 7.6
0.400309 11 7.61
0.399149 11 7.62
0.398956 11 7.63
0.397215 11 7.64
0.394701 11 7.65
0.393541 11 7.66
0.3918 10 7.67
0.391027 10 7.68
0.389867 10 7.69
0.387739 10 7.7
0.386579 9 7.71
0.384645 9 7.72
0.383872 9 7.73
0.382325 8 7.74
0.381551 8 7.75
0.380004 8 7.76
0.379037 8 7.77
0.377103 8 7.78
0.374976 8 7.79
0.374396 8 7.8
0.374202 7 7.81
0.372462 7 7.82
0.370915 6 7.83
0.369561 6 7.84
0.368594 6 7.85
0.367434 6 7.86
0.36666 6 7.87
0.36608 6 7.88
0.364533 6 7.89
0.362406 6 7.9
0.359892 6 7.91
0.359118 6 7.92
0.357958 6 7.93
0.356411 6 7.94
0.355637 6 7.95
0.35409 6 7.96
0.353317 6 7.97
0.352543 6 7.98
0.351576 6 7.99
0.350996 6 8
0.349642 6 8.01
0.349062 6 8.02
0.347515 6 8.03
0.346161 6 8.04
0.344421 5 8.05
0.34268 5 8.06
0.34152 5 8.07
0.340746 5 8.08
0.339199 5 8.09
0.338039 5 8.1
0.336879 5 8.11
0.335912 5 8.12
0.334558 5 8.13
0.332818 5 8.14
0.331851 5 8.15
0.331077 5 8.16
0.330304 5 8.17
0.329143 5 8.18
0.32837 5 8.19
0.326629 5 8.2
0.323728 5 8.21
0.322375 5 8.22
0.321021 5 8.23
0.320054 5 8.24
0.317927 5 8.25
0.316573 5 8.26
0.3158 5 8.27
0.314639 5 8.28
0.312705 5 8.29
0.312125 5 8.3
0.311739 5 8.31
0.309805 5 8.32
0.309031 5 8.33
0.307871 5 8.34
0.306324 5 8.35
0.305937 5 8.36
0.304003 5 8.37
0.302456 5 8.38
0.300909 5 8.39
0.300329 5 8.4
0.298782 5 8.41
0.296654 5 8.42
0.295687 5 8.43
0.295107 5 8.44
0.294527 5 8.45
0.29356 5 8.46
0.2924 5 8.47
0.290853 5 8.48
0.290079 5 8.49
0.288726 5 8.5
0.286212 5 8.51
0.285051 5 8.52
0.283698 5 8.53
0.28215 4 8.54
0.281184 4 8.55
0.280603 4 8.56
0.27983 4 8.57
0.278089 4 8.58
0.276929 4 8.59
0.275769 4 8.6
0.273255 3 8.61
0.271901 3 8.62
0.270547 3 8.63
0.269194 3 8.64
0.26784 3 8.65
0.266486 3 8.66
0.265326 3 8.67
0.264939 3 8.68
0.263585 3 8.69
0.262425 3 8.7
0.261845 3 8.71
0.260298 3 8.72
0.259331 3 8.73
0.257784 3 8.74
0.25643 2 8.75
0.25469 2 8.76
0.253336 2 8.77
0.252756 2 8.78
0.251789 2 8.79
0.250048 2 8.8
0.249275 2 8.81
0.248308 2 8.82
0.247534 2 8.83
0.246567 1 8.84
0.245794 1 8.85
0.244827 1 8.86
0.243667 1 8.87
0.242506 1 8.88
0.241346 1 8.89
0.240766 1 8.9
0.239219 1 8.91
0.238252 1 8.92
0.236705 1 8.93
0.235738 1 8.94
0.234771 1 8.95
0.233224 1 8.96
0.231483 1 8.97
0.229549 1 8.98
0.228582 1 8.99
0.227229 1 9
0.226455 1 9.01
0.225295 1 9.02
0.224135 1 9.03
0.223168 1 9.04
0.222394 1 9.05
0.221814 1 9.06
0.22104 1 9.07
0.220073 1 9.08
0.218913 1 9.09
0.218333 1 9.1
0.216786 1 9.11
0.215626 1 9.12
0.214272 1 9.13
0.213112 1 9.14
0.212145 1 9.15
0.210404 1 9.16
0.209437 1 9.17
0.208664 1 9.18
0.207503 1 9.19
0.206536 1 9.2
0.205956 1 9.21
0.205183 1 9.22
0.204409 1 9.23
0.203056 1 9.24
0.201122 1 9.25
0.200348 1 9.26
0.199188 1 9.27
0.198414 1 9.28
0.197641 1 9.29
0.1959 1 9.3
0.194933 1 9.31
0.193773 1 9.32
0.192999 1 9.33
0.191259 1 9.34
0.190292 1 9.35
0.189712 1 9.36
0.188745 1 9.37
0.187585 1 9.38
0.187004 1 9.39
0.185457 1 9.4
0.184104 1 9.41
0.183717 1 9.42
0.182943 1 9.43
0.18217 1 9.44
0.181396 1 9.45
0.181009 1 9.46
0.180429 1 9.47
0.179849 1 9.48
0.178689 1 9.49
0.177915 1 9.5
0.177142 1 9.51
0.176368 1 9.52
0.175788 1 9.53
0.174434 1 9.54
0.173467 1 9.55
0.1725 1 9.56
0.17134 1 9.57
0.169793 1 9.58
0.169213 1 9.59
0.168246 1 9.6
0.167086 1 9.61
0.165732 1 9.62
0.163991 1 9.63
0.162831 1 9.64
0.162444 1 9.65
0.161671 1 9.66
0.160124 1 9.67
0.159157 1 9.68
0.158577 1 9.69
0.15761 1 9.7
0.156836 1 9.71
0.155869 1 9.72
0.155482 1 9.73
0.154129 1 9.74
0.152775 1 9.75
0.152195 1 9.76
0.151035 1 9.77
0.150454 1 9.78
0.149488 1 9.79
0.148134 1 9.8
0.147167 1 9.81
0.146587 1 9.82
0.1462 1 9.83
0.144459 1 9.84
0.143879 1 9.85
0.142719 1 9.86
0.141945 1 9.87
0.140979 1 9.88
0.139818 1 9.89
0.138271 1 9.9
0.137111 1 9.91
0.136917 1 9.92
0.136337 1 9.93
0.13537 1 9.94
0.134984 1 9.95
0.134403 1 9.96
0.13363 1 9.97
0.132663 1 9.98
0.131889 1 9.99
0.131309 1 10
0.130149 1 10.01
0.129762 1 10.02
0.128795 1 10.03
0.128215 1 10.04
0.127442 1 10.05
0.127055 1 10.06
0.125894 1 10.07
0.125121 1 10.08
0.123961 1 10.09
0.123574 1 10.1
0.122994 1 10.11
0.121833 1 10.12
0.120866 1 10.13
0.12048 1 10.14
0.119513 1 10.15
0.119319 1 10.16
0.118159 1 10.17
0.116999 1 10.18
0.116032 1 10.19
0.115645 1 10.2
0.115258 1 10.21
0.114678 1 10.22
0.113904 1 10.23
0.112744 1 10.24
0.111971 1 10.25
0.111584 1 10.26
0.110424 1 10.27
0.10965 1 10.28
0.108683 1 10.29
0.108103 1 10.3
0.107136 1 10.31
0.106556 1 10.32
0.106169 1 10.33
0.105589 1 10.35
0.105202 1 10.37
0.104815 1 10.38
0.104042 1 10.39
0.103268 1 10.4
0.102881 1 10.41
0.102495 1 10.42
0.101721 1 10.43
0.100948 1 10.44
0.0997873 1 10.45
0.0990137 1 10.46
0.0984336 1 10.47
0.0972733 1 10.48
0.0968865 1 10.49
0.0955328 1 10.5
0.0947592 1 10.51
0.0939857 1 10.52
0.0930188 1 10.53
0.0918584 1 10.54
0.0914717 1 10.55
0.0903114 1 10.56
0.0897312 1 10.58
0.0887643 1 10.59
0.0881841 1 10.6
0.0872172 1 10.61
0.0862502 1 10.62
0.0852833 1 10.63
0.084123 1 10.64
0.0835428 1 10.65
0.0827693 1 10.66
0.0825759 1 10.67
0.0819957 1 10.68
0.0812222 1 10.69
0.080642 1 10.7
0.0796751 1 10.71
0.0789016 1 10.72
0.0787082 1 10.73
0.0773545 1 10.74
0.0763875 1 10.75
0.0758074 1 10.77
0.0748405 1 10.78
0.0744537 1 10.79
0.0738735 1 10.8
0.0736801 1 10.81
0.0731 1 10.82
0.0717463 1 10.83
0.0715529 1 10.84
0.0709727 1 10.85
0.0701992 1 10.86
0.0694256 1 10.87
0.0682653 1 10.88
0.0672984 1 10.89
0.0667182 1 10.9
0.0665249 1 10.91
0.0657513 1 10.92
0.0647844 1 10.93
0.0640108 1 10.94
0.0638174 1 10.95
0.0636241 1 10.96
0.0634307 1 10.97
0.0622704 1 10.98
0.062077 1 10.99
0.0616902 1 11
0.0614968 1 11.01
0.0607233 1 11.02
0.0603365 1 11.03
0.0601431 1 11.04
0.0595629 1 11.05
0.058596 1 11.07
0.0584026 1 11.08
0.0578225 1 11.09
0.0576291 1 11.1
0.0572423 1 11.11
0.056082 1 11.12
0.0556952 1 11.13
0.0545349 1 11.14
0.0543415 1 11.15
0.053568 1 11.16
0.0531812 1 11.17
0.0524077 1 11.18
0.0520209 1 11.19
0.051054 1 11.2
0.0504738 1 11.21
0.0502804 1 11.22
0.050087 1 11.23
0.0497003 1 11.24
0.0495069 1 11.25
0.0485399 1 11.26
0.0481532 1 11.27
0.0479598 1 11.28
0.047573 1 11.29
0.0473796 1 11.3
0.0471862 1 11.32
0.0469928 1 11.33
0.0464127 1 11.34
0.0460259 1 11.35
0.0456391 1 11.36
0.0452524 1 11.37
0.0444788 1 11.38
0.0438987 1 11.39
0.0435119 1 11.41
0.0429317 1 11.42
0.042545 0 11.43
0.0423516 0 11.44
0.0419648 0 11.45
0.0411913 0 11.47
0.0408045 0 11.48
0.0402243 0 11.49
0.0400309 0 11.5
0.0396442 0 11.51
0.0392574 0 11.52
0.039064 0 11.53
0.0388706 0 11.54
0.0384839 0 11.55
0.0379037 0 11.56
0.0375169 0 11.57
0.0369368 0 11.58
0.0367434 0 11.59
0.0361632 0 11.6
0.0359698 0 11.61
0.0351963 0 11.62
0.0346161 0 11.63
0.0344227 0 11.64
0.0342294 0 11.66
0.0338426 0 11.67
0.033069 0 11.68
0.0322955 0 11.69
0.0321021 0 11.7
0.0319087 0 11.72
0.0311352 0 11.73
0.0307484 0 11.74
0.030555 0 11.75
0.0303616 0 11.76
0.0299749 0 11.77
0.0297815 0 11.78
0.0295881 0 11.8
0.0293947 0 11.81
0.0290079 0 11.82
0.0288145 0 11.83
0.0286212 0 11.84
0.0284278 0 11.85
0.0282344 0 11.87
0.0274608 0 11.88
0.0268807 0 11.89
0.0266873 0 11.9
0.0263005 0 11.91
0.0259137 0 11.92
0.0257204 0 11.93
0.025527 0 11.95
0.0249468 0 11.96
0.0247534 0 11.97
0.0241733 0 11.98
0.0239799 0 12
0.0235931 0 12.02
0.0233997 0 12.03
0.0232063 0 12.05
0.0228196 0 12.06
0.0226262 0 12.07
0.022046 0 12.08
0.0218526 0 12.09
0.0214659 0 12.11
0.0212725 0 12.12
0.0210791 0 12.13
0.0206923 0 12.16
0.0204989 0 12.17
0.0203056 0 12.18
0.0201122 0 12.2
0.0197254 0 12.21
0.0193386 0 12.22
0.0191452 0 12.23
0.0189518 0 12.27
0.0187585 0 12.28
0.0183717 0 12.29
0.0181783 0 12.3
0.0179849 0 12.31
0.0175981 0 12.32
0.0172114 0 12.34
0.0168246 0 12.35
0.0164378 0 12.36
0.0162444 0 12.38
0.0160511 0 12.39
0.0158577 0 12.41
0.0156643 0 12.42
0.0154709 0 12.43
0.0152775 0 12.44
0.0150841 0 12.45
0.0146974 0 12.5
0.014504 0 12.51
0.0143106 0 12.54
0.0137304 0 12.56
0.013537 0 12.59
0.0131503 0 12.61
0.0129569 0 12.63
0.0127635 0 12.65
0.0125701 0 12.67
0.0123767 0 12.68
0.0121833 0 12.69
0.0119899 0 12.71
0.0117966 0 12.74
0.0116032 0 12.75
0.0112164 0 12.77
0.011023 0 12.78
0.0108296 0 12.79
0.0106362 0 12.82
0.0104429 0 12.83
0.0102495 0 12.85
0.0100561 0 12.87
0.0098627 0 12.89
0.00966931 0 12.91
0.00947592 0 12.92
0.00928254 0 12.93
0.00908915 0 12.95
0.00889576 0 12.99
0.00850899 0 13
0.00831561 0 13.04
0.00812222 0 13.05
0.00792883 0 13.07
0.00773545 0 13.08
0.00754206 0 13.09
0.00734868 0 13.1
0.00676852 0 13.12
0.00657513 0 13.14
0.00638174 0 13.15
0.00599497 0 13.18
0.00580159 0 13.21
0.0056082 0 13.22
0.00541481 0 13.24
0.00522143 0 13.28
0.00483465 0 13.29
0.00464127 0 13.31
0.00444788 0 13.33
0.0042545 0 13.34
0.00386772 0 13.37
0.00367434 0 13.38
0.00348095 0 13.41
0.00328757 0 13.43
0.00309418 0 13.47
0.00290079 0 13.56
0.00251402 0 13.58
0.00232063 0 13.66
0.00193386 0 13.71
0.00174048 0 13.72
0.00154709 0 13.73
0.0013537 0 13.86
0.00116032 0 13.94
0.000966931 0 14.06
0.000773545 0 14.17
0.000580159 0 14.18
0.000386772 0 15.06
0.000193386 0 16.05
0 0 1.79769e+308
