0.444953 323
0.444953 322
0.444953 321
0.444827 321
0.444708 321
0.444708 320
0.444579 320
0.444579 319
0.444579 318
0.444579 317
0.444579 316
0.444579 315
0.444579 314
0.444579 313
0.444579 312
0.444579 311
0.444561 310
0.444561 309
0.444459 309
0.444324 309
0.444225 309
0.444112 309
0.444112 308
0.444112 307
0.444112 306
0.444112 305
0.444112 304
0.443995 304
0.443995 303
0.443858 301
0.443739 300
0.443613 299
0.44353 298
0.443429 298
0.443313 298
0.443313 297
0.443313 296
0.443166 296
0.443069 296
0.443069 295
0.442954 294
0.442817 293
0.442817 292
0.442696 292
0.442569 292
0.442569 291
0.442569 290
0.442436 290
0.442436 289
0.442308 288
0.442308 286
0.442308 285
0.442308 284
0.442069 284
0.441963 284
0.441924 283
0.4418 282
0.4418 281
0.44179 280
0.44179 279
0.44179 278
0.44179 277
0.44179 276
0.44179 275
0.441656 275
0.441544 275
0.441423 275
0.441386 274
0.441386 273
0.441386 271
0.441266 270
0.441266 269
0.441039 269
0.440907 269
0.440724 268
0.440615 267
0.440615 266
0.440615 265
0.440615 263
0.440615 262
0.440615 261
0.44049 259
0.440423 259
0.440423 257
0.440423 256
0.440309 254
0.440184 254
0.440061 254
0.440061 253
0.439962 251
0.439962 250
0.439962 248
0.439897 247
0.439771 245
0.439639 245
0.439534 244
0.439403 242
0.439403 241
0.439284 240
0.439048 239
0.43892 239
0.43892 238
0.438806 238
0.43869 238
0.438234 236
0.438234 235
0.438234 233
0.438003 232
0.438003 231
0.437867 231
0.437738 231
0.437738 230
0.437629 230
0.437507 229
0.437382 229
0.437382 228
0.437243 227
0.437146 227
0.437027 227
0.436898 227
0.436898 226
0.436641 226
0.436377 224
0.436291 223
0.436291 222
0.436061 222
0.435942 222
0.435459 222
0.435459 221
0.435459 220
0.435343 220
0.435133 219
0.434906 219
0.434649 219
0.434649 218
0.434512 216
0.434387 215
0.434278 215
0.434179 213
0.434173 211
0.434053 210
0.43393 209
0.43393 208
0.433687 208
0.433557 208
0.433276 206
0.433162 206
0.43305 206
0.432938 206
0.432826 206
0.432598 204
0.432477 204
0.432209 204
0.431833 204
0.431717 204
0.431593 202
0.431454 200
0.431364 199
0.431098 199
0.430869 199
0.430738 199
0.43063 199
0.430544 198
0.430357 198
0.430357 197
0.430096 197
0.429874 197
0.42963 197
0.42963 196
0.429393 194
0.429264 194
0.429127 194
0.429127 192
0.429127 191
0.429007 191
0.428731 190
0.428731 189
0.428615 189
0.42825 189
0.427989 188
0.427261 186
0.427028 186
0.426767 185
0.426397 183
0.426387 182
0.426302 180
0.426054 180
0.425786 179
0.425786 178
0.425521 177
0.425265 176
0.424868 176
0.424868 175
0.424523 174
0.424122 174
0.42368 172
0.42368 170
0.423248 168
0.423113 167
0.422998 166
0.422913 165
0.422808 165
0.422499 163
0.422411 162
0.422171 161
0.422045 160
0.421956 158
0.421482 156
0.421351 156
0.421006 155
0.421006 153
0.420889 152
0.420763 152
0.420524 152
0.420524 151
0.420265 151
0.420265 148
0.420161 145
0.420039 144
0.419919 143
0.419599 142
0.419479 142
0.418826 142
0.418711 140
0.418252 139
0.418008 138
0.417908 138
0.417908 137
0.417656 137
0.417289 135
0.416918 135
0.416779 135
0.416654 134
0.416527 133
0.416424 133
0.416295 133
0.416173 133
0.416173 132
0.416037 132
0.415643 129
0.415408 128
0.415281 128
0.414871 128
0.414426 127
0.414018 127
0.413498 124
0.41337 124
0.413242 122
0.413242 121
0.413003 121
0.412714 119
0.412592 119
0.41223 118
0.412008 118
0.411619 118
0.411528 116
0.411323 116
0.411078 116
0.411078 115
0.410775 114
0.410552 113
0.410052 113
0.409937 113
0.409689 113
0.409464 111
0.409344 111
0.408758 110
0.408633 109
0.408279 108
0.407935 106
0.407339 105
0.40676 104
0.406617 102
0.406472 102
0.405832 100
0.405443 99
0.404498 99
0.403895 98
0.403636 98
0.403516 98
0.403157 98
0.402548 98
0.402168 98
0.401413 98
0.401164 98
0.400758 98
0.400483 97
0.400364 97
0.400141 95
0.399647 94
0.399282 94
0.399032 94
0.398421 94
0.397871 92
0.397627 92
0.397004 92
0.396691 90
0.396588 90
0.395824 90
0.395177 89
0.394772 88
0.394532 87
0.393777 86
0.393639 85
0.393403 82
0.392698 82
0.392297 82
0.392065 82
0.391592 82
0.391374 81
0.391248 81
0.390511 81
0.389773 81
0.38895 80
0.388299 80
0.388085 80
0.387318 80
0.386937 80
0.386321 80
0.386057 79
0.385594 79
0.385464 78
0.384882 78
0.384131 76
0.383536 74
0.382921 74
0.38267 73
0.382516 72
0.382123 72
0.381393 72
0.380847 71
0.379719 70
0.379349 70
0.379127 70
0.378887 70
0.378177 70
0.377519 70
0.377284 69
0.376938 69
0.376216 68
0.375851 68
0.375007 68
0.374756 68
0.374123 66
0.373865 66
0.373606 66
0.373012 65
0.372593 62
0.371992 61
0.371745 61
0.371228 61
0.37057 60
0.370099 59
0.369971 58
0.369597 58
0.369 58
0.368893 56
0.368279 56
0.368029 55
0.367257 53
0.367129 53
0.367001 53
0.366516 53
0.366178 53
0.365542 52
0.364002 52
0.363291 52
0.363036 52
0.362529 51
0.362178 51
0.361826 51
0.361474 51
0.36123 51
0.36098 51
0.360085 51
0.359626 51
0.358806 51
0.358301 51
0.357434 51
0.3567 50
0.356474 50
0.356317 49
0.356076 48
0.355693 47
0.354598 47
0.354326 47
0.353935 46
0.353176 46
0.352686 46
0.352163 45
0.351792 45
0.351426 45
0.350863 44
0.350496 44
0.34997 44
0.349087 44
0.348458 44
0.347837 44
0.347437 44
0.346504 44
0.345724 44
0.34545 44
0.34479 44
0.344665 44
0.344541 43
0.344298 42
0.343916 42
0.343003 42
0.342111 42
0.341149 41
0.340291 41
0.339764 40
0.339301 39
0.338384 39
0.338131 38
0.337876 38
0.337752 38
0.337137 38
0.336756 38
0.336079 37
0.335566 37
0.335052 37
0.334798 37
0.33444 37
0.333891 36
0.333404 36
0.33252 36
0.332151 34
0.332008 34
0.331765 33
0.331345 32
0.330747 31
0.330481 31
0.329943 31
0.329458 31
0.328961 31
0.328574 31
0.327652 31
0.326789 31
0.326413 31
0.325929 31
0.325328 31
0.324676 31
0.324299 30
0.323694 30
0.322821 30
0.321705 30
0.32144 30
0.320803 30
0.320199 29
0.319558 28
0.31882 28
0.318431 28
0.31806 28
0.31712 27
0.316547 26
0.315834 25
0.315363 25
0.31509 25
0.314559 25
0.314053 25
0.313922 25
0.313666 25
0.31267 25
0.311906 25
0.311127 25
0.309764 25
0.308984 25
0.308302 24
0.307895 24
0.307278 24
0.306903 24
0.306122 24
0.305754 24
0.305629 24
0.305102 23
0.304721 22
0.30408 22
0.303829 22
0.303068 22
0.302457 22
0.302068 22
0.301212 22
0.300373 21
0.299995 21
0.299866 21
0.299731 21
0.298838 21
0.297812 21
0.297444 20
0.297044 20
0.296008 20
0.295127 20
0.294373 20
0.293613 20
0.293068 20
0.292552 19
0.291672 19
0.291288 19
0.290412 19
0.289819 19
0.288909 19
0.288147 19
0.287398 19
0.286527 19
0.28593 18
0.285297 18
0.284654 18
0.283999 18
0.283537 17
0.282602 17
0.281635 17
0.280641 17
0.279765 17
0.27941 17
0.278753 17
0.277858 17
0.277725 17
0.27698 17
0.275315 17
0.274799 17
0.274429 17
0.273572 17
0.272921 17
0.272285 17
0.271518 17
0.270772 17
0.269897 17
0.268373 17
0.267865 16
0.267466 15
0.266834 15
0.266366 15
0.265016 14
0.264765 14
0.264136 14
0.263389 14
0.262478 14
0.261949 14
0.260768 14
0.260131 14
0.259608 14
0.258431 14
0.257811 14
0.25717 14
0.256547 14
0.255785 14
0.254776 14
0.254272 14
0.253121 13
0.252409 13
0.251249 13
0.250618 13
0.25049 13
0.249328 13
0.248712 13
0.248095 13
0.247396 12
0.246897 12
0.246132 12
0.24513 12
0.244773 12
0.244381 12
0.243505 11
0.242884 11
0.242653 11
0.241899 11
0.24127 11
0.240257 11
0.239673 10
0.238306 10
0.237673 10
0.236772 10
0.235272 10
0.233921 9
0.233544 9
0.233021 9
0.231848 9
0.231207 9
0.230857 9
0.230266 8
0.229409 8
0.228796 8
0.227675 8
0.226774 8
0.226146 8
0.225506 8
0.224001 7
0.223029 6
0.222028 6
0.220882 6
0.220645 6
0.219738 6
0.218584 5
0.217692 5
0.217035 5
0.21678 5
0.216277 5
0.215648 5
0.215015 5
0.214627 5
0.213864 5
0.213618 5
0.213139 5
0.212309 5
0.211532 5
0.210911 5
0.20976 5
0.208745 5
0.208355 5
0.207251 5
0.20675 5
0.205604 5
0.2052 5
0.204677 5
0.204198 5
0.203832 5
0.202571 5
0.201444 5
0.200328 5
0.199326 5
0.198208 5
0.197376 4
0.196723 4
0.196122 4
0.195721 4
0.193967 4
0.193167 4
0.191629 4
0.191009 4
0.189798 4
0.188897 4
0.188133 4
0.187744 4
0.187255 4
0.186262 4
0.1859 4
0.185154 4
0.184018 4
0.183128 4
0.182388 4
0.182134 4
0.180815 4
0.18018 4
0.179536 4
0.178917 4
0.178546 4
0.177397 4
0.176777 4
0.175455 4
0.175203 4
0.174692 4
0.174041 4
0.173424 4
0.17277 4
0.172022 4
0.170961 4
0.170469 4
0.170085 4
0.169176 4
0.168778 4
0.168537 4
0.167824 4
0.167189 4
0.16646 4
0.166096 4
0.165373 3
0.164746 3
0.163835 3
0.162683 3
0.162036 3
0.161639 3
0.161127 3
0.16075 3
0.16 3
0.159093 3
0.158314 3
0.157436 3
0.156923 3
0.156298 3
0.155932 3
0.155182 3
0.154679 3
0.154174 2
0.153655 2
0.152771 2
0.152132 2
0.151494 2
0.150204 2
0.149683 2
0.148894 2
0.148232 2
0.147574 2
0.146449 2
0.145581 2
0.145175 2
0.14478 2
0.144023 2
0.143645 2
0.143139 2
0.142393 2
0.141876 2
0.141255 2
0.141114 2
0.14025 2
0.139845 2
0.138432 2
0.137766 2
0.136865 2
0.136349 2
0.136088 2
0.134931 2
0.133897 2
0.133245 2
0.132699 2
0.131532 2
0.130079 2
0.12905 2
0.128668 2
0.127937 2
0.127296 2
0.126515 2
0.1251 2
0.124839 2
0.124427 2
0.12391 2
0.12298 2
0.122063 2
0.121552 2
0.121159 2
0.12064 2
0.119631 2
0.118632 2
0.118244 2
0.117107 2
0.116593 2
0.115974 1
0.115207 1
0.114603 1
0.113522 0
0.112115 0
0.111196 0
0.110292 0
0.109652 0
0.108762 0
0.108003 0
0.107118 0
0.105969 0
0.10556 0
0.104527 0
0.103391 0
0.103122 0
0.102872 0
0.102361 0
0.101592 0
0.10082 0
0.100201 0
0.0995702 0
0.0992953 0
0.09852 0
0.0981425 0
0.0973668 0
0.0969638 0
0.0965863 0
0.0962031 0
0.0955755 0
0.0950495 0
0.0944119 0
0.0936422 0
0.0925129 0
0.0921461 0
0.0920217 0
0.0917715 0
0.0909915 0
0.09074 0
0.0903802 0
0.0895294 0
0.0891476 0
0.0887801 0
0.0881329 0
0.0873506 0
0.0872264 0
0.0868352 0
0.0864318 0
0.0857844 0
0.0848878 0
0.0843702 0
0.0837112 0
0.0831895 0
0.0829338 0
0.0824277 0
0.0823009 0
0.0815429 0
0.0809061 0
0.080646 0
0.0803844 0
0.0799952 0
0.0796088 0
0.0787344 0
0.0779721 0
0.0777208 0
0.0775936 0
0.0768257 0
0.0763384 0
0.0759633 0
0.0754278 0
0.0749249 0
0.0741744 0
0.0732948 0
0.0725168 0
0.071897 0
0.0715051 0
0.0708734 0
0.0704846 0
0.0702424 0
0.0697476 0
0.0689568 0
0.0688507 0
0.0686212 0
0.0684841 0
0.0683638 0
0.06759 0
0.0669559 0
0.0661707 0
0.0657768 0
0.0651637 0
0.0643759 0
0.0636335 0
0.0632622 0
0.0629988 0
0.0628687 0
0.0626179 0
0.062003 0
0.0612377 0
0.0604526 0
0.0603294 0
0.0597211 0
0.0590771 0
0.0584781 0
0.0582269 0
0.05747 0
0.0568515 0
0.0564555 0
0.0563251 0
0.0558209 0
0.0551778 0
0.0547846 0
0.0546501 0
0.0541574 0
0.0539015 0
0.0537618 0
0.0534907 0
0.053241 0
0.0529806 0
0.0525886 0
0.052075 0
0.0508147 0
0.0503126 0
0.0496463 0
0.0491423 0
0.0483727 0
0.0479792 0
0.0477315 0
0.0471014 0
0.0467253 0
0.0464641 0
0.04633 0
0.045943 0
0.0458272 0
0.0456921 0
0.0454266 0
0.0450222 0
0.0445114 0
0.0443839 0
0.0441685 0
0.0431685 0
0.0429126 0
0.0426509 0
0.0422553 0
0.0421167 0
0.0419691 0
0.0417076 0
0.0413128 0
0.0411878 0
0.0409067 0
0.040648 0
0.0404072 0
0.0400498 0
0.0397798 0
0.0393858 0
0.0392694 0
0.0390053 0
0.0386419 0
0.0382732 0
0.037639 0
0.0370009 0
0.036471 0
0.0362249 0
0.0358275 0
0.0354208 0
0.0351724 0
0.0347917 0
0.0343915 0
0.0342733 0
0.0340081 0
0.0336347 0
0.0327622 0
0.0326325 0
0.0323642 0
0.0321037 0
0.0318413 0
0.0313186 0
0.0308009 0
0.0302999 0
0.0301611 0
0.0300269 0
0.0296562 0
0.0295332 0
0.0291474 0
0.0287664 0
0.0283827 0
0.0282552 0
0.0281298 0
0.0277544 0
0.0275099 0
0.0272517 0
0.0271224 0
0.0267435 0
0.0264927 0
0.0263718 0
0.026235 0
0.0257169 0
0.0252011 0
0.0249481 0
0.0248115 0
0.0244227 0
0.0238983 0
0.0237571 0
0.0234763 0
0.0233526 0
0.0228392 0
0.022318 0
0.0220589 0
0.0219258 0
0.0218019 0
0.0214476 0
0.0213108 0
0.0210576 0
0.0206753 0
0.0201442 0
0.0198734 0
0.0196001 0
0.0194758 0
0.0192238 0
0.0189731 0
0.0188375 0
0.0185836 0
0.0180813 0
0.0174344 0
0.0170716 0
0.0169299 0
0.0166588 0
0.0165205 0
0.016258 0
0.0160045 0
0.0158751 0
0.0156187 0
0.0154742 0
0.014824 0
0.0145599 0
0.0139273 0
0.013404 0
0.0131281 0
0.0128825 0
0.0127569 0
0.0125025 0
0.0122465 0
0.0121395 0
0.0120039 0
0.0118844 0
0.0117607 0
0.0114973 0
0.0113726 0
0.0111189 0
0.0108609 0
0.0107253 0
0.0104757 0
0.0103496 0
0.0100966 0
0.00996908 0
0.00971429 0
0.00933338 0
0.00920234 0
0.00907347 0
0.00895042 0
0.00882239 0
0.00869762 0
0.00845281 0
0.00833195 0
0.00820375 0
0.00795075 0
0.00781426 0
0.00767827 0
0.0075437 0
0.00741892 0
0.00715416 0
0.00689749 0
0.00677336 0
0.0066472 0
0.00652106 0
0.00640702 0
0.00627812 0
0.0061424 0
0.00600452 0
0.00587064 0
0.00574172 0
0.00562199 0
0.00537125 0
0.00523593 0
0.00510714 0
0.00497392 0
0.00483644 0
0.00457372 0
0.00444119 0
0.00418853 0
0.00406175 0
0.0039246 0
0.00365501 0
0.00352109 0
0.00339244 0
0.00327867 0
0.0030092 0
0.00276667 0
0.00264675 0
0.00239623 0
0.00227283 0
0.00215384 0
0.00203087 0
0.0019071 0
0.00165596 0
0.0015265 0
0.00139532 0
0.00127305 0
0.00115072 0
0.00101785 0
0.000895649 0
0.000755548 0
0.000630898 0
0.000502542 0
0.000384501 0
0.000261319 0
0.00013118 0
0 0
