0.632953 72 106.35
0.632953 71 106.46
0.63276 71 106.64
0.632566 71 106.65
0.632373 71 106.68
0.632179 71 106.72
0.632179 70 106.79
0.632179 69 106.81
0.631986 69 106.84
0.631986 68 106.89
0.631793 68 106.9
0.631599 68 106.95
0.631213 68 106.96
0.631213 67 106.98
0.631213 64 106.99
0.631019 64 107.02
0.630826 64 107.03
0.630632 64 107.05
0.630439 63 107.06
0.630052 62 107.07
0.629665 62 107.08
0.629085 61 107.1
0.628892 60 107.12
0.628505 59 107.14
0.627925 59 107.15
0.627151 59 107.16
0.626958 59 107.17
0.626378 58 107.18
0.625991 57 107.19
0.625798 57 107.21
0.625798 56 107.22
0.625798 55 107.23
0.625411 55 107.24
0.624831 53 107.26
0.624637 53 107.27
0.623864 53 107.28
0.623284 53 107.29
0.62309 53 107.3
0.62251 51 107.31
0.621156 51 107.32
0.620963 51 107.33
0.620576 49 107.34
0.619996 48 107.35
0.619029 48 107.36
0.618836 48 107.37
0.618062 48 107.38
0.617289 48 107.39
0.616128 48 107.4
0.615161 48 107.41
0.614775 48 107.42
0.614581 48 107.43
0.613614 47 107.44
0.613228 47 107.45
0.612261 46 107.46
0.611681 46 107.47
0.610327 46 107.48
0.60936 46 107.49
0.60878 44 107.5
0.608393 44 107.51
0.607619 43 107.52
0.607039 42 107.53
0.605879 42 107.54
0.604719 42 107.55
0.603752 42 107.56
0.601818 42 107.57
0.600658 42 107.58
0.600077 41 107.59
0.598337 40 107.6
0.59679 40 107.61
0.594856 40 107.62
0.593502 39 107.63
0.591182 39 107.64
0.589828 39 107.65
0.588861 39 107.66
0.587701 39 107.67
0.585767 38 107.68
0.584413 37 107.69
0.583059 37 107.7
0.581706 37 107.71
0.580352 36 107.72
0.579192 35 107.73
0.578225 35 107.74
0.577258 35 107.75
0.575711 35 107.76
0.57339 35 107.77
0.572423 35 107.78
0.571069 34 107.79
0.568942 34 107.8
0.567202 33 107.81
0.565461 33 107.82
0.564688 32 107.83
0.56256 32 107.84
0.560433 31 107.85
0.558693 31 107.86
0.557726 31 107.87
0.555792 31 107.88
0.553665 31 107.89
0.551924 30 107.9
0.549797 29 107.91
0.548637 28 107.92
0.545929 28 107.93
0.543802 27 107.94
0.541095 27 107.95
0.538581 27 107.96
0.53684 26 107.97
0.534133 25 107.98
0.532005 22 107.99
0.530458 21 108
0.528331 21 108.01
0.526591 20 108.02
0.52311 20 108.03
0.521756 20 108.04
0.519435 20 108.05
0.516341 20 108.06
0.514214 18 108.07
0.510926 18 108.08
0.508026 18 108.09
0.505318 17 108.1
0.501644 17 108.11
0.499323 17 108.12
0.497389 17 108.13
0.494488 16 108.14
0.491008 14 108.15
0.486173 14 108.16
0.483079 12 108.17
0.479404 12 108.18
0.476697 12 108.19
0.471282 12 108.2
0.468962 12 108.21
0.465094 12 108.22
0.462193 11 108.23
0.459292 11 108.24
0.455424 11 108.25
0.45117 11 108.26
0.448656 11 108.27
0.445175 11 108.28
0.44034 11 108.29
0.437826 10 108.3
0.433959 9 108.31
0.430478 9 108.32
0.427577 9 108.33
0.425256 9 108.34
0.421389 9 108.35
0.417714 8 108.36
0.415587 8 108.37
0.411526 8 108.38
0.407271 8 108.39
0.404177 8 108.4
0.40089 8 108.41
0.398569 8 108.42
0.396248 8 108.43
0.391994 8 108.44
0.388126 8 108.45
0.384452 8 108.46
0.380777 8 108.47
0.376716 8 108.48
0.373042 8 108.49
0.370528 7 108.5
0.36608 6 108.51
0.363373 6 108.52
0.358151 5 108.53
0.354864 4 108.54
0.350029 4 108.55
0.346548 4 108.56
0.343647 4 108.57
0.340166 4 108.58
0.337072 4 108.59
0.331464 4 108.6
0.327403 4 108.61
0.322568 4 108.62
0.318894 4 108.63
0.314446 4 108.64
0.307484 4 108.65
0.304003 3 108.66
0.301102 3 108.67
0.296654 3 108.68
0.292593 2 108.69
0.289693 2 108.7
0.285631 2 108.71
0.283117 2 108.72
0.27867 2 108.73
0.274802 2 108.74
0.270741 2 108.75
0.266873 2 108.76
0.262618 2 108.77
0.258751 2 108.78
0.25469 2 108.79
0.251595 2 108.8
0.248888 2 108.81
0.246181 2 108.82
0.24212 2 108.83
0.239412 2 108.84
0.236318 2 108.85
0.233224 1 108.86
0.229163 1 108.87
0.225682 1 108.88
0.223168 1 108.89
0.220847 0 108.9
0.216979 0 108.91
0.213112 0 108.92
0.210598 0 108.93
0.205956 0 108.94
0.201895 0 108.95
0.199381 0 108.96
0.196867 0 108.97
0.193773 0 108.98
0.190679 0 108.99
0.187004 0 109
0.18275 0 109.01
0.178109 0 109.02
0.174628 0 109.03
0.17076 0 109.04
0.167859 0 109.05
0.165539 0 109.06
0.162251 0 109.07
0.159157 0 109.08
0.154516 0 109.09
0.152195 0 109.1
0.150068 0 109.11
0.148327 0 109.12
0.146007 0 109.13
0.144073 0 109.14
0.141559 0 109.15
0.138658 0 109.16
0.13595 0 109.17
0.132663 0 109.18
0.131116 0 109.19
0.129569 0 109.2
0.128215 0 109.21
0.125701 0 109.22
0.12338 0 109.23
0.12164 0 109.24
0.118159 0 109.25
0.115065 0 109.26
0.112164 0 109.27
0.111004 0 109.28
0.10907 0 109.29
0.106169 0 109.3
0.101528 0 109.31
0.100174 0 109.32
0.0984336 0 109.33
0.0961129 0 109.34
0.0941791 0 109.35
0.0922452 0 109.36
0.0899246 0 109.37
0.0877973 0 109.38
0.0860569 0 109.39
0.0837362 0 109.4
0.0810288 0 109.41
0.0796751 0 109.42
0.0775479 0 109.43
0.0752272 0 109.44
0.0732934 0 109.45
0.0713595 0 109.46
0.0698124 0 109.47
0.0688455 0 109.48
0.067105 0 109.49
0.0659447 0 109.5
0.0638174 0 109.51
0.0618836 0 109.52
0.0597563 0 109.53
0.0572423 0 109.54
0.056082 0 109.55
0.0541481 0 109.56
0.0524077 0 109.57
0.0514407 0 109.58
0.0504738 0 109.59
0.0497003 0 109.6
0.0485399 0 109.61
0.0466061 0 109.62
0.0452524 0 109.63
0.0442854 0 109.64
0.0417714 0 109.65
0.0406111 0 109.66
0.0386772 0 109.67
0.0377103 0 109.68
0.0361632 0 109.69
0.0346161 0 109.7
0.0336492 0 109.71
0.0328757 0 109.72
0.0324889 0 109.73
0.0321021 0 109.74
0.0311352 0 109.75
0.0299749 0 109.76
0.0297815 0 109.77
0.0284278 0 109.78
0.028041 0 109.79
0.0274608 0 109.8
0.0263005 0 109.81
0.0253336 0 109.82
0.0241733 0 109.83
0.0232063 0 109.84
0.022046 0 109.85
0.0210791 0 109.86
0.0204989 0 109.87
0.019532 0 109.88
0.0183717 0 109.9
0.0179849 0 109.91
0.0174048 0 109.92
0.0162444 0 109.93
0.0158577 0 109.94
0.0150841 0 109.95
0.0146974 0 109.96
0.0143106 0 109.98
0.0141172 0 110
0.0137304 0 110.01
0.0127635 0 110.02
0.0117966 0 110.03
0.0108296 0 110.04
0.0106362 0 110.06
0.0104429 0 110.07
0.0100561 0 110.08
0.0098627 0 110.09
0.00966931 0 110.1
0.00928254 0 110.11
0.00889576 0 110.12
0.00850899 0 110.13
0.00812222 0 110.14
0.00754206 0 110.15
0.00734868 0 110.16
0.00715529 0 110.18
0.0069619 0 110.2
0.00580159 0 110.22
0.0056082 0 110.23
0.00464127 0 110.26
0.00444788 0 110.28
0.00406111 0 110.3
0.00386772 0 110.35
0.00367434 0 110.37
0.00328757 0 110.41
0.00309418 0 110.43
0.00270741 0 110.44
0.00251402 0 110.45
0.00232063 0 110.46
0.00193386 0 110.47
0.00174048 0 110.48
0.0013537 0 110.56
0.00116032 0 110.64
0.000966931 0 110.65
0.000773545 0 110.66
0.000580159 0 110.92
0.000386772 0 110.99
0.000193386 0 111.01
0 0 1.79769e+308
