0.485254 659
0.485254 658
0.485254 657
0.485254 656
0.485147 656
0.485147 655
0.485147 654
0.485147 653
0.485147 652
0.485147 651
0.485147 650
0.485029 650
0.485029 649
0.485029 647
0.485029 646
0.485029 645
0.484905 645
0.484905 643
0.484905 642
0.484905 641
0.484905 640
0.484905 639
0.484905 637
0.484905 636
0.484905 635
0.484772 635
0.484772 634
0.484677 632
0.484677 631
0.484677 630
0.484677 629
0.484543 629
0.484543 628
0.484414 628
0.484325 626
0.484325 625
0.484271 624
0.484145 623
0.484145 621
0.484145 620
0.484145 619
0.484026 619
0.484026 618
0.484026 617
0.484026 616
0.484026 614
0.484026 613
0.484026 612
0.484026 610
0.483908 610
0.483886 610
0.483886 609
0.483886 608
0.483785 607
0.483667 607
0.483667 606
0.483667 604
0.483536 603
0.483536 601
0.483536 599
0.483536 597
0.483417 594
0.483278 594
0.483278 593
0.483278 592
0.483278 591
0.483278 590
0.483278 588
0.483116 587
0.483116 585
0.483116 584
0.482987 584
0.482766 583
0.482766 582
0.482766 580
0.482766 578
0.482766 576
0.482766 574
0.482516 573
0.482312 568
0.482181 566
0.482173 561
0.482045 559
0.482045 558
0.482045 557
0.481865 556
0.48186 554
0.48186 553
0.481735 553
0.481735 550
0.481618 550
0.481618 548
0.481503 545
0.481503 543
0.481394 542
0.481394 541
0.481156 541
0.481123 539
0.481123 538
0.481123 536
0.481008 535
0.481008 533
0.480755 531
0.480755 530
0.480755 529
0.480611 529
0.480513 527
0.480386 526
0.480262 525
0.480023 523
0.480023 522
0.480023 521
0.480023 520
0.479907 519
0.479907 516
0.479907 515
0.479907 514
0.479789 511
0.479789 510
0.479789 508
0.479781 506
0.479781 504
0.47965 503
0.479528 502
0.479528 501
0.479393 498
0.479393 497
0.479393 495
0.479393 493
0.479262 493
0.479108 492
0.479108 491
0.479108 490
0.479091 489
0.478987 489
0.478987 486
0.478883 484
0.478883 479
0.478883 477
0.478883 476
0.478646 476
0.478646 475
0.478646 474
0.478646 473
0.478646 472
0.478561 470
0.478561 467
0.478561 465
0.478431 464
0.478285 462
0.478176 461
0.478176 459
0.478102 456
0.477982 456
0.477855 454
0.477742 452
0.477742 449
0.477624 447
0.477506 447
0.477424 445
0.477424 443
0.477298 442
0.477052 441
0.47667 439
0.47667 437
0.47667 435
0.47667 434
0.47667 433
0.47667 431
0.476544 431
0.476312 431
0.476089 429
0.476089 428
0.476005 425
0.475758 421
0.475495 420
0.47548 418
0.475406 416
0.475285 414
0.475285 413
0.475163 410
0.475163 408
0.475163 406
0.475037 406
0.474979 405
0.474854 402
0.474854 401
0.474492 400
0.474487 398
0.474366 398
0.474236 398
0.473992 396
0.473616 394
0.473341 394
0.473341 390
0.473201 389
0.473106 386
0.4731 384
0.4731 381
0.472879 377
0.472441 374
0.472441 373
0.472301 371
0.472301 369
0.472119 367
0.471868 367
0.47179 363
0.47179 361
0.471515 361
0.471272 359
0.471272 357
0.471025 356
0.470832 354
0.470715 354
0.470715 353
0.470715 352
0.470454 351
0.470322 347
0.470322 345
0.470322 343
0.470221 342
0.470221 340
0.470221 338
0.470221 337
0.469957 336
0.469809 331
0.469688 331
0.469688 330
0.469688 328
0.469553 326
0.469553 324
0.469499 323
0.469499 322
0.469365 322
0.469124 321
0.468916 321
0.468655 317
0.468396 317
0.468396 316
0.468396 315
0.468261 315
0.468162 314
0.467935 314
0.467812 314
0.467682 314
0.467682 313
0.467427 313
0.467295 313
0.467169 311
0.467033 311
0.466771 308
0.46666 308
0.46666 307
0.466544 307
0.466076 302
0.465813 302
0.465813 301
0.465566 300
0.465301 299
0.464945 297
0.464831 294
0.464831 290
0.464421 289
0.46403 285
0.46403 284
0.463898 284
0.463657 283
0.463657 281
0.463657 280
0.46353 280
0.46353 279
0.463402 278
0.46315 275
0.46315 274
0.46315 272
0.462762 271
0.462556 268
0.462309 267
0.46226 265
0.462116 261
0.461862 259
0.461474 258
0.461474 256
0.461099 254
0.460982 253
0.460863 252
0.45995 251
0.459432 249
0.458801 246
0.458666 245
0.458295 241
0.458169 240
0.458032 239
0.457905 239
0.457766 238
0.45753 238
0.457407 237
0.457038 237
0.456934 236
0.456829 236
0.456353 235
0.45608 232
0.455972 231
0.455888 229
0.455615 229
0.45526 227
0.455012 227
0.455012 226
0.454755 225
0.454631 223
0.454394 222
0.454149 219
0.453703 217
0.453097 216
0.452856 213
0.452727 211
0.452344 209
0.452235 207
0.451846 205
0.451599 205
0.451344 204
0.450967 202
0.450709 200
0.450589 197
0.450254 196
0.44995 194
0.449759 192
0.449648 192
0.449426 187
0.448667 187
0.448564 187
0.448442 186
0.448186 185
0.448044 185
0.44766 184
0.447416 183
0.446892 183
0.446662 183
0.446208 182
0.445794 178
0.445471 177
0.445127 177
0.445023 177
0.444541 177
0.444203 177
0.443818 176
0.443583 174
0.443461 174
0.443209 173
0.44263 172
0.442147 171
0.441772 171
0.441536 170
0.441283 169
0.440887 169
0.440658 169
0.440386 168
0.439762 166
0.439494 166
0.439411 165
0.439168 164
0.438923 162
0.438906 160
0.438567 158
0.437966 158
0.437725 158
0.437244 156
0.436737 156
0.436607 156
0.436215 155
0.43572 155
0.435593 153
0.434998 152
0.43441 150
0.433914 149
0.433518 149
0.432896 148
0.43269 147
0.432585 147
0.43226 146
0.432015 144
0.431588 140
0.43096 139
0.430703 139
0.430463 139
0.430094 139
0.429688 139
0.429555 139
0.429176 137
0.429072 137
0.428837 137
0.428628 135
0.428239 133
0.427687 132
0.42745 132
0.427198 132
0.426938 130
0.426573 129
0.426348 129
0.426108 128
0.426046 127
0.425915 125
0.425799 125
0.425519 124
0.425281 122
0.424925 120
0.424695 119
0.42446 118
0.424139 117
0.423878 117
0.423168 117
0.422894 116
0.422498 116
0.422133 115
0.421996 111
0.421744 111
0.42167 110
0.421197 110
0.420823 110
0.420574 109
0.420324 109
0.419585 109
0.418963 109
0.418353 108
0.417997 108
0.417643 108
0.41692 106
0.415659 106
0.415527 105
0.414912 105
0.414505 103
0.414142 103
0.413764 103
0.413657 102
0.413033 101
0.412821 99
0.412444 99
0.412099 97
0.411606 96
0.411362 96
0.410861 92
0.410516 92
0.409942 91
0.409421 91
0.409025 91
0.408533 91
0.408533 90
0.40832 89
0.407461 89
0.406976 88
0.406465 88
0.405618 86
0.405135 86
0.404393 85
0.404261 85
0.403789 85
0.403433 85
0.402794 84
0.402036 84
0.401566 84
0.401304 83
0.401054 83
0.399799 82
0.399311 81
0.398923 79
0.398053 79
0.397911 79
0.397413 78
0.397047 77
0.396432 77
0.3954 77
0.394685 77
0.394526 76
0.393895 75
0.393642 74
0.392953 73
0.392645 72
0.392276 72
0.392021 72
0.390856 71
0.390361 70
0.390121 68
0.390002 68
0.389488 68
0.388978 67
0.388613 66
0.388005 65
0.387195 63
0.385766 62
0.385423 61
0.384832 61
0.384564 61
0.384068 61
0.383476 61
0.382725 59
0.382608 59
0.382106 59
0.381726 59
0.380614 58
0.380342 58
0.379628 57
0.379093 57
0.378446 57
0.378063 57
0.377553 57
0.377452 56
0.376984 55
0.376605 55
0.375922 55
0.375577 55
0.375324 55
0.374924 54
0.373935 53
0.372541 53
0.371833 51
0.371327 51
0.370858 50
0.370394 49
0.369913 49
0.368783 49
0.367999 48
0.367374 48
0.366747 47
0.365612 47
0.365363 47
0.364347 47
0.364087 47
0.363741 46
0.363208 45
0.362594 45
0.362124 45
0.361862 45
0.361207 44
0.361076 44
0.360541 44
0.359915 44
0.359065 43
0.358044 43
0.357382 42
0.357135 42
0.356104 41
0.355196 41
0.354377 40
0.353885 40
0.353741 40
0.353483 38
0.352822 38
0.352192 38
0.351446 38
0.349957 38
0.349169 38
0.348151 38
0.347652 38
0.346793 38
0.346394 38
0.346021 38
0.345018 38
0.343575 38
0.342939 38
0.34213 36
0.341521 36
0.340764 36
0.340138 36
0.339636 36
0.338309 35
0.337824 35
0.337307 34
0.336536 34
0.336281 33
0.335796 33
0.335152 33
0.334241 33
0.333861 33
0.332959 33
0.332322 33
0.331812 33
0.331034 33
0.33077 33
0.330399 33
0.329474 33
0.328593 33
0.328097 33
0.326836 33
0.32644 33
0.326099 33
0.325575 33
0.324929 33
0.324687 33
0.323849 32
0.32347 32
0.322981 31
0.322593 31
0.321586 31
0.32084 30
0.320567 30
0.319915 30
0.318913 30
0.318654 30
0.318399 30
0.317533 30
0.317086 30
0.31582 28
0.315394 27
0.3144 27
0.313756 27
0.313242 27
0.312593 27
0.311838 27
0.311334 27
0.310412 27
0.309667 27
0.309024 26
0.308471 25
0.307335 25
0.30721 25
0.306483 24
0.305835 23
0.305311 22
0.304807 21
0.303775 21
0.302903 21
0.301861 21
0.301237 21
0.300459 21
0.299201 20
0.298821 19
0.297962 19
0.297084 17
0.296969 17
0.296336 17
0.295462 17
0.294661 17
0.293911 17
0.292774 16
0.291624 16
0.290948 16
0.290046 16
0.289443 16
0.288669 16
0.288387 15
0.287288 15
0.285945 14
0.285011 13
0.284238 13
0.28374 13
0.282963 13
0.282086 13
0.281207 13
0.280676 12
0.279771 12
0.279168 12
0.278662 12
0.278141 12
0.277764 12
0.276646 12
0.275394 12
0.274384 12
0.273567 12
0.27279 12
0.272003 12
0.271199 12
0.270572 12
0.270067 12
0.268695 12
0.268066 12
0.267034 12
0.266296 12
0.266177 12
0.265436 12
0.264928 12
0.264193 12
0.26407 12
0.262902 12
0.261223 12
0.260426 12
0.259299 11
0.258771 11
0.257992 11
0.256612 11
0.255807 10
0.254533 10
0.254039 10
0.252952 9
0.252425 9
0.25139 9
0.250768 9
0.249545 9
0.248151 9
0.24778 9
0.247647 8
0.246495 8
0.245468 7
0.244548 7
0.243942 7
0.243215 7
0.242677 7
0.242303 7
0.241263 7
0.239822 7
0.238117 7
0.237595 7
0.236775 7
0.235778 7
0.235253 7
0.23424 7
0.233713 7
0.233226 7
0.232568 7
0.232152 7
0.231275 7
0.230879 7
0.229865 7
0.228976 7
0.227736 6
0.226593 6
0.225803 6
0.225293 6
0.224289 6
0.223531 6
0.222776 6
0.222123 6
0.22119 6
0.220039 6
0.219404 6
0.218883 6
0.218346 6
0.217598 6
0.217084 6
0.21597 6
0.214021 6
0.213154 6
0.212265 6
0.211633 6
0.210199 6
0.209294 6
0.20878 6
0.207989 6
0.20674 6
0.206371 6
0.206119 6
0.204805 6
0.204269 6
0.203521 6
0.202503 6
0.202237 6
0.200958 6
0.199941 6
0.198891 6
0.198528 6
0.197487 6
0.196093 6
0.195512 6
0.195126 6
0.194732 6
0.194111 6
0.193338 6
0.192294 6
0.191794 6
0.190891 6
0.189248 6
0.188484 6
0.187549 6
0.18645 5
0.185848 5
0.185447 5
0.18495 5
0.183815 5
0.183095 5
0.182306 5
0.180544 4
0.179628 4
0.178753 4
0.177873 4
0.176978 4
0.176094 4
0.175362 4
0.175094 4
0.174165 4
0.173425 4
0.173031 4
0.172012 4
0.171381 4
0.170357 4
0.169455 3
0.168321 3
0.167385 3
0.16702 3
0.166372 3
0.16525 3
0.16474 3
0.164104 3
0.163621 3
0.162905 2
0.162412 2
0.161793 2
0.161062 2
0.16029 2
0.159511 2
0.159163 2
0.158168 2
0.157511 2
0.156484 2
0.155844 2
0.155218 2
0.154211 2
0.152969 2
0.151673 2
0.151006 2
0.150108 2
0.149598 2
0.148839 2
0.148061 2
0.147424 2
0.14693 2
0.146531 2
0.146025 2
0.145368 2
0.144605 2
0.144228 2
0.143204 2
0.142423 2
0.141534 2
0.140775 2
0.140166 2
0.138967 2
0.138322 2
0.137807 2
0.137039 2
0.136432 2
0.136068 2
0.135568 2
0.135048 2
0.134117 2
0.132869 2
0.132363 2
0.131579 2
0.131075 1
0.130594 1
0.129475 1
0.128839 1
0.128078 1
0.127534 1
0.126427 1
0.125796 1
0.125423 1
0.124764 1
0.123973 1
0.123587 1
0.122577 1
0.121672 1
0.121409 1
0.120911 1
0.120446 1
0.119925 1
0.119665 1
0.11926 1
0.118832 1
0.11809 1
0.117594 1
0.11709 1
0.116574 1
0.11622 1
0.115341 1
0.114684 1
0.11407 1
0.113289 1
0.112243 1
0.111842 1
0.111231 1
0.110444 1
0.109569 1
0.108391 1
0.107627 1
0.107387 1
0.106888 1
0.10585 1
0.105202 1
0.104809 1
0.104187 1
0.103697 1
0.103078 1
0.102824 1
0.101929 1
0.101064 1
0.100697 1
0.0999543 1
0.0995751 1
0.0989168 1
0.0980116 1
0.0973307 1
0.0969654 1
0.0967261 1
0.0955569 1
0.0951992 1
0.0944202 1
0.0938971 1
0.0932708 1
0.092482 1
0.0914966 1
0.0907174 1
0.090602 1
0.0901847 1
0.0895874 1
0.0893403 1
0.0889495 1
0.0884467 1
0.0878409 1
0.087328 1
0.0869323 1
0.0861503 1
0.0859008 1
0.0852687 1
0.0848871 1
0.0843671 1
0.0840912 1
0.0833201 1
0.0827936 1
0.0820482 1
0.081786 1
0.0814214 1
0.0806563 1
0.0800096 1
0.07975 1
0.0791273 1
0.0789905 1
0.078235 1
0.0774956 1
0.0768572 1
0.0766092 1
0.076353 1
0.0759645 1
0.075463 1
0.0747049 1
0.0741797 1
0.0739277 1
0.0731649 1
0.0726586 1
0.0720243 1
0.0716482 1
0.071032 1
0.0706519 1
0.0704033 1
0.0700226 1
0.0697749 1
0.0695277 1
0.06902 1
0.0685321 1
0.0682684 1
0.0680174 1
0.0675278 1
0.0670252 1
0.0662003 1
0.0657057 1
0.0653236 1
0.064541 1
0.0642989 1
0.0633985 1
0.0628886 1
0.0624057 1
0.0617512 1
0.0609634 1
0.0606934 1
0.0599401 1
0.0595653 1
0.0589336 1
0.0585533 1
0.0578871 1
0.0572418 1
0.0565817 1
0.0558258 1
0.0554373 1
0.0549065 1
0.0547718 1
0.0543698 1
0.0538583 1
0.0534532 1
0.0528312 1
0.0523133 1
0.0521743 1
0.0512657 1
0.0506272 1
0.0502315 1
0.0495979 1
0.0493356 1
0.0489296 1
0.0487985 1
0.048423 1
0.0475021 1
0.0473794 1
0.0469854 1
0.0464771 1
0.0459584 1
0.0452109 1
0.0445761 1
0.0441981 1
0.044078 1
0.0436059 1
0.0429751 1
0.0424908 1
0.0423555 1
0.0422319 1
0.0421005 1
0.0413158 1
0.0411933 1
0.040949 1
0.0408277 1
0.0403033 1
0.0400542 1
0.0399151 1
0.0395309 1
0.0388873 1
0.0387525 1
0.0383775 1
0.0382503 1
0.0379912 1
0.0372471 1
0.0369864 1
0.0361978 1
0.0360728 1
0.0355775 1
0.0353216 1
0.0347993 1
0.03454 1
0.0339038 1
0.033535 1
0.0334099 1
0.0332884 1
0.0330364 1
0.0329096 1
0.0322658 1
0.0320344 1
0.0318952 1
0.0316339 1
0.0314952 1
0.0313677 1
0.0312443 1
0.030861 1
0.0306109 1
0.0303466 1
0.0301062 1
0.0296173 1
0.0292221 1
0.0289701 1
0.0285909 1
0.0282313 0
0.0281078 0
0.0278432 0
0.0273281 0
0.0270738 0
0.0266966 0
0.0265674 0
0.0262917 0
0.0260404 0
0.0259062 0
0.0257725 0
0.0255067 0
0.0251235 0
0.024865 0
0.0245021 0
0.0243716 0
0.0239885 0
0.0238627 0
0.02335 0
0.0229546 0
0.022825 0
0.0226913 0
0.0224407 0
0.0219389 0
0.0214415 0
0.0213058 0
0.0211713 0
0.020663 0
0.0204022 0
0.0202866 0
0.0201577 0
0.0199003 0
0.0197752 0
0.0196372 0
0.0195062 0
0.0192485 0
0.0191252 0
0.0190007 0
0.0188739 0
0.0187419 0
0.018239 0
0.0178795 0
0.0177477 0
0.0174694 0
0.0172072 0
0.0170826 0
0.0169457 0
0.016536 0
0.0164095 0
0.0160322 0
0.0159102 0
0.0156539 0
0.0155184 0
0.0153932 0
0.0151271 0
0.0149986 0
0.014613 0
0.014487 0
0.0142383 0
0.014096 0
0.0139724 0
0.0137106 0
0.0135762 0
0.0134449 0
0.0133097 0
0.0130638 0
0.0127866 0
0.012659 0
0.0125442 0
0.0124263 0
0.0121647 0
0.0120367 0
0.0119054 0
0.0116674 0
0.0114043 0
0.0111507 0
0.0108855 0
0.0107525 0
0.0106236 0
0.0104944 0
0.010355 0
0.0102262 0
0.0101008 0
0.00997304 0
0.00971938 0
0.0095829 0
0.00944445 0
0.00905771 0
0.00894503 0
0.00873106 0
0.00859855 0
0.00845965 0
0.00833162 0
0.00820763 0
0.0080787 0
0.00794824 0
0.00781902 0
0.0076833 0
0.00742001 0
0.00728577 0
0.00715509 0
0.00701085 0
0.00688318 0
0.00675686 0
0.00663389 0
0.00650857 0
0.00638121 0
0.00624768 0
0.00613084 0
0.0060124 0
0.00587198 0
0.00563261 0
0.00550651 0
0.00537843 0
0.00525728 0
0.00513316 0
0.00501332 0
0.00488152 0
0.00449337 0
0.00436157 0
0.004238 0
0.00397186 0
0.00383837 0
0.00370718 0
0.00357191 0
0.00345057 0
0.00318339 0
0.00305192 0
0.00291761 0
0.00278897 0
0.00253552 0
0.00240656 0
0.00227145 0
0.00215511 0
0.00201666 0
0.00188994 0
0.00163704 0
0.00149726 0
0.00124407 0
0.00111718 0
0.00100941 0
0.000877114 0
0.00075268 0
0.000624375 0
0.000502307 0
0.000374857 0
0.000245358 0
0.000121955 0
0 0
