0.411936 61
0.4118 61
0.411675 61
0.411558 61
0.411428 61
0.411411 60
0.411173 60
0.411084 59
0.410928 56
0.410805 56
0.410688 56
0.410673 55
0.41042 55
0.410302 55
0.410199 54
0.410199 53
0.409949 53
0.409598 53
0.409347 53
0.409209 53
0.408851 53
0.408595 53
0.408467 53
0.408467 52
0.408377 51
0.408112 51
0.407681 49
0.407196 49
0.40684 49
0.406719 49
0.406352 47
0.405644 47
0.40552 47
0.405207 45
0.404742 44
0.404222 44
0.403722 44
0.403229 44
0.402592 44
0.402249 44
0.402007 44
0.401865 44
0.401117 43
0.400909 43
0.400324 42
0.399911 42
0.399058 42
0.398393 42
0.39816 40
0.397885 40
0.397283 39
0.396936 38
0.396307 38
0.395683 38
0.395046 38
0.393876 38
0.393268 38
0.392917 38
0.391818 37
0.391059 37
0.389979 37
0.389037 36
0.387551 36
0.386687 36
0.386085 36
0.385355 36
0.384058 35
0.383285 34
0.382349 34
0.381482 34
0.380743 33
0.379946 32
0.379464 32
0.378839 32
0.377891 32
0.376496 32
0.375855 32
0.375159 31
0.373726 31
0.372548 30
0.371402 30
0.370866 30
0.36963 30
0.368314 29
0.367188 29
0.366538 29
0.365288 29
0.363904 29
0.362892 29
0.361363 28
0.360496 27
0.358812 27
0.357423 26
0.355721 26
0.354088 26
0.352829 25
0.351072 24
0.349538 21
0.348501 20
0.347068 20
0.345797 19
0.343593 19
0.342702 19
0.34117 19
0.339162 19
0.337746 18
0.335665 18
0.334023 18
0.332238 17
0.329815 17
0.328373 17
0.327245 17
0.325379 16
0.322979 14
0.319874 14
0.317639 12
0.31526 12
0.313623 12
0.31038 12
0.309119 12
0.306638 12
0.304681 11
0.302789 11
0.300259 11
0.297472 11
0.295835 11
0.29356 11
0.290515 11
0.288766 10
0.286235 9
0.284084 9
0.282185 9
0.280722 9
0.27822 9
0.275848 8
0.274548 8
0.271822 8
0.269084 8
0.267057 8
0.264975 8
0.263449 8
0.262054 8
0.259207 8
0.256575 8
0.254409 8
0.252083 8
0.249421 8
0.247123 8
0.245353 7
0.242487 6
0.240705 6
0.237241 5
0.234976 4
0.231759 4
0.229463 4
0.227573 4
0.225233 4
0.223223 4
0.219588 4
0.21703 4
0.214009 4
0.211655 4
0.208797 4
0.204202 4
0.201749 3
0.199817 3
0.196851 3
0.1941 2
0.192173 2
0.189502 2
0.187847 2
0.184932 2
0.182391 2
0.179729 2
0.177163 2
0.174337 2
0.171793 2
0.169105 2
0.167243 2
0.165405 2
0.163565 2
0.160927 2
0.15913 2
0.157106 2
0.154987 1
0.152263 1
0.149957 1
0.148298 1
0.146719 0
0.144176 0
0.141653 0
0.139949 0
0.136893 0
0.134134 0
0.132508 0
0.13082 0
0.128816 0
0.126741 0
0.124278 0
0.121453 0
0.118379 0
0.116102 0
0.1136 0
0.111733 0
0.110197 0
0.108062 0
0.105992 0
0.102898 0
0.10133 0
0.0998782 0
0.0987494 0
0.0971749 0
0.0958564 0
0.0942114 0
0.0923306 0
0.0905389 0
0.0883648 0
0.0873433 0
0.0863438 0
0.0854658 0
0.0838249 0
0.082297 0
0.0811357 0
0.0787979 0
0.0767625 0
0.0748653 0
0.0741109 0
0.0728249 0
0.0708795 0
0.0677449 0
0.0668268 0
0.0656276 0
0.0641007 0
0.0628025 0
0.0615229 0
0.0600008 0
0.0585878 0
0.0574466 0
0.0559176 0
0.054089 0
0.0531814 0
0.0517614 0
0.0502172 0
0.048909 0
0.0476234 0
0.0466141 0
0.045988 0
0.0448435 0
0.0440655 0
0.0426641 0
0.0413568 0
0.0399457 0
0.0382906 0
0.0374972 0
0.0361873 0
0.0350509 0
0.0343906 0
0.0337701 0
0.0332551 0
0.0324689 0
0.0311407 0
0.030258 0
0.0296002 0
0.0278979 0
0.0271327 0
0.0258884 0
0.0252558 0
0.0242026 0
0.0231565 0
0.0225124 0
0.022002 0
0.0217556 0
0.0215066 0
0.0208896 0
0.0201236 0
0.0199938 0
0.0190945 0
0.0188335 0
0.0184376 0
0.0176512 0
0.0170148 0
0.0162379 0
0.0155683 0
0.0147733 0
0.0141309 0
0.0137168 0
0.0130915 0
0.0123415 0
0.0120783 0
0.0116846 0
0.0109115 0
0.0106497 0
0.010133 0
0.00985342 0
0.00958965 0
0.00945608 0
0.00919724 0
0.00855042 0
0.00790836 0
0.00724782 0
0.00712157 0
0.00700598 0
0.00675086 0
0.00661507 0
0.00647368 0
0.00619818 0
0.00594671 0
0.0056802 0
0.00540475 0
0.00502251 0
0.0048947 0
0.00477336 0
0.00465088 0
0.00390092 0
0.00377076 0
0.00311989 0
0.00299008 0
0.00273865 0
0.00260415 0
0.00247857 0
0.00222319 0
0.0020894 0
0.00184077 0
0.00170786 0
0.00158167 0
0.0013171 0
0.00118504 0
0.00092636 0
0.000787969 0
0.000658487 0
0.000521702 0
0.000402937 0
0.000264001 0
0.000127951 0
0 0
