0.464688 670
0.464688 669
0.464688 668
0.464688 667
0.464581 667
0.464581 666
0.464581 665
0.464581 664
0.464581 663
0.464581 662
0.464463 662
0.464463 661
0.464463 659
0.464463 658
0.464463 657
0.464339 657
0.464339 655
0.464339 654
0.464339 653
0.464339 652
0.464339 651
0.464339 649
0.464339 648
0.464339 647
0.464206 647
0.464206 646
0.464111 644
0.464111 643
0.464111 642
0.464111 641
0.463978 641
0.463978 640
0.463849 640
0.463759 638
0.463705 637
0.46358 636
0.46358 634
0.46358 633
0.46358 631
0.46346 631
0.46346 630
0.46346 629
0.46346 628
0.463424 625
0.463424 624
0.463424 623
0.463424 622
0.463307 622
0.463285 622
0.463285 621
0.463285 620
0.463184 619
0.463065 619
0.463065 617
0.463065 615
0.463065 614
0.463065 612
0.463065 610
0.463065 607
0.462946 604
0.462945 603
0.462945 602
0.462945 600
0.462945 599
0.462945 598
0.462945 596
0.462783 595
0.462783 593
0.462783 592
0.462654 592
0.462434 591
0.462434 590
0.46242 587
0.46242 585
0.46242 583
0.46242 582
0.46217 581
0.461966 576
0.461966 575
0.461834 573
0.461827 569
0.461827 567
0.461827 566
0.461827 565
0.461648 564
0.461648 563
0.461648 562
0.461523 562
0.461523 559
0.461406 559
0.461406 557
0.461176 553
0.461176 552
0.461174 551
0.461174 550
0.460936 550
0.460903 547
0.460812 545
0.460812 543
0.460697 542
0.460697 540
0.460444 538
0.460444 537
0.460444 536
0.460301 536
0.460203 534
0.460076 533
0.459952 532
0.459702 530
0.459702 529
0.459702 528
0.459702 527
0.459587 526
0.459587 523
0.459587 522
0.459587 521
0.459468 518
0.459468 517
0.459468 515
0.459461 513
0.459461 512
0.459329 511
0.459329 510
0.459329 509
0.459194 506
0.459194 505
0.459194 503
0.459194 501
0.459063 501
0.45878 500
0.45878 499
0.45878 498
0.458763 497
0.458659 497
0.458659 495
0.458555 493
0.458552 490
0.458552 489
0.458524 488
0.458287 488
0.458287 487
0.458287 486
0.458287 485
0.458202 483
0.458202 481
0.458202 479
0.458073 478
0.457926 476
0.457817 475
0.457817 473
0.457618 470
0.457498 470
0.457371 468
0.457258 467
0.45715 467
0.45715 465
0.457033 462
0.456915 462
0.456833 461
0.456833 459
0.456563 458
0.456317 457
0.455935 455
0.455935 453
0.455935 451
0.455935 450
0.455929 448
0.455929 446
0.455802 446
0.455476 445
0.455253 443
0.455253 442
0.455169 439
0.454922 435
0.454659 434
0.454659 433
0.454585 431
0.454464 430
0.454464 429
0.454327 425
0.454327 423
0.454327 421
0.454201 421
0.454144 420
0.454144 417
0.454144 416
0.453781 415
0.453776 413
0.453655 412
0.453525 412
0.453282 410
0.452905 408
0.45263 408
0.45263 407
0.45249 407
0.452299 403
0.452293 401
0.452167 398
0.451946 394
0.451388 391
0.451248 390
0.451248 389
0.451066 388
0.450815 388
0.450737 384
0.450737 382
0.450463 382
0.450344 380
0.450344 378
0.450098 377
0.449905 375
0.449787 375
0.449787 374
0.449787 373
0.449426 372
0.449294 368
0.449185 366
0.449185 364
0.449084 363
0.448954 361
0.448954 359
0.448954 358
0.448691 357
0.448542 353
0.448421 351
0.448421 350
0.448421 348
0.448286 346
0.448286 345
0.448232 344
0.4481 343
0.447832 341
0.447624 341
0.447363 337
0.447104 337
0.447104 336
0.447104 335
0.446881 334
0.446781 333
0.446554 333
0.446408 333
0.446278 333
0.446278 332
0.446023 332
0.445892 332
0.445766 330
0.445629 330
0.445231 328
0.44512 328
0.44512 327
0.445004 327
0.444734 323
0.444471 323
0.444471 322
0.444224 321
0.443959 320
0.443569 317
0.443455 314
0.443455 310
0.443182 309
0.442872 303
0.442872 302
0.44274 302
0.442499 301
0.442499 299
0.442487 297
0.44236 297
0.44236 296
0.442232 295
0.442109 292
0.442109 291
0.442056 289
0.441669 288
0.441463 285
0.441216 284
0.441166 283
0.441023 279
0.440767 277
0.440378 276
0.440378 274
0.439903 273
0.439785 272
0.439671 270
0.439023 269
0.438515 267
0.438018 264
0.437789 262
0.437418 259
0.437292 258
0.43716 257
0.437033 257
0.436801 255
0.436566 255
0.436442 254
0.436073 254
0.435969 253
0.435864 253
0.435388 252
0.435247 249
0.43514 248
0.435056 246
0.434923 246
0.434567 244
0.434319 244
0.434319 243
0.434063 242
0.433939 240
0.433702 239
0.433448 235
0.433088 234
0.432716 233
0.432491 229
0.432473 226
0.43209 224
0.431981 222
0.431593 220
0.431345 220
0.43123 219
0.430852 217
0.430595 215
0.430474 213
0.430003 212
0.429839 210
0.429506 208
0.429395 208
0.429173 203
0.428414 203
0.428116 202
0.428003 201
0.427747 200
0.427747 199
0.427364 198
0.426982 197
0.426329 197
0.426099 197
0.425605 195
0.425097 190
0.424558 188
0.424095 188
0.423992 188
0.423525 188
0.423187 188
0.422925 187
0.422572 185
0.422305 184
0.421726 183
0.421246 182
0.421005 182
0.420769 181
0.420516 181
0.419991 181
0.419761 181
0.419489 180
0.418881 178
0.418613 178
0.41853 177
0.418287 176
0.418068 174
0.417924 172
0.417584 170
0.416859 170
0.416618 170
0.416137 168
0.415772 168
0.415642 168
0.41539 167
0.415138 167
0.415011 165
0.414424 164
0.413835 162
0.413336 162
0.41294 162
0.412204 161
0.411859 159
0.411754 159
0.411428 158
0.411056 156
0.410744 152
0.410116 151
0.409984 151
0.409629 151
0.409261 151
0.408621 151
0.408489 151
0.408004 149
0.4079 149
0.407665 149
0.407456 147
0.40683 144
0.406549 143
0.406431 143
0.406179 143
0.405827 140
0.405462 139
0.405098 139
0.404858 138
0.404797 137
0.404559 137
0.404428 135
0.404148 134
0.403895 131
0.40354 129
0.403289 128
0.403059 127
0.402738 126
0.402477 126
0.401879 126
0.401475 125
0.401068 125
0.400702 124
0.400566 120
0.399943 120
0.399868 119
0.399395 119
0.399021 119
0.398772 118
0.398431 117
0.397825 117
0.397203 117
0.396702 117
0.396351 117
0.395999 117
0.395142 115
0.394035 115
0.393903 115
0.393288 115
0.392769 113
0.392405 113
0.391883 113
0.391667 112
0.391043 111
0.390724 109
0.390348 109
0.390013 107
0.389514 106
0.389271 106
0.38868 101
0.388431 101
0.387858 100
0.387336 100
0.386828 100
0.386205 100
0.386205 99
0.38589 98
0.384894 98
0.38441 97
0.383899 97
0.383048 95
0.382308 95
0.381682 94
0.38155 94
0.381078 94
0.380326 94
0.379811 93
0.379053 93
0.378606 93
0.378345 92
0.378245 92
0.376991 91
0.376505 90
0.37612 88
0.375245 88
0.375103 88
0.374596 87
0.37423 86
0.373632 85
0.372374 84
0.37177 84
0.3715 83
0.37087 82
0.370746 81
0.370056 80
0.369749 79
0.369512 79
0.369256 79
0.368092 78
0.36771 77
0.36761 75
0.367489 75
0.366975 75
0.366371 73
0.366006 73
0.365253 72
0.364443 70
0.363132 69
0.362789 68
0.362227 67
0.361955 67
0.361461 67
0.36098 66
0.36023 64
0.359995 64
0.35949 64
0.359233 64
0.357781 63
0.357395 63
0.356721 62
0.356324 62
0.355678 62
0.355286 62
0.354636 62
0.354405 61
0.353937 60
0.353558 60
0.35279 59
0.352447 59
0.352068 59
0.351772 58
0.350784 57
0.34939 57
0.348686 55
0.34806 55
0.347364 54
0.346771 54
0.34629 54
0.345288 54
0.344505 53
0.343899 53
0.343272 52
0.342163 52
0.341914 52
0.340884 52
0.340517 52
0.340054 50
0.339427 48
0.33881 47
0.338311 47
0.338182 47
0.337527 46
0.337394 46
0.336855 46
0.336234 45
0.335248 44
0.334479 44
0.333817 43
0.333577 43
0.332564 42
0.331528 42
0.330726 41
0.33034 41
0.330196 41
0.329938 39
0.329277 39
0.328775 39
0.328044 39
0.326423 39
0.325637 39
0.324615 39
0.324104 39
0.323375 39
0.322855 39
0.322481 39
0.321381 39
0.320056 39
0.319543 39
0.31846 36
0.317855 36
0.31687 36
0.316494 36
0.316045 35
0.314987 34
0.314607 34
0.314221 34
0.313598 34
0.313375 33
0.312806 32
0.312026 32
0.311123 32
0.310622 32
0.309709 32
0.309073 32
0.308589 32
0.307811 32
0.307547 32
0.307053 32
0.306128 32
0.305369 32
0.304873 32
0.303741 32
0.303344 32
0.303237 32
0.302597 32
0.301949 32
0.301706 32
0.300963 32
0.300583 32
0.300103 32
0.299971 32
0.299095 32
0.298483 31
0.298224 31
0.297706 31
0.296834 31
0.296575 31
0.296191 31
0.295325 31
0.294766 31
0.293788 30
0.29325 29
0.292127 29
0.291494 29
0.29098 29
0.290468 29
0.289722 29
0.289218 29
0.288172 29
0.287547 29
0.286927 29
0.286374 28
0.285367 28
0.285242 28
0.284515 27
0.284016 26
0.283538 24
0.283272 23
0.28224 23
0.281612 23
0.280562 23
0.279937 23
0.279158 23
0.277939 22
0.277565 21
0.276837 21
0.276101 19
0.275471 19
0.274362 19
0.273577 19
0.272955 19
0.271942 19
0.271062 19
0.270527 19
0.269633 19
0.269036 19
0.26826 19
0.267982 18
0.267036 17
0.265804 16
0.264883 15
0.264001 15
0.263491 15
0.2626 15
0.261731 15
0.260983 15
0.260341 14
0.259573 14
0.258846 14
0.258594 14
0.258198 14
0.257685 14
0.256688 14
0.255683 14
0.254675 14
0.253856 14
0.253193 14
0.252406 14
0.251601 14
0.250986 14
0.25048 14
0.249244 13
0.248751 13
0.247849 13
0.247113 13
0.246988 13
0.246358 13
0.245977 13
0.245238 13
0.245115 13
0.244216 13
0.242668 13
0.241889 13
0.240764 12
0.24037 12
0.239591 12
0.238443 12
0.237518 11
0.23651 11
0.236018 11
0.235052 10
0.234537 10
0.233388 10
0.232774 10
0.231546 10
0.230157 10
0.229904 10
0.229644 9
0.228867 9
0.227836 8
0.227073 8
0.226347 8
0.225614 8
0.225091 8
0.224717 8
0.223686 8
0.222515 8
0.22081 8
0.220288 8
0.219467 8
0.218455 8
0.217928 8
0.216943 8
0.216677 8
0.216355 7
0.215834 7
0.215417 7
0.214536 7
0.21428 7
0.213259 7
0.212618 7
0.211408 6
0.210401 6
0.209745 6
0.209242 6
0.208236 6
0.207478 6
0.207099 6
0.206452 6
0.205533 6
0.204382 6
0.203759 6
0.203129 6
0.202867 6
0.202367 6
0.202109 6
0.200856 6
0.199129 6
0.198259 6
0.197402 5
0.196771 5
0.19547 5
0.194698 5
0.194185 5
0.193142 5
0.191888 5
0.191519 5
0.191267 5
0.190216 5
0.190099 5
0.189358 5
0.188207 5
0.187805 5
0.186797 5
0.185887 5
0.184837 5
0.184474 5
0.183433 5
0.182072 5
0.181491 5
0.181105 5
0.180711 5
0.18011 5
0.179337 5
0.178292 5
0.177905 5
0.177271 5
0.175871 5
0.175132 5
0.174337 5
0.173146 4
0.172403 4
0.172136 4
0.171642 4
0.170771 4
0.17005 4
0.169263 4
0.167628 3
0.166979 3
0.166232 3
0.16524 3
0.16422 3
0.16346 3
0.162852 3
0.162583 3
0.161654 3
0.161063 3
0.16081 3
0.159818 3
0.159187 3
0.158296 3
0.157262 3
0.156131 3
0.155195 3
0.154829 3
0.154315 3
0.15332 3
0.152813 3
0.152177 3
0.151699 3
0.150922 3
0.150441 3
0.149947 3
0.149217 3
0.148566 3
0.147907 3
0.147545 3
0.14655 3
0.145893 3
0.145 3
0.144379 3
0.143622 3
0.142625 3
0.141377 3
0.140213 3
0.139691 3
0.138678 3
0.138168 3
0.137432 3
0.136653 3
0.136018 3
0.135524 3
0.135136 3
0.134629 3
0.134103 3
0.133339 3
0.132962 3
0.132187 3
0.131402 3
0.130504 3
0.12974 3
0.129119 3
0.127919 3
0.127534 3
0.126905 3
0.126144 3
0.125537 3
0.125058 3
0.124557 3
0.124175 3
0.123379 3
0.122126 3
0.121481 3
0.120707 3
0.120325 2
0.119844 2
0.118969 2
0.118465 2
0.117698 2
0.11716 2
0.116054 2
0.115288 2
0.114915 2
0.114259 2
0.113335 2
0.112949 2
0.112068 2
0.111315 2
0.111052 2
0.110553 2
0.110077 2
0.109544 2
0.109162 2
0.109028 2
0.108751 2
0.108125 2
0.107628 2
0.107123 2
0.106612 2
0.106254 2
0.105602 2
0.104945 2
0.104337 2
0.103555 2
0.102531 2
0.102393 2
0.101775 2
0.101001 2
0.100374 2
0.0993295 2
0.0985604 2
0.0983209 2
0.0979522 2
0.0970394 2
0.0963906 2
0.0959962 2
0.0952407 2
0.0948774 2
0.0942601 2
0.0940063 2
0.0931114 2
0.0922449 2
0.0918742 2
0.0911248 2
0.0907456 2
0.0902052 2
0.0893197 2
0.0887697 2
0.0884045 2
0.0881651 2
0.086877 2
0.0863871 2
0.0857398 2
0.0852168 2
0.0845885 2
0.0839168 2
0.0831873 2
0.0823974 2
0.082282 2
0.082148 2
0.0815516 2
0.0813045 2
0.0811813 2
0.0806784 2
0.0801971 2
0.0797405 1
0.0793398 1
0.0786856 1
0.0784329 1
0.0777968 1
0.0775384 1
0.0770302 1
0.076751 1
0.0762502 1
0.075845 1
0.0750996 1
0.0748374 1
0.0744728 1
0.0737042 1
0.0733066 1
0.0730469 1
0.0724266 1
0.0722899 1
0.0716547 1
0.0710363 1
0.0703976 1
0.0701496 1
0.0697612 1
0.0692565 1
0.0684924 1
0.0679678 1
0.067709 1
0.067213 1
0.0667105 1
0.0662168 1
0.0658541 1
0.0652444 1
0.0648644 1
0.0647243 1
0.0643327 1
0.064059 1
0.0639395 1
0.0635664 1
0.0630763 1
0.0628125 1
0.0625615 1
0.062173 1
0.0617898 1
0.0609537 1
0.0604591 1
0.0600769 1
0.0595624 1
0.0593154 1
0.0584149 1
0.057905 1
0.0575467 1
0.0569031 1
0.056362 1
0.0558185 1
0.0550591 1
0.0546763 1
0.0541685 1
0.0537882 1
0.053122 1
0.0526056 1
0.051943 1
0.0510766 1
0.0506881 1
0.050156 1
0.0500206 1
0.0496187 1
0.0492367 1
0.0488316 1
0.0483373 1
0.0478076 1
0.0476686 1
0.0469028 1
0.0462641 1
0.0459985 1
0.0454963 1
0.045234 1
0.044965 1
0.0448306 1
0.0445898 1
0.0438009 1
0.0436782 1
0.0432843 1
0.042776 1
0.0423914 1
0.0417661 1
0.0411359 1
0.0407514 1
0.0406314 1
0.0402858 1
0.03965 1
0.0391628 1
0.0390275 1
0.0389039 1
0.0387725 1
0.0379776 1
0.0378551 1
0.0376108 1
0.0374896 1
0.0369632 1
0.0367142 1
0.0362035 1
0.035816 1
0.0356811 1
0.0354317 1
0.0353046 1
0.0350455 1
0.034306 1
0.0340454 1
0.0332556 1
0.0331306 1
0.0327525 1
0.0324952 1
0.0319729 1
0.0317136 1
0.0310774 1
0.0307086 1
0.0305804 1
0.0304588 1
0.0300848 1
0.029958 1
0.0294242 1
0.0290612 1
0.0287999 1
0.0286613 1
0.0285337 1
0.0284269 1
0.0282979 1
0.0280477 1
0.0277835 1
0.027542 1
0.0271767 1
0.0267805 1
0.0265285 1
0.0262662 1
0.0260407 0
0.0259172 0
0.0256525 0
0.0252786 0
0.0250243 0
0.0246471 0
0.0245179 0
0.0242422 0
0.0239909 0
0.0238567 0
0.023723 0
0.023588 0
0.0232032 0
0.0229447 0
0.0225818 0
0.0224513 0
0.0222047 0
0.0220789 0
0.0215662 0
0.0212972 0
0.0211677 0
0.021034 0
0.0207834 0
0.0202815 0
0.0197802 0
0.0196444 0
0.0192706 0
0.0190102 0
0.0188945 0
0.0186372 0
0.0185121 0
0.018374 0
0.018228 0
0.0179767 0
0.0178534 0
0.0177289 0
0.0176021 0
0.0174701 0
0.0169676 0
0.0166081 0
0.0164755 0
0.0161972 0
0.0160691 0
0.0159323 0
0.0155214 0
0.0153892 0
0.0150119 0
0.0148899 0
0.0146342 0
0.0144987 0
0.0143733 0
0.0142411 0
0.0141126 0
0.0137273 0
0.0136012 0
0.0133532 0
0.0132177 0
0.013094 0
0.0129649 0
0.0128304 0
0.0126992 0
0.012564 0
0.0123145 0
0.0120372 0
0.0119135 0
0.0117938 0
0.0115426 0
0.011281 0
0.011153 0
0.0110218 0
0.0107838 0
0.0105161 0
0.0102625 0
0.00999734 0
0.00986437 0
0.00973547 0
0.00960624 0
0.00948138 0
0.00935249 0
0.00922716 0
0.00909937 0
0.00897624 0
0.00883976 0
0.00870131 0
0.00832063 0
0.00820795 0
0.00799398 0
0.00786148 0
0.00772258 0
0.00758673 0
0.0074578 0
0.00732734 0
0.00719812 0
0.0070624 0
0.00679187 0
0.00665764 0
0.00652695 0
0.00638272 0
0.00625505 0
0.00612872 0
0.00600575 0
0.00588043 0
0.00575308 0
0.00561473 0
0.00549789 0
0.00537944 0
0.00523903 0
0.00499485 0
0.00486876 0
0.00474148 0
0.00461268 0
0.00449284 0
0.00436105 0
0.00397166 0
0.00383986 0
0.00371629 0
0.00345015 0
0.00331666 0
0.00318547 0
0.0030502 0
0.00292811 0
0.00265795 0
0.00252648 0
0.00239429 0
0.00214541 0
0.00201645 0
0.00188107 0
0.00176473 0
0.0016279 0
0.00150118 0
0.00124828 0
0.00112388 0
0.00099699 0
0.000889218 0
0.000756921 0
0.00062607 0
0.000502307 0
0.000374857 0
0.000245358 0
0.000121955 0
0 0
