0.128463 1
0.128329 1
0.128204 1
0.12807 1
0.127947 1
0.127831 1
0.127695 1
0.127571 1
0.127443 1
0.127312 1
0.127186 1
0.127064 1
0.126932 1
0.126805 1
0.126675 1
0.126552 1
0.126306 1
0.126177 1
0.126043 1
0.125907 1
0.125778 1
0.125652 1
0.125533 1
0.125424 1
0.125317 1
0.125062 1
0.124786 1
0.124661 1
0.124538 1
0.124419 1
0.124284 1
0.124159 1
0.12391 1
0.123791 1
0.123657 1
0.123402 1
0.123272 1
0.123021 1
0.122778 1
0.122522 1
0.12238 1
0.122132 1
0.121872 1
0.121619 1
0.121359 1
0.120984 1
0.120868 1
0.12036 1
0.119973 1
0.119846 1
0.119594 1
0.11884 1
0.118711 1
0.118446 1
0.11769 1
0.117331 1
0.116947 1
0.116689 1
0.116554 1
0.116296 1
0.116032 1
0.115905 1
0.115134 1
0.114741 1
0.114608 1
0.114481 1
0.114234 1
0.113879 0
0.113767 0
0.11364 0
0.11326 0
0.113012 0
0.112524 0
0.11241 0
0.111751 0
0.111351 0
0.111241 0
0.110581 0
0.110316 0
0.109939 0
0.109542 0
0.109429 0
0.108779 0
0.108382 0
0.108252 0
0.107856 0
0.107478 0
0.107103 0
0.106748 0
0.106624 0
0.106487 0
0.106009 0
0.105491 0
0.104608 0
0.103978 0
0.103364 0
0.102583 0
0.101836 0
0.101448 0
0.100694 0
0.100312 0
0.100057 0
0.099798 0
0.0993847 0
0.0985916 0
0.0984675 0
0.0978395 0
0.0977062 0
0.0969556 0
0.0961976 0
0.095547 0
0.095012 0
0.0946262 0
0.0943604 0
0.0938428 0
0.0933483 0
0.093216 0
0.0928369 0
0.0922062 0
0.0914859 0
0.0904687 0
0.0895623 0
0.0890561 0
0.0886796 0
0.0883166 0
0.0880645 0
0.0871507 0
0.0869208 0
0.0865497 0
0.0863107 0
0.0857953 0
0.0854267 0
0.0850117 0
0.0843726 0
0.0841201 0
0.0838608 0
0.0829561 0
0.0824632 0
0.0820797 0
0.0816971 0
0.0814425 0
0.0811837 0
0.0806584 0
0.0802591 0
0.0798863 0
0.0794749 0
0.0789662 0
0.0783451 0
0.0778275 0
0.0770602 0
0.07657 0
0.0764485 0
0.0752939 0
0.0745355 0
0.0738918 0
0.0735219 0
0.0732584 0
0.0724809 0
0.0723563 0
0.0715966 0
0.0710999 0
0.0701686 0
0.0695314 0
0.0687905 0
0.0677601 0
0.0671062 0
0.0667094 0
0.0664391 0
0.065923 0
0.0648907 0
0.0643762 0
0.0639904 0
0.0635913 0
0.0634659 0
0.063199 0
0.0629312 0
0.0624176 0
0.0618508 0
0.06108 0
0.0602936 0
0.0600488 0
0.059797 0
0.059546 0
0.0592843 0
0.058766 0
0.0585191 0
0.0581387 0
0.0576307 0
0.057377 0
0.0571169 0
0.056482 0
0.0559648 0
0.0558356 0
0.0551955 0
0.0546988 0
0.0543154 0
0.0540594 0
0.0531602 0
0.0526517 0
0.0517382 0
0.0511116 0
0.0508694 0
0.0503459 0
0.0497018 0
0.0485697 0
0.0479077 0
0.047519 0
0.0472598 0
0.0467394 0
0.046232 0
0.0459773 0
0.045602 0
0.0452219 0
0.0446909 0
0.0443185 0
0.044067 0
0.0436739 0
0.0434201 0
0.0431729 0
0.0429282 0
0.0421712 0
0.0415214 0
0.0412686 0
0.0404885 0
0.0403688 0
0.0402571 0
0.0397324 0
0.0390885 0
0.0386775 0
0.0383009 0
0.0377893 0
0.0370359 0
0.036787 0
0.0360415 0
0.0356569 0
0.0351678 0
0.0350349 0
0.0349063 0
0.0345129 0
0.0341229 0
0.0330734 0
0.0325672 0
0.0324179 0
0.0315226 0
0.0307499 0
0.0304994 0
0.0296159 0
0.0291236 0
0.0288622 0
0.028101 0
0.0277018 0
0.0273298 0
0.0268134 0
0.0260901 0
0.02545 0
0.0250866 0
0.0245822 0
0.0243229 0
0.024199 0
0.0239446 0
0.0238133 0
0.023164 0
0.0226702 0
0.0225424 0
0.0222999 0
0.0217971 0
0.0215387 0
0.0207911 0
0.020511 0
0.020122 0
0.0197444 0
0.0194774 0
0.018689 0
0.0181785 0
0.0176611 0
0.0171382 0
0.0170123 0
0.0166271 0
0.0164949 0
0.0161246 0
0.0157435 0
0.0154855 0
0.0150844 0
0.0148348 0
0.0147012 0
0.0144507 0
0.0141935 0
0.0139355 0
0.0136782 0
0.0134189 0
0.0132871 0
0.0130248 0
0.0126338 0
0.0122611 0
0.0121492 0
0.0117558 0
0.0113886 0
0.0112744 0
0.0111378 0
0.0109063 0
0.010642 0
0.0103925 0
0.0102688 0
0.00974287 0
0.00961764 0
0.00935077 0
0.00922797 0
0.00910948 0
0.00898212 0
0.00885057 0
0.00872646 0
0.00848371 0
0.00836428 0
0.00824192 0
0.00811136 0
0.00798483 0
0.00785718 0
0.00761216 0
0.00721835 0
0.00709029 0
0.00670625 0
0.00658198 0
0.00645339 0
0.0061906 0
0.00592576 0
0.00581191 0
0.00568328 0
0.00541483 0
0.00528602 0
0.00516011 0
0.00502893 0
0.00476956 0
0.00464049 0
0.00450708 0
0.00437293 0
0.00424947 0
0.00412096 0
0.0040085 0
0.00388191 0
0.00375313 0
0.00338606 0
0.00325607 0
0.00312109 0
0.00299979 0
0.00286677 0
0.00273641 0
0.00260394 0
0.00234303 0
0.00208198 0
0.00195121 0
0.00182415 0
0.00142456 0
0.00129172 0
0.0011669 0
0.00103348 0
0.000904499 0
0.000782085 0
0.000642278 0
0.000521372 0
0.000392507 0
0.000263043 0
0.00013169 0
0 0
