0.200732 3
0.200616 3
0.2005 3
0.200377 3
0.200252 3
0.200127 3
0.199932 2
0.199806 2
0.199541 2
0.199431 2
0.199312 2
0.199174 2
0.199038 2
0.198904 2
0.198775 2
0.198655 2
0.198538 2
0.198406 2
0.198282 2
0.19816 2
0.198031 2
0.197921 2
0.19766 2
0.197531 2
0.197285 2
0.19717 2
0.196791 2
0.196661 2
0.196535 2
0.196402 2
0.196153 2
0.196024 2
0.195898 2
0.195626 2
0.195501 2
0.195266 2
0.194873 2
0.194733 2
0.194466 2
0.194343 2
0.193982 2
0.193855 2
0.19372 2
0.193605 2
0.193345 2
0.192989 2
0.192729 2
0.1926 2
0.192475 2
0.192101 2
0.191586 2
0.191465 2
0.191005 2
0.190387 2
0.190123 2
0.190002 2
0.189878 2
0.189762 2
0.18963 2
0.18938 2
0.18914 2
0.188754 2
0.18863 2
0.188368 2
0.188242 2
0.188116 2
0.187848 2
0.187361 2
0.186334 2
0.186226 2
0.185849 2
0.185317 2
0.184691 2
0.184342 2
0.183842 2
0.183709 2
0.183302 2
0.182902 2
0.182628 2
0.182125 2
0.181892 2
0.181658 2
0.181522 2
0.181383 2
0.180736 2
0.180355 2
0.179856 2
0.17932 2
0.178825 2
0.17831 2
0.177795 2
0.177538 2
0.177285 2
0.176644 2
0.176292 1
0.175792 1
0.175411 1
0.175058 1
0.174798 1
0.174565 1
0.174297 1
0.174069 1
0.173802 1
0.173555 1
0.173174 1
0.172537 1
0.172168 1
0.171676 1
0.171435 1
0.170283 1
0.1699 1
0.169648 1
0.168866 1
0.168624 1
0.168245 1
0.167999 1
0.166952 1
0.166691 1
0.166063 1
0.165398 1
0.165274 1
0.164894 1
0.16451 1
0.163893 1
0.163382 1
0.162806 0
0.161921 0
0.161411 0
0.161152 0
0.160648 0
0.159611 0
0.159224 0
0.15884 0
0.158345 0
0.157624 0
0.156744 0
0.156345 0
0.155344 0
0.154046 0
0.153535 0
0.15266 0
0.15139 0
0.15047 0
0.149458 0
0.148954 0
0.148058 0
0.147544 0
0.146653 0
0.1464 0
0.145254 0
0.14462 0
0.143608 0
0.142953 0
0.142057 0
0.141814 0
0.141033 0
0.140267 0
0.139268 0
0.138509 0
0.137897 0
0.137773 0
0.136625 0
0.135356 0
0.134972 0
0.134215 0
0.133816 0
0.133143 0
0.132625 0
0.132362 0
0.132243 0
0.131089 0
0.130202 0
0.129942 0
0.129012 0
0.128138 0
0.127636 0
0.126766 0
0.125877 0
0.125241 0
0.124623 0
0.124222 0
0.123715 0
0.122847 0
0.122331 0
0.121433 0
0.120534 0
0.119638 0
0.118488 0
0.11771 0
0.116774 0
0.115761 0
0.115027 0
0.114508 0
0.114121 0
0.113081 0
0.112305 0
0.111435 0
0.110134 0
0.109252 0
0.108332 0
0.107557 0
0.106676 0
0.106027 0
0.105121 0
0.104217 0
0.103049 0
0.102297 0
0.101801 0
0.100899 0
0.0999872 0
0.0990931 0
0.0983506 0
0.0975627 0
0.0971676 0
0.0953818 0
0.0948739 0
0.0942097 0
0.0938259 0
0.0920478 0
0.0916788 0
0.0909308 0
0.0904683 0
0.0900968 0
0.0894473 0
0.0889382 0
0.088162 0
0.0875083 0
0.0865995 0
0.0862204 0
0.0853104 0
0.0845449 0
0.0838997 0
0.0830923 0
0.0827209 0
0.0821914 0
0.0814099 0
0.0801161 0
0.0792188 0
0.0783316 0
0.0767721 0
0.0763907 0
0.0753387 0
0.074421 0
0.0731225 0
0.072356 0
0.0719896 0
0.071222 0
0.0703476 0
0.0696955 0
0.0692001 0
0.0688236 0
0.0683172 0
0.0677983 0
0.0673032 0
0.0666365 0
0.0661253 0
0.0656154 0
0.0649615 0
0.0640751 0
0.063068 0
0.0628221 0
0.0625712 0
0.0620477 0
0.0611796 0
0.0603903 0
0.0593444 0
0.0586759 0
0.0579305 0
0.0571575 0
0.0563768 0
0.055723 0
0.0549605 0
0.054053 0
0.0536868 0
0.0525458 0
0.0517597 0
0.0510025 0
0.0502214 0
0.0496971 0
0.0491762 0
0.0487685 0
0.0478678 0
0.0473746 0
0.0464641 0
0.0460756 0
0.0455671 0
0.0449515 0
0.0439367 0
0.0431841 0
0.0424013 0
0.041905 0
0.0414075 0
0.0406469 0
0.0396088 0
0.0386869 0
0.0380396 0
0.0375061 0
0.0369826 0
0.0364876 0
0.036099 0
0.0354673 0
0.0340928 0
0.0334455 0
0.0333282 0
0.0329272 0
0.0326822 0
0.0325543 0
0.0321652 0
0.0312771 0
0.0308826 0
0.030245 0
0.0294712 0
0.0288392 0
0.0282226 0
0.0279476 0
0.0271626 0
0.0265491 0
0.0262979 0
0.0260615 0
0.0256778 0
0.0255641 0
0.0251755 0
0.0250412 0
0.0245246 0
0.0242714 0
0.0237696 0
0.0233757 0
0.02286 0
0.0221179 0
0.0219844 0
0.0211933 0
0.0209397 0
0.0204264 0
0.0196791 0
0.0193045 0
0.0189363 0
0.0184096 0
0.0181215 0
0.0179982 0
0.0177329 0
0.0174691 0
0.0169446 0
0.0168284 0
0.0165547 0
0.0162956 0
0.015776 0
0.0152529 0
0.0150191 0
0.0146542 0
0.0143919 0
0.0138804 0
0.0137545 0
0.0134875 0
0.0132221 0
0.0130906 0
0.0128463 0
0.012719 0
0.0125801 0
0.0122058 0
0.0120737 0
0.0118151 0
0.0115728 0
0.0111873 0
0.0110661 0
0.010931 0
0.0106848 0
0.010416 0
0.0101446 0
0.00975811 0
0.0093957 0
0.00887224 0
0.00876 0
0.00837217 0
0.00823764 0
0.00771093 0
0.00757823 0
0.00706709 0
0.00694374 0
0.00681302 0
0.00668484 0
0.00656011 0
0.00631149 0
0.00590977 0
0.0057769 0
0.00551962 0
0.00538653 0
0.00526032 0
0.00512599 0
0.00486685 0
0.00473163 0
0.00434518 0
0.0040817 0
0.0039447 0
0.00382222 0
0.00357086 0
0.00343451 0
0.00317754 0
0.00304724 0
0.00291387 0
0.00277907 0
0.00265058 0
0.00251851 0
0.00225468 0
0.00212149 0
0.00198911 0
0.00185457 0
0.00172108 0
0.0015833 0
0.00145009 0
0.00132011 0
0.00119015 0
0.00106453 0
0.000924015 0
0.00079362 0
0.000657149 0
0.000397294 0
0.000270758 0
0.000128305 0
0 0
