0.715916 132 106.29
0.715916 131 106.43
0.715916 130 106.51
0.715722 130 106.53
0.715722 129 106.54
0.715722 128 106.55
0.715722 127 106.59
0.715722 126 106.61
0.715722 124 106.62
0.715529 124 106.63
0.715336 123 106.65
0.715142 123 106.66
0.715142 122 106.67
0.715142 121 106.69
0.714949 121 106.7
0.714755 120 106.72
0.714562 119 106.73
0.714369 119 106.76
0.714175 119 106.8
0.713595 119 106.83
0.713402 119 106.85
0.713208 119 106.86
0.713015 118 106.87
0.713015 117 106.89
0.713015 116 106.9
0.712822 115 106.91
0.712628 115 106.92
0.712435 115 106.93
0.712241 114 106.94
0.712048 114 106.95
0.711855 114 106.96
0.711468 114 106.97
0.711081 111 106.98
0.710694 109 106.99
0.710307 109 107.01
0.709921 107 107.02
0.709921 106 107.03
0.709921 103 107.04
0.709921 102 107.05
0.709534 101 107.06
0.709341 98 107.07
0.709341 97 107.08
0.708567 97 107.09
0.708374 97 107.1
0.70818 96 107.11
0.707987 96 107.12
0.707793 96 107.13
0.707213 96 107.14
0.706633 95 107.15
0.706246 95 107.16
0.706053 94 107.17
0.70586 93 107.18
0.705473 91 107.19
0.705086 91 107.2
0.704506 90 107.21
0.703539 88 107.22
0.702959 86 107.23
0.702379 86 107.24
0.701798 86 107.25
0.701412 84 107.26
0.701025 83 107.27
0.700058 82 107.28
0.699865 81 107.29
0.698704 79 107.3
0.697931 77 107.31
0.697544 74 107.32
0.69677 72 107.33
0.696577 71 107.34
0.695997 71 107.35
0.695417 70 107.36
0.694643 69 107.37
0.694063 68 107.38
0.693096 68 107.39
0.692903 68 107.4
0.692516 66 107.41
0.692323 66 107.42
0.691742 65 107.43
0.690969 64 107.44
0.690775 63 107.45
0.689809 63 107.46
0.689035 62 107.47
0.688068 62 107.48
0.687488 60 107.49
0.686908 57 107.5
0.685941 56 107.51
0.684781 56 107.52
0.6842 56 107.53
0.68362 56 107.54
0.682847 56 107.55
0.682073 55 107.56
0.681493 54 107.57
0.680913 53 107.58
0.679752 53 107.59
0.678592 53 107.6
0.677238 51 107.61
0.676272 51 107.62
0.675111 51 107.63
0.673757 51 107.64
0.672984 49 107.65
0.67221 49 107.66
0.671243 48 107.67
0.669696 48 107.68
0.668536 47 107.69
0.667956 47 107.7
0.666022 47 107.71
0.664088 47 107.72
0.662154 47 107.73
0.660801 45 107.74
0.658867 44 107.75
0.657513 43 107.76
0.655966 43 107.77
0.652678 43 107.78
0.651518 43 107.79
0.649971 43 107.8
0.649004 43 107.81
0.64765 43 107.82
0.646297 41 107.83
0.643976 41 107.84
0.643009 40 107.85
0.642042 39 107.86
0.640495 37 107.87
0.637788 37 107.88
0.636241 37 107.89
0.63334 36 107.9
0.631986 34 107.91
0.630246 34 107.92
0.628505 34 107.93
0.626184 33 107.94
0.624251 31 107.95
0.622123 31 107.96
0.618449 29 107.97
0.617675 29 107.98
0.615161 28 107.99
0.612261 28 108
0.610133 26 108.01
0.608586 24 108.02
0.605879 24 108.03
0.604332 23 108.04
0.602591 21 108.05
0.601044 20 108.06
0.596596 20 108.07
0.594856 20 108.08
0.594082 20 108.09
0.592149 20 108.1
0.590021 19 108.11
0.587314 18 108.12
0.585187 18 108.13
0.581899 17 108.14
0.578225 17 108.15
0.576291 17 108.16
0.57397 15 108.17
0.570876 15 108.18
0.567588 14 108.19
0.563914 14 108.2
0.561594 14 108.21
0.559466 13 108.22
0.555792 13 108.23
0.551924 13 108.24
0.549217 13 108.25
0.545156 13 108.26
0.541868 12 108.27
0.539354 11 108.28
0.53684 11 108.29
0.533166 11 108.3
0.530265 11 108.31
0.527171 11 108.32
0.523883 11 108.33
0.520596 10 108.34
0.518275 9 108.35
0.513827 9 108.36
0.51054 9 108.37
0.507445 9 108.38
0.503964 9 108.39
0.500677 8 108.4
0.497969 8 108.41
0.493908 8 108.42
0.491201 8 108.43
0.4883 8 108.44
0.484819 8 108.45
0.481532 8 108.46
0.477857 8 108.47
0.472636 7 108.48
0.469155 7 108.49
0.466061 6 108.5
0.462773 6 108.51
0.459292 6 108.52
0.455618 5 108.53
0.452717 5 108.54
0.447302 5 108.55
0.443048 5 108.56
0.43918 4 108.57
0.433959 4 108.58
0.431058 4 108.59
0.426417 3 108.6
0.424289 3 108.61
0.421582 3 108.62
0.415974 3 108.63
0.41288 3 108.64
0.408238 3 108.65
0.404564 2 108.66
0.398762 2 108.67
0.393154 2 108.68
0.38948 1 108.69
0.385612 1 108.7
0.382905 1 108.71
0.380197 1 108.72
0.375556 1 108.73
0.373042 1 108.74
0.368787 1 108.75
0.364533 1 108.76
0.360472 1 108.77
0.353897 1 108.78
0.349449 1 108.79
0.344614 1 108.8
0.34036 1 108.81
0.335332 1 108.82
0.33011 1 108.83
0.325082 1 108.84
0.320441 1 108.85
0.31696 1 108.86
0.312512 1 108.87
0.307871 1 108.88
0.30381 1 108.89
0.299555 1 108.9
0.295494 1 108.91
0.292207 0 108.92
0.288532 0 108.93
0.283698 0 108.94
0.27925 0 108.95
0.274222 0 108.96
0.26958 0 108.97
0.264939 0 108.98
0.259911 0 108.99
0.256623 0 109
0.252949 0 109.01
0.249081 0 109.02
0.245214 0 109.03
0.242893 0 109.04
0.238445 0 109.05
0.235158 0 109.06
0.229549 0 109.07
0.224521 0 109.08
0.221427 0 109.09
0.217173 0 109.1
0.213692 0 109.11
0.210404 0 109.12
0.20731 0 109.13
0.204022 0 109.14
0.200928 0 109.15
0.197641 0 109.16
0.192226 0 109.17
0.187971 0 109.18
0.185651 0 109.19
0.184297 0 109.2
0.18159 0 109.21
0.177915 0 109.22
0.174434 0 109.23
0.17134 0 109.24
0.16902 0 109.25
0.166312 0 109.26
0.164185 0 109.27
0.160511 0 109.28
0.15877 0 109.29
0.154129 0 109.3
0.149488 0 109.31
0.14678 0 109.32
0.143106 0 109.33
0.141172 0 109.34
0.137691 0 109.35
0.13595 0 109.36
0.133243 0 109.37
0.129762 0 109.38
0.128022 0 109.39
0.125508 0 109.4
0.122027 0 109.41
0.119706 0 109.42
0.117385 0 109.43
0.113904 0 109.44
0.112551 0 109.45
0.108876 0 109.46
0.107136 0 109.47
0.105589 0 109.48
0.101915 0 109.49
0.0992071 0 109.5
0.09766 0 109.51
0.0945658 0 109.52
0.0920518 0 109.53
0.0889576 0 109.54
0.0862502 0 109.55
0.0837362 0 109.56
0.0812222 0 109.57
0.0796751 0 109.58
0.078128 0 109.59
0.0771611 0 109.6
0.075614 0 109.61
0.0742603 0 109.62
0.0734868 0 109.63
0.0709727 0 109.64
0.0692323 0 109.65
0.0678786 0 109.66
0.0661381 0 109.67
0.064591 0 109.68
0.0632373 0 109.69
0.0614968 0 109.7
0.0591762 0 109.71
0.0570489 0 109.72
0.0555018 0 109.73
0.0541481 0 109.74
0.0524077 0 109.75
0.051054 0 109.76
0.0498936 0 109.77
0.0481532 0 109.78
0.0464127 0 109.79
0.045059 0 109.8
0.0438987 0 109.81
0.0423516 0 109.82
0.0411913 0 109.83
0.0400309 0 109.84
0.0396442 0 109.85
0.0382905 0 109.86
0.0363566 0 109.87
0.0353897 0 109.88
0.0348095 0 109.89
0.0344227 0 109.9
0.0338426 0 109.91
0.0328757 0 109.92
0.0319087 0 109.93
0.0301682 0 109.94
0.0295881 0 109.95
0.0288145 0 109.96
0.0272675 0 109.97
0.0264939 0 109.98
0.0261071 0 109.99
0.0243667 0 110
0.0237865 0 110.01
0.023013 0 110.02
0.0210791 0 110.03
0.0197254 0 110.04
0.0193386 0 110.05
0.0183717 0 110.06
0.0179849 0 110.07
0.0175981 0 110.08
0.017018 0 110.09
0.0166312 0 110.1
0.0158577 0 110.11
0.0154709 0 110.12
0.0143106 0 110.13
0.0141172 0 110.14
0.013537 0 110.15
0.0131503 0 110.16
0.0127635 0 110.17
0.0125701 0 110.19
0.0121833 0 110.2
0.0117966 0 110.21
0.0112164 0 110.22
0.0106362 0 110.23
0.0102495 0 110.24
0.0098627 0 110.25
0.00947592 0 110.26
0.00908915 0 110.27
0.00889576 0 110.28
0.00850899 0 110.29
0.00812222 0 110.3
0.00792883 0 110.31
0.00734868 0 110.32
0.00715529 0 110.33
0.0069619 0 110.35
0.00657513 0 110.36
0.00638174 0 110.38
0.00618836 0 110.39
0.0056082 0 110.4
0.00502804 0 110.41
0.00483465 0 110.42
0.00444788 0 110.43
0.00386772 0 110.44
0.00367434 0 110.46
0.00348095 0 110.47
0.00328757 0 110.5
0.00309418 0 110.51
0.00270741 0 110.54
0.00232063 0 110.56
0.00193386 0 110.68
0.00174048 0 110.7
0.0013537 0 110.71
0.00116032 0 110.76
0.000966931 0 110.79
0.000773545 0 110.89
0.000580159 0 110.9
0.000386772 0 110.92
0.000193386 0 111.01
0 0 1.79769e+308
