0.422776 67
0.422658 67
0.422523 67
0.422401 67
0.422266 67
0.422165 67
0.422059 67
0.421937 67
0.421937 66
0.421937 65
0.421803 65
0.421675 65
0.421409 65
0.421313 64
0.421185 64
0.421067 64
0.420937 64
0.420937 63
0.420327 61
0.419953 60
0.419893 59
0.419782 59
0.419569 59
0.419061 59
0.418811 59
0.418309 59
0.417687 59
0.417183 59
0.417183 58
0.41705 57
0.416514 57
0.416015 57
0.415894 57
0.415563 56
0.415299 56
0.41509 55
0.414844 55
0.414588 55
0.414241 54
0.413655 54
0.412893 54
0.412235 54
0.41162 54
0.411378 54
0.410781 52
0.410256 52
0.40953 51
0.409018 50
0.408105 50
0.407986 50
0.407471 50
0.407219 50
0.406739 49
0.406237 49
0.405463 49
0.404482 49
0.403735 49
0.402598 49
0.401723 48
0.401029 47
0.400092 47
0.399587 47
0.398231 47
0.397301 45
0.396321 45
0.395548 45
0.394925 45
0.394097 44
0.393111 44
0.392365 44
0.391359 44
0.390502 44
0.389262 44
0.388517 43
0.387222 41
0.385126 39
0.383932 38
0.382257 38
0.380708 38
0.379522 38
0.37872 38
0.377684 37
0.376625 36
0.375324 35
0.373628 34
0.373046 33
0.370493 32
0.368341 32
0.367227 32
0.365841 32
0.364423 32
0.363201 31
0.361099 30
0.360294 30
0.359051 29
0.357779 27
0.356409 26
0.355534 26
0.353535 26
0.351394 25
0.349535 24
0.347807 22
0.346233 22
0.344221 21
0.342995 21
0.340413 21
0.338197 21
0.33696 20
0.335285 18
0.333516 18
0.331365 18
0.329454 18
0.328066 18
0.326959 18
0.325606 18
0.3236 18
0.321154 16
0.318578 16
0.316658 16
0.314645 16
0.313263 16
0.310874 16
0.308291 16
0.306306 16
0.30458 15
0.302176 14
0.299964 13
0.29678 13
0.29536 13
0.293998 13
0.291273 12
0.289646 12
0.287453 12
0.286462 12
0.283737 11
0.281387 10
0.278823 10
0.275648 8
0.27316 8
0.271412 8
0.268673 7
0.26554 7
0.263416 7
0.261218 7
0.258216 7
0.254883 7
0.252646 7
0.250458 7
0.247971 7
0.245387 7
0.242989 7
0.240752 7
0.239137 7
0.235557 7
0.232015 7
0.229879 7
0.226664 7
0.223341 7
0.220196 7
0.216918 7
0.214115 7
0.211374 7
0.208282 7
0.20589 7
0.203513 6
0.199861 6
0.19685 6
0.193643 6
0.18971 6
0.186424 6
0.183785 5
0.181606 5
0.179702 5
0.17765 5
0.174381 4
0.171214 4
0.169536 4
0.166504 3
0.163624 3
0.160473 3
0.158947 3
0.156719 2
0.154362 2
0.151901 2
0.148624 2
0.146583 2
0.143586 2
0.139538 2
0.136497 2
0.1347 2
0.132252 2
0.129685 2
0.127652 2
0.124793 2
0.121081 2
0.118617 2
0.116865 2
0.114154 2
0.111864 2
0.110701 2
0.108467 1
0.106453 1
0.104899 1
0.102888 1
0.101066 1
0.0996855 1
0.0976543 0
0.09586 0
0.0934279 0
0.091558 0
0.0897418 0
0.0879381 0
0.0862204 0
0.0844429 0
0.082222 0
0.0806481 0
0.0788841 0
0.0770874 0
0.0759327 0
0.0735821 0
0.0717999 0
0.0703904 0
0.069259 0
0.0675997 0
0.0655142 0
0.0642362 0
0.0628277 0
0.0618068 0
0.060002 0
0.0583254 0
0.0571878 0
0.0563098 0
0.0547162 0
0.0530431 0
0.0514968 0
0.0505848 0
0.0496553 0
0.0480067 0
0.0465679 0
0.0452086 0
0.0441771 0
0.0428904 0
0.0410144 0
0.0402291 0
0.0394633 0
0.0381937 0
0.0369239 0
0.0356132 0
0.0348435 0
0.033695 0
0.032809 0
0.032558 0
0.0318231 0
0.0309237 0
0.0298803 0
0.0288374 0
0.0283257 0
0.0276767 0
0.0262805 0
0.0252211 0
0.0247246 0
0.0243617 0
0.0237276 0
0.0228439 0
0.0222106 0
0.0219464 0
0.0206545 0
0.0201301 0
0.0195009 0
0.0185974 0
0.0178118 0
0.0172994 0
0.0165224 0
0.0159874 0
0.0149702 0
0.013655 0
0.0127672 0
0.0126283 0
0.0123687 0
0.0117256 0
0.0115124 0
0.0110369 0
0.0104297 0
0.00991926 0
0.00965794 0
0.00938382 0
0.00925082 0
0.00899572 0
0.00847513 0
0.00782165 0
0.00769214 0
0.00743471 0
0.00730342 0
0.00692858 0
0.00642328 0
0.00601169 0
0.00587375 0
0.00552323 0
0.00525048 0
0.00472625 0
0.00403669 0
0.00389323 0
0.00364685 0
0.00338856 0
0.00314272 0
0.00288309 0
0.00261365 0
0.00223147 0
0.00208572 0
0.00196281 0
0.00184563 0
0.00173241 0
0.00160302 0
0.00133385 0
0.00119669 0
0.00106659 0
0.000919366 0
0.000785481 0
0.000649026 0
0.000516706 0
0.000389662 0
0.00026609 0
0.000130156 0
0 0
