0.661768 268 -0.9
0.661768 267 -0.36
0.661574 267 -0.25
0.661574 266 -0.18
0.661574 265 -0.16
0.661574 264 -0.06
0.661574 263 0.08
0.661574 262 0.16
0.661574 261 0.28
0.661574 260 0.3
0.661381 260 0.35
0.661187 260 0.37
0.660994 260 0.48
0.660994 259 0.53
0.660994 258 0.56
0.660994 257 0.57
0.660801 256 0.66
0.660607 256 0.69
0.660607 255 0.83
0.660414 255 0.85
0.66022 255 0.86
0.66022 254 0.87
0.66022 253 0.91
0.660027 253 0.95
0.659834 253 0.96
0.659834 252 0.97
0.65964 251 1.02
0.65964 250 1.03
0.659447 250 1.04
0.659254 250 1.06
0.659254 249 1.09
0.65906 249 1.1
0.65906 248 1.11
0.658867 247 1.14
0.658867 245 1.16
0.658867 244 1.17
0.658867 243 1.18
0.65848 243 1.25
0.65848 242 1.27
0.65848 241 1.31
0.65848 240 1.32
0.65848 239 1.37
0.65848 238 1.38
0.65848 237 1.4
0.658287 237 1.46
0.658093 237 1.48
0.658093 236 1.5
0.658093 234 1.54
0.658093 233 1.55
0.658093 232 1.57
0.657706 232 1.6
0.657513 232 1.64
0.657513 231 1.68
0.657513 230 1.71
0.657513 228 1.77
0.657513 227 1.78
0.657513 226 1.82
0.657513 224 1.83
0.657513 223 1.84
0.65732 221 1.85
0.657126 221 1.86
0.656933 221 1.89
0.656933 220 1.91
0.656933 219 1.92
0.656933 218 1.93
0.656933 217 1.95
0.656933 216 1.96
0.65674 215 1.97
0.656546 215 1.99
0.656546 214 2
0.656353 212 2.03
0.656353 211 2.04
0.656159 210 2.08
0.655966 209 2.09
0.655773 209 2.1
0.655773 208 2.11
0.655579 208 2.12
0.655386 208 2.13
0.654806 206 2.14
0.654806 205 2.16
0.654806 203 2.18
0.654419 202 2.2
0.654225 202 2.21
0.654032 202 2.22
0.654032 201 2.25
0.653839 201 2.26
0.653645 200 2.28
0.653452 200 2.33
0.653259 200 2.35
0.653065 200 2.36
0.652872 200 2.39
0.652872 199 2.4
0.652485 199 2.41
0.652098 198 2.42
0.652098 197 2.47
0.651711 197 2.48
0.651518 197 2.49
0.650745 197 2.51
0.650745 196 2.52
0.650745 195 2.53
0.650551 195 2.54
0.650358 194 2.55
0.649971 194 2.57
0.649584 194 2.6
0.649391 192 2.61
0.649197 191 2.63
0.649004 191 2.64
0.649004 189 2.66
0.649004 187 2.7
0.648811 186 2.71
0.648617 185 2.72
0.648617 184 2.73
0.648231 184 2.75
0.648037 184 2.76
0.647844 182 2.77
0.64765 182 2.78
0.647457 182 2.79
0.647264 182 2.8
0.64707 182 2.81
0.646683 180 2.83
0.64649 180 2.85
0.646297 180 2.87
0.645716 180 2.88
0.645523 180 2.9
0.64533 179 2.91
0.645136 178 2.92
0.645136 177 2.95
0.64475 177 2.96
0.644363 177 2.97
0.644169 177 2.98
0.643976 177 2.99
0.643783 176 3
0.643396 176 3.01
0.643396 175 3.02
0.643009 175 3.03
0.642622 175 3.04
0.642236 175 3.06
0.642236 174 3.08
0.641849 172 3.09
0.641655 172 3.1
0.641462 172 3.11
0.641462 171 3.12
0.641462 170 3.13
0.641269 170 3.15
0.640882 169 3.2
0.640302 169 3.21
0.639915 168 3.22
0.638755 166 3.23
0.638368 166 3.25
0.637981 166 3.27
0.637401 164 3.29
0.637401 163 3.3
0.637401 161 3.31
0.637014 161 3.33
0.636627 160 3.34
0.636627 159 3.35
0.636241 158 3.36
0.635854 157 3.37
0.635274 157 3.38
0.635274 156 3.39
0.634887 155 3.4
0.634307 155 3.41
0.633727 153 3.42
0.633727 152 3.43
0.633146 151 3.44
0.633146 150 3.45
0.633146 149 3.46
0.633146 148 3.47
0.632953 148 3.48
0.63276 146 3.49
0.63276 145 3.5
0.632373 145 3.51
0.632179 144 3.52
0.632179 142 3.53
0.631599 140 3.55
0.631406 140 3.56
0.631019 139 3.57
0.631019 137 3.58
0.630826 137 3.59
0.630632 137 3.6
0.630246 137 3.61
0.630246 136 3.62
0.629859 136 3.64
0.629859 134 3.65
0.629665 131 3.66
0.629472 130 3.67
0.629279 129 3.68
0.628892 128 3.69
0.628699 128 3.7
0.627732 128 3.71
0.627538 126 3.72
0.627151 125 3.73
0.626765 124 3.74
0.626571 124 3.75
0.626571 123 3.76
0.626184 123 3.77
0.625604 122 3.78
0.625024 122 3.79
0.624831 122 3.8
0.624637 121 3.81
0.624444 120 3.82
0.624251 120 3.83
0.624057 120 3.84
0.623864 120 3.85
0.623864 119 3.86
0.62367 119 3.87
0.62309 116 3.88
0.622704 115 3.89
0.62251 115 3.9
0.62193 115 3.92
0.621156 114 3.93
0.62077 114 3.95
0.62019 111 3.96
0.619996 111 3.97
0.619803 109 3.98
0.619803 108 3.99
0.619416 108 4
0.619029 107 4.01
0.618836 107 4.02
0.618256 106 4.04
0.617869 106 4.05
0.617289 106 4.06
0.617289 104 4.07
0.616902 104 4.08
0.616515 104 4.09
0.616515 103 4.1
0.616128 102 4.11
0.615935 101 4.12
0.615355 101 4.13
0.615161 101 4.14
0.614775 101 4.15
0.614388 99 4.16
0.614195 99 4.17
0.613421 99 4.18
0.613228 98 4.19
0.612647 98 4.2
0.612261 97 4.21
0.611294 96 4.22
0.61052 95 4.23
0.61052 93 4.24
0.610327 93 4.25
0.60936 91 4.26
0.60878 90 4.27
0.607426 90 4.28
0.606652 89 4.29
0.606266 89 4.3
0.606072 89 4.31
0.605492 89 4.32
0.604525 89 4.33
0.603945 89 4.34
0.602785 89 4.35
0.602398 89 4.36
0.601818 89 4.37
0.601431 88 4.38
0.601238 88 4.39
0.601044 86 4.4
0.600464 86 4.41
0.599884 86 4.42
0.599497 86 4.43
0.59853 86 4.44
0.59795 85 4.45
0.597563 85 4.46
0.596596 85 4.47
0.59621 83 4.48
0.596016 83 4.49
0.594856 83 4.5
0.593889 82 4.51
0.593309 81 4.52
0.592922 80 4.53
0.591762 79 4.54
0.591568 78 4.55
0.591182 75 4.56
0.590021 75 4.57
0.589441 75 4.58
0.589054 75 4.59
0.588281 75 4.6
0.588087 74 4.61
0.587894 74 4.62
0.586734 74 4.63
0.585573 74 4.64
0.584413 74 4.65
0.583446 74 4.66
0.583059 74 4.67
0.581899 74 4.68
0.581319 74 4.69
0.580352 74 4.7
0.579965 73 4.71
0.579192 73 4.72
0.578998 72 4.73
0.578031 72 4.74
0.577064 70 4.75
0.576291 68 4.76
0.575324 68 4.77
0.574937 67 4.78
0.574744 66 4.79
0.574164 66 4.8
0.573003 66 4.81
0.57223 66 4.82
0.570489 65 4.83
0.569909 65 4.84
0.569522 65 4.85
0.569136 65 4.86
0.568169 65 4.87
0.567202 65 4.88
0.567008 64 4.89
0.566428 64 4.9
0.565461 63 4.91
0.564881 63 4.92
0.563527 63 4.93
0.563141 63 4.94
0.562367 61 4.95
0.56198 61 4.96
0.561594 61 4.97
0.56082 60 4.98
0.56024 57 4.99
0.559273 56 5
0.558886 56 5.01
0.558113 56 5.02
0.557146 55 5.03
0.556565 54 5.04
0.556372 53 5.05
0.555985 53 5.06
0.555018 53 5.07
0.554825 51 5.08
0.553858 51 5.09
0.553471 50 5.1
0.552504 48 5.11
0.552311 48 5.12
0.552118 48 5.13
0.551344 48 5.14
0.550764 48 5.15
0.54999 47 5.16
0.547863 47 5.17
0.546703 47 5.18
0.546316 47 5.19
0.545542 46 5.2
0.544962 46 5.21
0.544382 46 5.22
0.543802 46 5.23
0.543415 46 5.24
0.543028 46 5.25
0.541675 46 5.26
0.540901 46 5.27
0.539547 46 5.28
0.538774 46 5.29
0.53742 46 5.3
0.536453 45 5.31
0.536067 45 5.32
0.535873 44 5.33
0.535486 43 5.34
0.534906 42 5.35
0.533359 42 5.36
0.532972 42 5.37
0.532392 41 5.38
0.531232 41 5.39
0.530458 41 5.4
0.529685 41 5.41
0.529105 41 5.42
0.528524 41 5.43
0.527558 40 5.44
0.526977 40 5.45
0.526204 40 5.46
0.52485 40 5.47
0.523883 40 5.48
0.522916 40 5.49
0.522336 40 5.5
0.520982 40 5.51
0.519822 40 5.52
0.519435 40 5.53
0.518275 40 5.54
0.518082 40 5.55
0.517888 40 5.56
0.517501 39 5.57
0.516921 39 5.58
0.515568 39 5.59
0.514407 39 5.6
0.513247 38 5.61
0.511893 38 5.62
0.51112 37 5.63
0.51054 36 5.64
0.509186 36 5.65
0.508799 35 5.66
0.508606 35 5.67
0.508412 35 5.68
0.507445 35 5.69
0.506865 35 5.7
0.505898 34 5.71
0.505125 34 5.72
0.504351 34 5.73
0.503964 34 5.74
0.503384 34 5.75
0.502611 33 5.76
0.501837 33 5.77
0.500483 33 5.78
0.499903 31 5.79
0.49971 31 5.8
0.499323 30 5.81
0.498743 30 5.82
0.497969 29 5.83
0.497583 29 5.84
0.496809 29 5.85
0.496036 29 5.86
0.495262 29 5.87
0.494682 29 5.88
0.493328 29 5.89
0.491974 29 5.9
0.491588 29 5.91
0.490814 29 5.92
0.489847 29 5.93
0.48888 29 5.94
0.4883 28 5.95
0.487333 28 5.96
0.48598 28 5.97
0.484432 28 5.98
0.484046 28 5.99
0.483079 28 6
0.482305 27 6.01
0.481532 26 6.02
0.480371 26 6.03
0.479791 26 6.04
0.479211 26 6.05
0.478051 25 6.06
0.477277 24 6.07
0.476504 23 6.08
0.47573 23 6.09
0.475343 23 6.1
0.47457 23 6.11
0.473796 23 6.12
0.473603 23 6.13
0.473409 23 6.14
0.471862 23 6.15
0.470702 23 6.16
0.469542 23 6.17
0.467414 23 6.18
0.466254 23 6.19
0.465287 22 6.2
0.464707 22 6.21
0.46374 22 6.22
0.46316 22 6.23
0.462 22 6.24
0.461419 22 6.25
0.461226 22 6.26
0.460453 21 6.27
0.459872 20 6.28
0.458905 20 6.29
0.458519 20 6.3
0.457552 20 6.31
0.456585 20 6.32
0.456005 20 6.33
0.454651 20 6.34
0.453297 20 6.35
0.452717 20 6.36
0.452524 20 6.37
0.45233 20 6.38
0.450977 20 6.39
0.44943 20 6.4
0.448849 19 6.41
0.448269 19 6.42
0.446722 19 6.43
0.445368 19 6.44
0.444208 19 6.45
0.443048 19 6.46
0.442274 19 6.47
0.441501 18 6.48
0.440147 18 6.49
0.439567 18 6.5
0.438213 18 6.51
0.437246 18 6.52
0.435892 18 6.53
0.434732 18 6.54
0.433572 18 6.55
0.432218 18 6.56
0.431445 17 6.57
0.430478 17 6.58
0.429511 17 6.59
0.428544 17 6.6
0.427964 16 6.61
0.42661 16 6.62
0.425063 16 6.63
0.423516 16 6.64
0.422355 16 6.65
0.421775 16 6.66
0.420808 16 6.67
0.419455 16 6.68
0.419261 16 6.69
0.418101 16 6.7
0.415587 16 6.71
0.414813 16 6.72
0.414233 16 6.73
0.41288 16 6.74
0.411913 16 6.75
0.410946 16 6.76
0.409785 16 6.77
0.408625 16 6.78
0.407271 16 6.79
0.404951 16 6.8
0.404177 15 6.81
0.403597 15 6.82
0.40263 15 6.83
0.401857 15 6.84
0.399923 14 6.85
0.399536 14 6.86
0.398569 14 6.87
0.397409 14 6.88
0.396055 14 6.89
0.395281 14 6.9
0.393541 14 6.91
0.392574 14 6.92
0.3918 14 6.93
0.39006 14 6.94
0.389093 14 6.95
0.388126 14 6.96
0.387159 14 6.97
0.385999 14 6.98
0.384452 14 6.99
0.383678 14 7
0.381938 13 7.01
0.380777 13 7.02
0.379037 13 7.03
0.37807 13 7.04
0.377877 13 7.05
0.376136 13 7.06
0.375169 13 7.07
0.374202 13 7.08
0.373235 12 7.09
0.372462 12 7.1
0.371301 12 7.11
0.369754 12 7.12
0.369368 12 7.13
0.368787 12 7.14
0.367434 11 7.15
0.366467 11 7.16
0.36608 11 7.17
0.365113 11 7.18
0.364146 11 7.19
0.362599 11 7.2
0.361826 10 7.21
0.359892 10 7.22
0.358925 10 7.23
0.357571 10 7.24
0.35525 10 7.25
0.353317 9 7.26
0.352736 9 7.27
0.351963 9 7.28
0.350222 9 7.29
0.349255 9 7.3
0.348675 9 7.31
0.347902 8 7.32
0.346548 8 7.33
0.345581 8 7.34
0.343841 8 7.35
0.342487 8 7.36
0.34152 8 7.37
0.340553 8 7.38
0.338426 7 7.39
0.337072 6 7.4
0.335525 6 7.41
0.333785 6 7.42
0.333398 6 7.43
0.332044 6 7.44
0.330304 5 7.45
0.32895 5 7.46
0.327983 5 7.47
0.327596 5 7.48
0.326823 5 7.49
0.325856 5 7.5
0.324889 5 7.51
0.324309 5 7.52
0.323148 5 7.53
0.322762 5 7.54
0.321988 5 7.55
0.320634 5 7.56
0.319474 5 7.57
0.318507 5 7.58
0.316767 5 7.59
0.315219 5 7.6
0.314639 5 7.61
0.312899 5 7.62
0.312125 5 7.63
0.310385 5 7.64
0.309805 5 7.65
0.309031 5 7.66
0.308258 5 7.67
0.307677 5 7.68
0.305744 5 7.69
0.304003 5 7.7
0.302263 5 7.71
0.300716 5 7.72
0.298975 5 7.73
0.297815 4 7.74
0.296848 4 7.75
0.295881 4 7.76
0.295301 4 7.77
0.292593 4 7.78
0.291433 4 7.79
0.289112 4 7.8
0.288145 4 7.81
0.286405 4 7.82
0.285051 4 7.83
0.283891 4 7.84
0.283311 4 7.85
0.282537 4 7.86
0.28099 4 7.87
0.28041 4 7.88
0.27925 4 7.89
0.277509 4 7.9
0.276155 4 7.91
0.274995 4 7.92
0.274608 4 7.93
0.272675 4 7.94
0.271708 4 7.95
0.270741 4 7.96
0.269774 4 7.97
0.269194 4 7.98
0.267453 4 7.99
0.266486 4 8
0.264552 4 8.01
0.264166 4 8.02
0.263392 4 8.03
0.262425 4 8.04
0.261458 4 8.05
0.260491 4 8.06
0.259331 4 8.07
0.257977 4 8.08
0.257204 4 8.09
0.256623 4 8.1
0.25527 4 8.11
0.25469 4 8.12
0.254303 4 8.13
0.253143 4 8.14
0.252176 4 8.15
0.251015 4 8.16
0.250435 4 8.17
0.249468 3 8.18
0.248501 3 8.19
0.247341 3 8.2
0.2456 3 8.21
0.244634 3 8.22
0.244053 3 8.24
0.24328 3 8.25
0.2427 3 8.26
0.241539 3 8.27
0.240186 3 8.28
0.239025 3 8.29
0.237672 3 8.3
0.236898 3 8.31
0.235931 3 8.32
0.235351 3 8.33
0.234191 3 8.34
0.233417 3 8.35
0.232644 2 8.36
0.23187 2 8.37
0.230516 2 8.38
0.229549 2 8.39
0.228582 2 8.4
0.226649 2 8.41
0.225875 2 8.42
0.224908 2 8.43
0.223941 2 8.44
0.222974 2 8.45
0.221234 2 8.46
0.21988 2 8.47
0.2193 2 8.48
0.21872 2 8.49
0.217559 2 8.5
0.216979 2 8.51
0.216206 2 8.52
0.215045 2 8.53
0.214272 2 8.54
0.213305 2 8.55
0.213112 2 8.56
0.211758 2 8.57
0.211178 2 8.58
0.20905 2 8.59
0.208084 2 8.6
0.20673 2 8.61
0.205956 2 8.62
0.20557 2 8.63
0.203829 2 8.64
0.202282 2 8.65
0.201315 2 8.66
0.200541 2 8.67
0.198801 2 8.68
0.196674 2 8.69
0.195127 2 8.7
0.194547 2 8.71
0.193386 2 8.72
0.192419 2 8.73
0.191259 2 8.74
0.189132 2 8.75
0.188745 2 8.76
0.188165 2 8.77
0.187391 2 8.78
0.186038 2 8.79
0.184684 2 8.8
0.18391 2 8.81
0.18333 2 8.82
0.182557 2 8.83
0.181009 2 8.84
0.179462 2 8.85
0.178882 2 8.86
0.177142 2 8.87
0.176368 2 8.88
0.175401 1 8.89
0.174241 1 8.9
0.173274 1 8.91
0.171727 0 8.92
0.1696 0 8.93
0.168246 0 8.94
0.166892 0 8.95
0.165925 0 8.96
0.164572 0 8.97
0.163411 0 8.98
0.162058 0 8.99
0.160317 0 9
0.159737 0 9.01
0.15819 0 9.02
0.156449 0 9.03
0.156063 0 9.04
0.155676 0 9.05
0.154902 0 9.06
0.153742 0 9.07
0.152582 0 9.08
0.151615 0 9.09
0.150648 0 9.1
0.150261 0 9.11
0.149101 0 9.12
0.148521 0 9.13
0.14736 0 9.14
0.14678 0 9.15
0.1462 0 9.16
0.14562 0 9.17
0.144653 0 9.18
0.143879 0 9.19
0.142912 0 9.2
0.141752 0 9.21
0.140012 0 9.22
0.139431 0 9.23
0.139238 0 9.24
0.138851 0 9.25
0.137691 0 9.26
0.137304 0 9.27
0.136724 0 9.28
0.13537 0 9.29
0.13479 0 9.3
0.13421 0 9.31
0.133243 0 9.32
0.132083 0 9.33
0.131889 0 9.34
0.131309 0 9.35
0.130729 0 9.36
0.129762 0 9.37
0.128408 0 9.38
0.127635 0 9.39
0.126668 0 9.4
0.125894 0 9.41
0.125508 0 9.42
0.124734 0 9.43
0.124541 0 9.44
0.12338 0 9.45
0.122413 0 9.46
0.122027 0 9.47
0.12164 0 9.48
0.12106 0 9.49
0.12048 0 9.5
0.119126 0 9.51
0.117966 0 9.52
0.117579 0 9.54
0.117385 0 9.55
0.116225 0 9.56
0.115452 0 9.57
0.114871 0 9.58
0.114098 0 9.59
0.113324 0 9.6
0.112164 0 9.61
0.11081 0 9.62
0.10965 0 9.63
0.108683 0 9.64
0.108103 0 9.65
0.107136 0 9.66
0.106556 0 9.67
0.106169 0 9.68
0.105395 0 9.69
0.104235 0 9.7
0.104042 0 9.71
0.103655 0 9.73
0.103462 0 9.74
0.103268 0 9.75
0.102108 0 9.76
0.101141 0 9.77
0.0999807 0 9.78
0.0994005 0 9.79
0.0984336 0 9.8
0.0972733 0 9.81
0.0961129 0 9.82
0.0955328 0 9.83
0.095146 0 9.84
0.0949526 0 9.85
0.0945658 0 9.86
0.0935989 0 9.87
0.0924386 0 9.88
0.0912783 0 9.89
0.0910849 0 9.9
0.090118 0 9.91
0.089151 0 9.92
0.0881841 0 9.93
0.0877973 0 9.94
0.086637 0 9.95
0.0856701 0 9.96
0.0850899 0 9.97
0.0848965 0 9.98
0.084123 0 9.99
0.0831561 0 10
0.0825759 0 10.01
0.0823825 0 10.02
0.081609 0 10.03
0.0812222 0 10.04
0.0810288 0 10.05
0.080642 0 10.06
0.0802553 0 10.07
0.0798685 0 10.08
0.0792883 0 10.1
0.0785148 0 10.11
0.0765809 0 10.12
0.0758074 0 10.13
0.0748405 0 10.14
0.0740669 0 10.15
0.0729066 0 10.16
0.0723264 0 10.17
0.0719397 0 10.18
0.0709727 0 10.19
0.0703926 0 10.2
0.0700058 0 10.21
0.0698124 0 10.22
0.0692323 0 10.23
0.0690389 0 10.24
0.0688455 0 10.25
0.0684587 0 10.26
0.0678786 0 10.27
0.067105 0 10.28
0.0669116 0 10.29
0.0665249 0 10.3
0.0649778 0 10.31
0.064591 0 10.32
0.0642042 0 10.33
0.0636241 0 10.34
0.0634307 0 10.35
0.0632373 0 10.36
0.0628505 0 10.37
0.0622704 0 10.38
0.062077 0 10.39
0.0616902 0 10.4
0.0613034 0 10.41
0.0609167 0 10.42
0.0603365 0 10.43
0.0599497 0 10.44
0.0593696 0 10.45
0.0591762 0 10.46
0.0587894 0 10.47
0.0582092 0 10.48
0.0576291 0 10.5
0.0566622 0 10.51
0.0556952 0 10.52
0.0549217 0 10.53
0.0545349 0 10.54
0.0539547 0 10.55
0.0533746 0 10.56
0.0529878 0 10.57
0.0524077 0 10.58
0.0518275 0 10.59
0.0516341 0 10.61
0.0512473 0 10.62
0.0506672 0 10.63
0.0493135 0 10.64
0.0491201 0 10.65
0.0487333 0 10.66
0.0483465 0 10.67
0.0479598 0 10.68
0.0471862 0 10.69
0.0464127 0 10.7
0.0456391 0 10.71
0.0454458 0 10.72
0.0452524 0 10.73
0.0446722 0 10.74
0.0444788 0 10.75
0.0438987 0 10.76
0.0433185 0 10.77
0.0427383 0 10.78
0.042545 0 10.79
0.0423516 0 10.8
0.0417714 0 10.82
0.0413846 0 10.83
0.0409979 0 10.84
0.0408045 0 10.85
0.0402243 0 10.86
0.0398376 0 10.87
0.0396442 0 10.88
0.0394508 0 10.89
0.0386772 0 10.9
0.0379037 0 10.91
0.0375169 0 10.92
0.0373235 0 10.93
0.0367434 0 10.95
0.0359698 0 10.96
0.0357764 0 10.97
0.0353897 0 10.98
0.0351963 0 10.99
0.0344227 0 11
0.0336492 0 11.01
0.0332624 0 11.03
0.033069 0 11.04
0.0328757 0 11.06
0.0322955 0 11.07
0.0321021 0 11.08
0.0317153 0 11.09
0.0311352 0 11.13
0.0303616 0 11.14
0.0299749 0 11.17
0.0295881 0 11.19
0.0293947 0 11.2
0.0290079 0 11.21
0.0286212 0 11.22
0.0284278 0 11.23
0.028041 0 11.25
0.0272675 0 11.26
0.0263005 0 11.28
0.0257204 0 11.29
0.025527 0 11.3
0.0251402 0 11.31
0.0249468 0 11.34
0.02456 0 11.36
0.0241733 0 11.37
0.0239799 0 11.38
0.0235931 0 11.39
0.0233997 0 11.4
0.0224328 0 11.41
0.022046 0 11.42
0.0210791 0 11.43
0.0203056 0 11.46
0.0199188 0 11.49
0.019532 0 11.5
0.0193386 0 11.51
0.0189518 0 11.52
0.0185651 0 11.53
0.0183717 0 11.54
0.0181783 0 11.55
0.0179849 0 11.57
0.0177915 0 11.58
0.0174048 0 11.59
0.0172114 0 11.61
0.0168246 0 11.62
0.0164378 0 11.65
0.0162444 0 11.66
0.0158577 0 11.67
0.0156643 0 11.68
0.0152775 0 11.7
0.0150841 0 11.71
0.0146974 0 11.73
0.0141172 0 11.76
0.0139238 0 11.77
0.0137304 0 11.78
0.013537 0 11.79
0.0133436 0 11.8
0.0131503 0 11.81
0.0127635 0 11.84
0.0125701 0 11.85
0.0123767 0 11.87
0.0119899 0 11.9
0.0117966 0 11.91
0.0116032 0 11.92
0.0114098 0 11.93
0.0112164 0 11.95
0.0108296 0 11.97
0.0104429 0 11.99
0.0102495 0 12
0.0100561 0 12.03
0.0098627 0 12.04
0.00966931 0 12.05
0.00947592 0 12.07
0.00928254 0 12.09
0.00908915 0 12.18
0.00889576 0 12.19
0.00870238 0 12.2
0.00850899 0 12.23
0.00812222 0 12.24
0.00792883 0 12.25
0.00773545 0 12.27
0.00754206 0 12.32
0.00734868 0 12.37
0.0069619 0 12.42
0.00676852 0 12.47
0.00638174 0 12.49
0.00618836 0 12.53
0.00599497 0 12.54
0.0056082 0 12.56
0.00541481 0 12.58
0.00522143 0 12.64
0.00502804 0 12.65
0.00464127 0 12.68
0.0042545 0 12.74
0.00406111 0 12.78
0.00367434 0 12.8
0.00348095 0 12.91
0.00328757 0 12.92
0.00309418 0 12.99
0.00290079 0 13.01
0.00251402 0 13.07
0.00232063 0 13.08
0.00212725 0 13.1
0.00193386 0 13.18
0.00174048 0 13.23
0.00154709 0 13.24
0.0013537 0 13.28
0.00116032 0 13.29
0.000966931 0 13.34
0.000773545 0 13.5
0.000580159 0 13.51
0.000386772 0 13.8
0.000193386 0 14.13
0 0 1.79769e+308
