0.454472 128
0.454472 127
0.454472 126
0.454472 125
0.454472 124
0.454472 123
0.454348 123
0.454217 123
0.454217 122
0.454104 122
0.453975 121
0.453871 121
0.45372 121
0.453584 121
0.453463 121
0.453189 121
0.453065 121
0.452945 121
0.452826 120
0.45282 119
0.45282 118
0.452706 117
0.452565 117
0.452433 117
0.452193 117
0.452051 117
0.45179 117
0.45153 114
0.451199 113
0.450955 113
0.450841 112
0.450514 110
0.450381 109
0.450251 106
0.450161 105
0.449685 105
0.449552 105
0.449429 105
0.449179 104
0.449179 103
0.448931 103
0.448705 102
0.448457 101
0.44821 99
0.448092 99
0.447639 98
0.447067 96
0.446674 94
0.446422 94
0.445936 93
0.445736 92
0.445387 91
0.444963 90
0.444828 90
0.444204 89
0.443659 88
0.443191 86
0.442582 84
0.44246 83
0.44222 83
0.44182 82
0.441138 79
0.440587 78
0.439907 78
0.439773 78
0.439542 77
0.439426 77
0.439188 76
0.438953 75
0.438639 74
0.437796 73
0.437111 72
0.436618 72
0.436214 70
0.435743 67
0.4352 66
0.434691 66
0.434211 66
0.433614 65
0.432998 65
0.432359 64
0.431987 63
0.431238 62
0.430362 62
0.42962 62
0.42869 60
0.428095 60
0.427326 60
0.426705 60
0.426242 57
0.425665 57
0.424916 56
0.42391 56
0.423531 56
0.422896 56
0.421714 56
0.420338 56
0.418967 56
0.418017 54
0.416842 53
0.416012 52
0.415002 51
0.412852 51
0.412014 51
0.41113 51
0.410383 51
0.409549 51
0.408493 49
0.406736 49
0.406231 48
0.405246 47
0.404146 45
0.402131 45
0.400918 45
0.398859 44
0.397801 42
0.39691 42
0.395845 42
0.394396 39
0.393182 36
0.391819 36
0.38932 34
0.388684 34
0.386851 32
0.385026 32
0.383236 30
0.381591 28
0.380077 28
0.379082 27
0.377515 25
0.376409 24
0.37363 24
0.37242 24
0.371846 24
0.370861 24
0.369629 23
0.368166 22
0.366739 22
0.364385 21
0.361868 21
0.360655 21
0.359093 19
0.357021 19
0.354906 19
0.352974 19
0.351536 19
0.349799 18
0.347474 18
0.345236 18
0.343485 17
0.341219 17
0.339114 16
0.337523 15
0.336157 15
0.333676 14
0.331762 14
0.329733 14
0.327686 14
0.325409 13
0.323728 13
0.320816 13
0.318622 13
0.31677 13
0.314605 13
0.312087 12
0.310455 12
0.30799 11
0.305936 11
0.303906 11
0.301907 11
0.299817 11
0.2977 11
0.294596 10
0.292609 10
0.29073 9
0.288701 9
0.286168 9
0.283753 8
0.281619 8
0.278256 8
0.275356 7
0.273011 6
0.269815 6
0.26786 6
0.264674 6
0.263485 6
0.261884 6
0.258852 6
0.256887 6
0.253592 6
0.251182 5
0.247613 5
0.244044 5
0.241448 4
0.239117 3
0.237487 3
0.235927 3
0.232715 2
0.230979 2
0.228248 2
0.225433 2
0.222752 2
0.219093 2
0.21595 2
0.212992 2
0.210779 2
0.207204 2
0.204258 2
0.200867 2
0.197659 2
0.194975 2
0.19229 2
0.189349 2
0.186558 2
0.183796 1
0.180891 1
0.178921 0
0.176762 0
0.173565 0
0.171288 0
0.168243 0
0.165114 0
0.162274 0
0.159123 0
0.156915 0
0.154621 0
0.152308 0
0.149757 0
0.148064 0
0.14502 0
0.143149 0
0.139516 0
0.136572 0
0.134926 0
0.132594 0
0.130547 0
0.128507 0
0.126602 0
0.124794 0
0.123016 0
0.121062 0
0.117651 0
0.115065 0
0.113787 0
0.112746 0
0.111116 0
0.108917 0
0.107126 0
0.105204 0
0.103813 0
0.10219 0
0.101008 0
0.0987969 0
0.0977891 0
0.0947699 0
0.0916693 0
0.0898825 0
0.0877134 0
0.0865483 0
0.0843203 0
0.0830465 0
0.0814736 0
0.0791981 0
0.0779072 0
0.0765431 0
0.0743516 0
0.0729591 0
0.0714204 0
0.0690473 0
0.0685267 0
0.0662691 0
0.0651108 0
0.0639511 0
0.0617389 0
0.0603584 0
0.0594827 0
0.0575435 0
0.0558401 0
0.0539287 0
0.052274 0
0.050864 0
0.0492764 0
0.0482462 0
0.0472039 0
0.0468159 0
0.0460557 0
0.0453039 0
0.0449133 0
0.0432509 0
0.0420367 0
0.0412525 0
0.0400617 0
0.039038 0
0.0381336 0
0.0369999 0
0.0354473 0
0.0342577 0
0.0332625 0
0.0323443 0
0.0311925 0
0.0303901 0
0.0297273 0
0.0286822 0
0.0276585 0
0.026896 0
0.0262418 0
0.0255778 0
0.024806 0
0.0240215 0
0.0237631 0
0.0228494 0
0.0217104 0
0.0210774 0
0.0207017 0
0.0204423 0
0.0200899 0
0.0194419 0
0.018799 0
0.0178714 0
0.0174888 0
0.0169629 0
0.0160382 0
0.0156601 0
0.0154032 0
0.014389 0
0.0141339 0
0.013756 0
0.0125913 0
0.0117882 0
0.0116613 0
0.0110497 0
0.010801 0
0.0105357 0
0.010128 0
0.00985306 0
0.00933475 0
0.00906102 0
0.0082718 0
0.00813809 0
0.00788446 0
0.0076186 0
0.00736772 0
0.00724737 0
0.00699028 0
0.00672861 0
0.00647975 0
0.00621688 0
0.00608844 0
0.00582152 0
0.00556058 0
0.00542805 0
0.00517265 0
0.00491429 0
0.00477738 0
0.00440518 0
0.00426984 0
0.00414214 0
0.00390059 0
0.00377243 0
0.00363501 0
0.00324435 0
0.00299506 0
0.00286165 0
0.00260872 0
0.00220662 0
0.0020719 0
0.00194203 0
0.00181634 0
0.00167935 0
0.0014206 0
0.00116497 0
0.000913719 0
0.000780229 0
0.000649198 0
0.000521402 0
0.000396658 0
0.000266277 0
0.00012734 0
0 0
