0.455003 155
0.455003 154
0.455003 153
0.454889 153
0.454889 152
0.454889 151
0.454889 150
0.454889 149
0.454889 147
0.454765 147
0.454551 146
0.454551 145
0.454551 144
0.454438 144
0.454309 143
0.454206 142
0.454054 142
0.453918 142
0.453797 142
0.453386 142
0.453262 142
0.453142 142
0.453023 141
0.453018 140
0.453017 139
0.452903 138
0.452806 137
0.452665 137
0.452665 136
0.452424 136
0.452282 136
0.452024 136
0.451764 133
0.451343 130
0.451099 130
0.450985 128
0.450985 127
0.450588 124
0.450588 123
0.450454 122
0.450324 119
0.450234 118
0.449758 118
0.449758 117
0.449613 116
0.449491 116
0.449115 115
0.449005 114
0.448757 114
0.448531 113
0.448283 112
0.448036 110
0.447804 110
0.44735 109
0.446575 106
0.446182 105
0.445929 105
0.445444 104
0.445245 102
0.445011 101
0.444457 100
0.444321 99
0.443447 97
0.442902 95
0.442419 92
0.441819 89
0.441691 88
0.441331 88
0.440931 87
0.440249 84
0.439575 83
0.438899 83
0.438765 83
0.438534 81
0.438419 81
0.437926 80
0.437563 79
0.437249 78
0.436406 77
0.435721 76
0.435118 76
0.434714 74
0.434243 71
0.433694 70
0.433021 69
0.43254 69
0.431943 68
0.431327 68
0.430688 67
0.430316 66
0.429567 65
0.428691 65
0.42795 65
0.427019 63
0.426424 63
0.425668 63
0.424797 63
0.424333 60
0.423757 60
0.423008 59
0.422139 59
0.421794 58
0.42116 58
0.419978 58
0.418602 58
0.41723 58
0.416281 56
0.414985 55
0.414282 54
0.413272 53
0.411003 53
0.410164 53
0.409281 53
0.408534 53
0.407823 53
0.406769 51
0.405011 51
0.404619 50
0.403658 49
0.402559 47
0.400671 47
0.399587 47
0.397656 46
0.396597 44
0.395581 44
0.394516 44
0.392963 41
0.391749 38
0.390386 38
0.387887 36
0.387251 36
0.385556 34
0.383731 34
0.381807 32
0.380162 30
0.378649 30
0.377529 29
0.375962 27
0.374856 26
0.371951 26
0.37074 26
0.370166 26
0.369182 26
0.368079 25
0.366616 24
0.365199 24
0.362844 23
0.360594 23
0.359387 23
0.357954 21
0.355882 21
0.353788 20
0.351857 20
0.350419 20
0.348682 19
0.346357 19
0.344126 19
0.342375 18
0.340217 18
0.33811 17
0.336521 16
0.335155 16
0.332674 15
0.33076 15
0.32873 15
0.326684 15
0.324407 14
0.322859 13
0.319947 13
0.317753 13
0.315896 13
0.313855 13
0.311346 12
0.309714 12
0.307249 11
0.305195 11
0.303165 11
0.301277 11
0.299188 11
0.29721 11
0.294106 10
0.291999 10
0.290121 9
0.288092 9
0.285559 9
0.283143 8
0.28127 8
0.277907 8
0.275225 7
0.272881 6
0.269685 6
0.26773 6
0.264544 6
0.263235 6
0.261634 6
0.258475 6
0.25651 6
0.253083 6
0.25081 5
0.247245 5
0.243677 5
0.241081 4
0.23875 3
0.237121 3
0.235561 3
0.232348 2
0.230612 2
0.227881 2
0.225068 2
0.222606 2
0.218947 2
0.215804 2
0.212847 2
0.210633 2
0.207059 2
0.204113 2
0.200721 2
0.19751 2
0.194827 2
0.192142 2
0.1892 2
0.18641 2
0.183648 1
0.180743 1
0.178772 0
0.176614 0
0.173416 0
0.17114 0
0.168095 0
0.164966 0
0.162125 0
0.158974 0
0.156766 0
0.154473 0
0.15216 0
0.149608 0
0.147915 0
0.144871 0
0.143001 0
0.139383 0
0.136437 0
0.134791 0
0.132459 0
0.130412 0
0.128372 0
0.126467 0
0.124659 0
0.122881 0
0.120927 0
0.117516 0
0.11493 0
0.113652 0
0.112611 0
0.110981 0
0.108782 0
0.106991 0
0.105069 0
0.103678 0
0.102055 0
0.100873 0
0.098662 0
0.0976542 0
0.094635 0
0.0915344 0
0.0897476 0
0.0877062 0
0.0865412 0
0.0843131 0
0.0830394 0
0.0814665 0
0.0791909 0
0.0779 0
0.0765359 0
0.0743444 0
0.0729519 0
0.0714156 0
0.0690424 0
0.0685219 0
0.0662643 0
0.0651102 0
0.0639505 0
0.0617383 0
0.0603578 0
0.0594821 0
0.0575429 0
0.0558395 0
0.0539282 0
0.0522734 0
0.0508634 0
0.0492758 0
0.0482456 0
0.0472033 0
0.0468153 0
0.0460552 0
0.0453034 0
0.0449128 0
0.0432503 0
0.0420361 0
0.0412519 0
0.0400611 0
0.0390374 0
0.038133 0
0.0369993 0
0.0354467 0
0.0342571 0
0.0332619 0
0.0323438 0
0.031192 0
0.0303896 0
0.0297268 0
0.0286816 0
0.0276579 0
0.0268955 0
0.0262412 0
0.0255772 0
0.0248054 0
0.0240209 0
0.0237625 0
0.0228494 0
0.0217104 0
0.0210774 0
0.0207017 0
0.0204423 0
0.0200899 0
0.0194419 0
0.018799 0
0.0178714 0
0.0174888 0
0.0169629 0
0.0160382 0
0.0156601 0
0.0154032 0
0.014389 0
0.0141339 0
0.013756 0
0.0125913 0
0.0117882 0
0.0116613 0
0.0110497 0
0.010801 0
0.0105357 0
0.010128 0
0.00985306 0
0.00933475 0
0.00906102 0
0.0082718 0
0.00813809 0
0.00788446 0
0.0076186 0
0.00736772 0
0.00724737 0
0.00699028 0
0.00672861 0
0.00647975 0
0.00621688 0
0.00608844 0
0.00582152 0
0.00556058 0
0.00542805 0
0.00517265 0
0.00491429 0
0.00477738 0
0.00440518 0
0.00426984 0
0.00414214 0
0.00390059 0
0.00377243 0
0.00363501 0
0.00324435 0
0.00299506 0
0.00286165 0
0.00260872 0
0.00220662 0
0.0020719 0
0.00194203 0
0.00181634 0
0.00167935 0
0.0014206 0
0.00116497 0
0.000913719 0
0.000780229 0
0.000649198 0
0.000521402 0
0.000396658 0
0.000266277 0
0.00012734 0
0 0
