0.710501 842 -1.41
0.710501 841 -1.35
0.710501 840 -1.33
0.710501 839 -1.04
0.710501 838 -0.92
0.710501 837 -0.86
0.710307 837 -0.78
0.710307 836 -0.59
0.710307 835 -0.58
0.710307 834 -0.53
0.710307 833 -0.48
0.710307 832 -0.46
0.710307 831 -0.38
0.710307 830 -0.36
0.710307 829 -0.32
0.710307 828 -0.28
0.710114 826 -0.24
0.710114 825 -0.21
0.710114 824 -0.17
0.710114 822 -0.13
0.710114 820 -0.04
0.710114 819 0.01
0.710114 818 0.02
0.709921 818 0.06
0.709921 816 0.08
0.709921 814 0.09
0.709921 813 0.16
0.709921 812 0.23
0.709921 811 0.24
0.709727 811 0.25
0.709727 810 0.27
0.709727 808 0.31
0.709727 807 0.32
0.709727 806 0.34
0.709727 805 0.35
0.709534 805 0.37
0.709534 804 0.39
0.709534 802 0.4
0.709534 801 0.41
0.709534 800 0.42
0.709534 799 0.43
0.709341 799 0.44
0.709341 798 0.46
0.709147 797 0.47
0.709147 795 0.48
0.709147 794 0.51
0.709147 793 0.55
0.709147 792 0.56
0.709147 791 0.57
0.708954 790 0.58
0.708954 789 0.59
0.708954 788 0.6
0.708954 787 0.61
0.708954 785 0.64
0.708954 784 0.65
0.708954 782 0.66
0.70876 782 0.71
0.70876 781 0.73
0.70876 780 0.74
0.70876 779 0.76
0.70876 776 0.77
0.70876 774 0.8
0.70876 772 0.81
0.70876 769 0.82
0.708567 769 0.83
0.708374 769 0.84
0.708374 768 0.87
0.708374 767 0.88
0.70818 766 0.9
0.707987 766 0.91
0.707987 762 0.92
0.707987 760 0.93
0.707793 759 0.94
0.707793 757 0.95
0.707793 754 0.97
0.707793 753 0.98
0.707793 749 1.01
0.7076 746 1.02
0.7076 744 1.04
0.7076 743 1.05
0.7076 741 1.06
0.7076 740 1.07
0.7076 738 1.08
0.7076 736 1.09
0.7076 735 1.1
0.707407 734 1.11
0.707213 733 1.13
0.707213 732 1.16
0.707213 730 1.19
0.707213 728 1.2
0.707213 727 1.21
0.70702 727 1.22
0.706827 725 1.23
0.706827 724 1.24
0.706827 722 1.25
0.706827 718 1.26
0.706827 716 1.27
0.706827 714 1.28
0.706827 712 1.29
0.70644 711 1.3
0.706246 706 1.31
0.706246 705 1.32
0.706053 703 1.34
0.706053 698 1.35
0.706053 696 1.36
0.706053 695 1.37
0.706053 694 1.38
0.70586 693 1.39
0.705666 693 1.4
0.705666 691 1.41
0.705666 690 1.42
0.705473 690 1.43
0.705473 687 1.44
0.705279 687 1.45
0.705086 685 1.46
0.704893 681 1.47
0.704893 679 1.48
0.704893 678 1.49
0.704893 677 1.5
0.704506 677 1.52
0.704506 674 1.54
0.704506 672 1.55
0.704506 670 1.56
0.704313 669 1.57
0.704313 665 1.58
0.703926 663 1.59
0.703926 662 1.6
0.703926 661 1.62
0.703732 661 1.64
0.703539 659 1.65
0.703346 658 1.66
0.703346 657 1.69
0.703152 656 1.7
0.702765 654 1.71
0.702765 653 1.72
0.702765 652 1.73
0.702765 651 1.74
0.702572 649 1.75
0.702572 645 1.77
0.702572 644 1.78
0.702572 643 1.79
0.702572 642 1.81
0.702379 638 1.82
0.702379 637 1.84
0.702379 635 1.85
0.702379 631 1.86
0.702379 629 1.87
0.702185 626 1.88
0.702185 625 1.91
0.702185 622 1.93
0.701992 619 1.94
0.701992 618 1.95
0.701798 616 1.96
0.701798 614 1.97
0.701605 613 1.99
0.701218 612 2
0.701218 611 2.01
0.701218 609 2.02
0.701218 608 2.03
0.701025 608 2.04
0.701025 605 2.05
0.700832 603 2.06
0.700832 598 2.07
0.700832 596 2.08
0.700832 595 2.09
0.700445 595 2.1
0.700445 591 2.11
0.700445 590 2.12
0.700445 588 2.13
0.700445 587 2.14
0.700445 585 2.15
0.700251 582 2.16
0.700251 580 2.17
0.700058 579 2.18
0.699865 577 2.19
0.699671 576 2.2
0.699671 574 2.21
0.699091 571 2.22
0.698898 570 2.23
0.698704 568 2.24
0.698511 566 2.25
0.698318 564 2.26
0.698318 561 2.27
0.698124 557 2.28
0.697931 557 2.29
0.697931 555 2.31
0.697931 553 2.32
0.697544 552 2.33
0.697157 551 2.34
0.696577 549 2.35
0.696577 548 2.36
0.696577 546 2.37
0.696384 543 2.38
0.696384 542 2.39
0.696384 540 2.4
0.696384 536 2.42
0.69619 536 2.43
0.695804 535 2.45
0.69561 533 2.46
0.69561 531 2.47
0.695417 528 2.48
0.69503 524 2.49
0.694643 523 2.5
0.694643 521 2.51
0.694643 518 2.52
0.69445 516 2.53
0.69445 515 2.54
0.694256 510 2.55
0.694256 508 2.56
0.694256 506 2.57
0.694063 506 2.58
0.69387 505 2.59
0.69387 503 2.6
0.69387 500 2.61
0.69387 498 2.62
0.693289 497 2.65
0.693289 494 2.66
0.693096 491 2.67
0.692903 490 2.68
0.692709 489 2.69
0.692129 487 2.7
0.691549 485 2.71
0.691162 485 2.72
0.691162 481 2.73
0.690969 481 2.74
0.690969 477 2.75
0.690969 475 2.76
0.690775 472 2.78
0.690389 468 2.79
0.689615 465 2.8
0.689615 464 2.81
0.689422 462 2.82
0.689422 461 2.83
0.689228 459 2.84
0.688842 459 2.86
0.688842 455 2.87
0.688842 453 2.88
0.688455 453 2.89
0.688068 451 2.9
0.688068 448 2.92
0.687681 446 2.93
0.687488 444 2.94
0.687295 444 2.96
0.687295 443 2.97
0.687295 442 2.98
0.686714 441 2.99
0.686521 437 3
0.686328 435 3.01
0.686328 433 3.03
0.686134 432 3.04
0.685941 430 3.05
0.685941 428 3.06
0.685941 427 3.07
0.685554 426 3.08
0.685167 422 3.09
0.684974 418 3.1
0.684974 417 3.11
0.684974 415 3.12
0.684587 413 3.13
0.684394 411 3.14
0.684394 410 3.15
0.6842 408 3.16
0.684007 408 3.17
0.68362 406 3.18
0.683233 406 3.19
0.682847 402 3.2
0.68246 402 3.21
0.68246 401 3.22
0.682266 400 3.23
0.682073 399 3.24
0.681686 398 3.25
0.6813 398 3.27
0.681106 398 3.28
0.681106 397 3.29
0.680719 397 3.3
0.680526 397 3.31
0.680139 395 3.32
0.679946 395 3.33
0.679366 393 3.34
0.679172 392 3.35
0.679172 391 3.36
0.678979 391 3.37
0.678399 386 3.38
0.677819 386 3.39
0.677819 385 3.4
0.677432 383 3.41
0.677045 382 3.42
0.676465 379 3.43
0.676272 376 3.44
0.676078 372 3.45
0.675498 371 3.46
0.675498 370 3.47
0.675111 364 3.48
0.675111 363 3.49
0.674918 363 3.5
0.674531 362 3.51
0.674531 359 3.52
0.674531 357 3.53
0.674338 357 3.54
0.674338 354 3.55
0.674144 353 3.56
0.673757 349 3.57
0.673757 348 3.58
0.673757 345 3.59
0.673177 344 3.6
0.672984 341 3.61
0.672597 340 3.62
0.672597 337 3.63
0.672404 333 3.64
0.672017 330 3.65
0.671437 329 3.66
0.671437 327 3.67
0.670663 325 3.68
0.67047 324 3.69
0.670277 322 3.7
0.66931 320 3.71
0.668536 318 3.72
0.667763 314 3.73
0.667569 312 3.74
0.667182 308 3.76
0.666796 307 3.77
0.666602 306 3.78
0.666409 306 3.79
0.666022 303 3.8
0.665442 303 3.81
0.665249 302 3.82
0.664668 302 3.83
0.664475 301 3.84
0.664282 301 3.85
0.663701 299 3.86
0.663508 295 3.88
0.663315 294 3.89
0.663315 291 3.9
0.663121 291 3.91
0.662541 288 3.92
0.662154 288 3.93
0.662154 287 3.94
0.661768 286 3.95
0.661574 284 3.96
0.661381 283 3.97
0.660994 279 3.98
0.660607 278 3.99
0.65964 277 4
0.659447 272 4.01
0.659447 269 4.02
0.658867 267 4.03
0.658673 265 4.04
0.658093 262 4.05
0.657706 262 4.06
0.657513 261 4.07
0.656933 259 4.08
0.656546 257 4.09
0.656353 254 4.1
0.655773 253 4.11
0.655579 251 4.12
0.655192 247 4.13
0.654999 247 4.14
0.654806 242 4.15
0.653645 242 4.16
0.653259 240 4.17
0.653259 239 4.18
0.652872 237 4.19
0.652872 236 4.2
0.652292 235 4.21
0.651905 234 4.22
0.650938 234 4.23
0.650551 233 4.24
0.649971 231 4.25
0.649391 226 4.28
0.648811 224 4.29
0.648037 224 4.3
0.64765 224 4.31
0.646877 223 4.32
0.646297 223 4.33
0.64591 222 4.34
0.64533 220 4.36
0.64533 219 4.37
0.644943 218 4.38
0.643976 217 4.39
0.643202 216 4.4
0.642816 216 4.41
0.642429 214 4.42
0.642042 213 4.43
0.641269 212 4.44
0.640882 212 4.45
0.640495 211 4.46
0.639722 209 4.47
0.639335 209 4.48
0.639335 208 4.49
0.638948 207 4.5
0.638561 205 4.51
0.638368 203 4.52
0.637981 201 4.53
0.636821 201 4.54
0.636434 201 4.55
0.635854 199 4.56
0.635274 199 4.57
0.63508 199 4.58
0.6345 198 4.59
0.633727 197 4.6
0.633533 194 4.61
0.632566 193 4.62
0.631793 191 4.63
0.630826 190 4.64
0.630246 190 4.65
0.629085 189 4.66
0.628505 187 4.67
0.628312 187 4.68
0.627925 186 4.69
0.627345 184 4.7
0.626958 180 4.71
0.625991 179 4.72
0.625798 178 4.73
0.625218 178 4.74
0.624637 178 4.75
0.62367 178 4.76
0.623477 178 4.77
0.622704 176 4.78
0.62251 175 4.79
0.622123 174 4.8
0.621737 172 4.81
0.620963 169 4.82
0.620383 168 4.83
0.62019 168 4.84
0.619803 168 4.85
0.619223 165 4.86
0.618642 164 4.87
0.618062 164 4.88
0.617482 163 4.89
0.617482 162 4.9
0.617095 162 4.91
0.616902 160 4.93
0.616515 159 4.94
0.616128 156 4.95
0.615548 154 4.96
0.614968 153 4.97
0.614581 152 4.98
0.614195 151 4.99
0.613808 150 5
0.612841 150 5.01
0.612261 149 5.02
0.611681 149 5.03
0.6111 148 5.04
0.610907 144 5.05
0.60994 144 5.06
0.60994 143 5.07
0.609167 143 5.08
0.608586 143 5.09
0.6082 142 5.1
0.607813 141 5.11
0.606652 141 5.12
0.605686 141 5.13
0.604719 140 5.14
0.604138 140 5.15
0.603558 140 5.16
0.602205 138 5.17
0.600464 138 5.18
0.600271 137 5.19
0.599304 137 5.2
0.59853 133 5.21
0.59795 132 5.22
0.597177 132 5.23
0.59679 130 5.24
0.595823 129 5.25
0.595243 127 5.26
0.594663 127 5.27
0.594276 125 5.28
0.593502 124 5.29
0.593115 124 5.3
0.592342 119 5.31
0.591762 119 5.32
0.590988 118 5.33
0.590215 118 5.34
0.589441 118 5.35
0.588281 118 5.36
0.588281 117 5.37
0.587894 116 5.38
0.586347 116 5.39
0.585767 115 5.4
0.584993 115 5.41
0.583833 113 5.42
0.582673 113 5.43
0.581706 112 5.44
0.581512 112 5.45
0.580739 112 5.46
0.579578 110 5.47
0.578805 109 5.48
0.577645 108 5.49
0.576871 108 5.5
0.576484 107 5.51
0.576291 107 5.52
0.574357 106 5.53
0.573583 105 5.54
0.573003 103 5.55
0.57165 103 5.56
0.571456 103 5.57
0.570683 102 5.58
0.570102 101 5.59
0.569329 100 5.6
0.567395 99 5.61
0.566428 99 5.62
0.566235 98 5.63
0.565268 97 5.64
0.565074 96 5.65
0.564108 95 5.66
0.563721 94 5.67
0.563334 94 5.68
0.562947 94 5.69
0.561207 93 5.7
0.560433 92 5.71
0.56024 90 5.72
0.560046 90 5.73
0.559273 90 5.74
0.558306 89 5.75
0.557726 88 5.76
0.556759 87 5.77
0.555792 85 5.78
0.555792 84 5.79
0.553858 81 5.8
0.553471 80 5.81
0.552504 80 5.82
0.552118 80 5.83
0.551344 80 5.84
0.55057 79 5.85
0.54941 77 5.86
0.549023 77 5.87
0.54825 77 5.88
0.54767 77 5.89
0.545542 76 5.9
0.544962 76 5.91
0.543995 75 5.92
0.543222 75 5.93
0.542255 75 5.94
0.541675 75 5.95
0.540708 75 5.96
0.540321 74 5.97
0.539547 73 5.98
0.538967 73 5.99
0.537807 72 6
0.537227 72 6.01
0.536647 72 6.02
0.53626 70 6.03
0.534906 69 6.04
0.532779 69 6.05
0.531619 67 6.06
0.530652 67 6.07
0.529685 66 6.08
0.528718 65 6.09
0.527944 65 6.1
0.526397 65 6.11
0.525237 64 6.12
0.52427 64 6.13
0.523303 63 6.14
0.521563 63 6.15
0.521176 63 6.16
0.519629 63 6.17
0.519049 63 6.18
0.518468 61 6.19
0.517695 59 6.2
0.516728 58 6.21
0.515761 58 6.22
0.515568 58 6.23
0.514601 57 6.24
0.514407 57 6.25
0.513634 57 6.26
0.51286 55 6.27
0.511313 54 6.28
0.509766 54 6.29
0.508799 53 6.3
0.508412 53 6.31
0.506865 52 6.32
0.505318 52 6.33
0.504158 51 6.34
0.503578 51 6.35
0.503384 51 6.36
0.502997 49 6.37
0.502031 49 6.38
0.501257 49 6.39
0.500097 49 6.4
0.497583 49 6.41
0.496422 49 6.42
0.494875 49 6.43
0.494102 49 6.44
0.492941 49 6.45
0.492168 49 6.46
0.491588 49 6.47
0.489847 49 6.48
0.48772 49 6.49
0.486946 49 6.5
0.485399 46 6.51
0.484432 46 6.52
0.482885 46 6.53
0.482305 46 6.54
0.481725 46 6.55
0.480178 45 6.56
0.479598 45 6.57
0.479018 44 6.58
0.478051 44 6.59
0.477664 42 6.6
0.47689 40 6.61
0.47573 40 6.62
0.474376 40 6.63
0.473603 40 6.64
0.472249 39 6.65
0.471282 39 6.66
0.470509 39 6.67
0.469348 39 6.68
0.468962 38 6.69
0.468188 38 6.7
0.466834 38 6.71
0.465674 38 6.72
0.4649 38 6.73
0.46316 38 6.74
0.46258 38 6.75
0.462386 38 6.76
0.461419 38 6.77
0.460453 38 6.78
0.460066 38 6.79
0.458905 37 6.8
0.458325 37 6.81
0.457552 36 6.82
0.457358 36 6.83
0.456005 36 6.84
0.455231 35 6.85
0.454844 35 6.86
0.453877 35 6.87
0.452524 35 6.88
0.452137 34 6.89
0.451557 34 6.9
0.450203 34 6.91
0.449236 34 6.92
0.447882 32 6.93
0.447109 31 6.94
0.445368 31 6.95
0.444401 31 6.96
0.443628 31 6.97
0.442854 31 6.98
0.441694 31 6.99
0.440921 31 7
0.439373 31 7.01
0.438406 31 7.02
0.43744 31 7.03
0.436666 30 7.04
0.435119 30 7.05
0.434926 30 7.06
0.433765 29 7.07
0.432992 28 7.08
0.432412 26 7.09
0.432025 25 7.1
0.430478 25 7.11
0.429511 25 7.12
0.427964 25 7.13
0.426997 25 7.14
0.425836 25 7.15
0.423903 24 7.16
0.423322 23 7.17
0.422162 23 7.18
0.421002 21 7.2
0.420035 21 7.21
0.418294 21 7.22
0.416941 21 7.23
0.415974 21 7.24
0.414427 20 7.25
0.413073 20 7.26
0.412299 20 7.27
0.410946 20 7.28
0.409979 20 7.29
0.408818 20 7.3
0.408432 19 7.31
0.407078 18 7.32
0.404951 17 7.33
0.403597 16 7.34
0.402243 16 7.35
0.401276 16 7.36
0.399923 16 7.37
0.398569 16 7.38
0.397409 16 7.39
0.396442 15 7.4
0.395281 15 7.41
0.394121 15 7.42
0.393734 15 7.43
0.393154 15 7.44
0.392381 15 7.45
0.390833 15 7.46
0.389286 15 7.47
0.387739 15 7.48
0.386579 15 7.49
0.385612 15 7.5
0.384452 15 7.51
0.383291 15 7.52
0.382131 15 7.53
0.381358 15 7.54
0.379617 14 7.55
0.378844 14 7.56
0.37749 14 7.57
0.37633 14 7.58
0.376136 14 7.59
0.375169 14 7.6
0.374589 14 7.61
0.373429 14 7.62
0.373235 14 7.63
0.371882 14 7.64
0.369561 14 7.65
0.368401 14 7.66
0.36666 13 7.67
0.36608 13 7.68
0.36492 13 7.69
0.363179 13 7.7
0.361826 12 7.71
0.360278 12 7.72
0.359505 12 7.73
0.357958 11 7.74
0.357184 11 7.75
0.355444 11 7.76
0.354477 11 7.77
0.35235 11 7.78
0.350222 11 7.79
0.349836 11 7.8
0.349449 10 7.81
0.348289 10 7.82
0.346741 9 7.83
0.345581 9 7.84
0.344421 9 7.85
0.34326 9 7.86
0.342487 9 7.87
0.341907 9 7.88
0.34036 9 7.89
0.338619 9 7.9
0.336105 9 7.91
0.335332 9 7.92
0.334171 9 7.93
0.332624 9 7.94
0.331851 9 7.95
0.330304 9 7.96
0.329917 9 7.97
0.32953 8 7.98
0.328757 8 7.99
0.328176 8 8
0.326823 8 8.01
0.326436 8 8.02
0.324889 8 8.03
0.323728 8 8.04
0.321988 7 8.05
0.320248 7 8.06
0.319087 7 8.07
0.318314 7 8.08
0.316767 7 8.09
0.315606 7 8.1
0.315026 7 8.11
0.314059 7 8.12
0.312705 7 8.13
0.310965 7 8.14
0.309998 7 8.15
0.309031 7 8.16
0.308644 7 8.17
0.307871 7 8.18
0.307484 7 8.19
0.30555 7 8.2
0.303036 7 8.21
0.301682 7 8.22
0.300522 6 8.23
0.299555 6 8.24
0.297621 6 8.25
0.296461 6 8.26
0.295687 6 8.27
0.29414 6 8.28
0.292207 6 8.29
0.291626 6 8.3
0.29124 6 8.31
0.289693 6 8.32
0.289499 6 8.33
0.288339 6 8.34
0.286598 6 8.35
0.286018 6 8.36
0.284471 6 8.37
0.283117 6 8.38
0.28157 6 8.39
0.28099 6 8.4
0.279443 6 8.41
0.277316 6 8.42
0.276349 6 8.43
0.275769 6 8.44
0.275189 6 8.45
0.274222 6 8.46
0.273061 6 8.47
0.271514 6 8.48
0.270934 6 8.49
0.269967 6 8.5
0.26784 6 8.51
0.26668 6 8.52
0.265519 6 8.53
0.263779 5 8.54
0.262618 5 8.55
0.262232 5 8.56
0.261458 5 8.57
0.260104 5 8.58
0.258944 5 8.59
0.257784 5 8.6
0.255463 4 8.61
0.254496 4 8.62
0.253336 4 8.63
0.251789 4 8.64
0.250242 4 8.65
0.249081 4 8.66
0.248114 4 8.67
0.247728 4 8.68
0.246374 4 8.69
0.245407 4 8.7
0.24502 4 8.71
0.243473 4 8.72
0.242506 4 8.73
0.241153 4 8.74
0.239605 4 8.75
0.237865 4 8.76
0.236511 4 8.77
0.235931 4 8.78
0.234964 4 8.79
0.233417 4 8.8
0.232644 4 8.81
0.231677 4 8.82
0.230903 4 8.83
0.229743 3 8.84
0.228969 3 8.85
0.228196 3 8.86
0.227035 3 8.87
0.226068 3 8.88
0.225102 3 8.89
0.224521 3 8.9
0.222974 3 8.91
0.222007 3 8.92
0.220654 3 8.93
0.219687 3 8.94
0.218526 3 8.95
0.216979 3 8.96
0.215045 3 8.97
0.213305 3 8.98
0.212531 3 8.99
0.210984 3 9
0.210211 3 9.01
0.20905 3 9.02
0.20789 3 9.03
0.206923 3 9.04
0.20615 3 9.05
0.20557 3 9.06
0.204603 3 9.07
0.203829 3 9.08
0.202669 3 9.09
0.202089 3 9.1
0.200735 3 9.11
0.199575 3 9.12
0.198221 3 9.13
0.197061 3 9.14
0.196094 3 9.15
0.194353 3 9.16
0.193773 3 9.17
0.192806 3 9.18
0.191646 3 9.19
0.190679 3 9.2
0.189905 3 9.21
0.189132 3 9.22
0.188552 3 9.23
0.187391 3 9.24
0.185457 3 9.25
0.18449 3 9.26
0.18333 3 9.27
0.18275 2 9.28
0.181976 2 9.29
0.180623 2 9.3
0.179849 2 9.31
0.178689 2 9.32
0.177915 2 9.33
0.176175 2 9.34
0.175015 2 9.35
0.174241 2 9.36
0.173274 2 9.37
0.17192 2 9.38
0.17134 2 9.39
0.169793 2 9.4
0.168633 2 9.41
0.168246 2 9.42
0.167472 2 9.43
0.166699 2 9.44
0.165925 2 9.45
0.165345 2 9.46
0.165152 2 9.47
0.164765 2 9.48
0.163798 2 9.49
0.163025 2 9.5
0.162251 2 9.51
0.161477 2 9.52
0.160897 2 9.53
0.159737 2 9.54
0.15877 2 9.55
0.157803 2 9.56
0.156643 2 9.57
0.155096 2 9.58
0.154902 2 9.59
0.153935 2 9.6
0.152775 2 9.61
0.151808 2 9.62
0.150261 2 9.63
0.149101 2 9.64
0.148714 2 9.65
0.148134 2 9.66
0.14678 2 9.67
0.145813 2 9.68
0.145233 2 9.69
0.144073 2 9.7
0.143493 2 9.71
0.142526 2 9.72
0.142139 2 9.73
0.140785 2 9.74
0.139431 2 9.75
0.138851 2 9.76
0.137691 2 9.77
0.137111 2 9.78
0.136337 2 9.79
0.134984 2 9.8
0.13421 2 9.81
0.13363 2 9.82
0.133243 2 9.83
0.131309 2 9.84
0.130536 2 9.85
0.129569 2 9.86
0.128795 2 9.87
0.127828 2 9.88
0.126861 2 9.89
0.125701 2 9.9
0.124541 2 9.91
0.124347 2 9.92
0.124154 2 9.93
0.123187 2 9.94
0.1228 2 9.95
0.122607 2 9.96
0.121833 2 9.97
0.12106 2 9.98
0.12048 1 9.99
0.119899 1 10
0.118933 1 10.01
0.118546 1 10.02
0.117579 1 10.03
0.117192 1 10.04
0.116418 1 10.05
0.116032 1 10.06
0.115258 1 10.07
0.114678 1 10.08
0.113518 1 10.09
0.113131 1 10.1
0.112551 1 10.11
0.11139 1 10.12
0.11081 1 10.13
0.110424 1 10.14
0.109457 1 10.15
0.109263 1 10.16
0.108296 1 10.17
0.107329 1 10.18
0.106362 1 10.19
0.105976 1 10.21
0.105395 1 10.22
0.104622 1 10.23
0.103462 1 10.24
0.102688 1 10.25
0.102301 1 10.26
0.101528 1 10.27
0.100754 1 10.28
0.0999807 1 10.29
0.0994005 1 10.3
0.0984336 1 10.31
0.0978534 1 10.32
0.09766 1 10.33
0.0970799 1 10.35
0.0966931 1 10.37
0.0964997 1 10.38
0.0959196 1 10.39
0.095146 1 10.4
0.0947592 1 10.41
0.0943725 1 10.42
0.0935989 1 10.43
0.0930188 1 10.44
0.0918584 1 10.45
0.0910849 1 10.46
0.0905047 1 10.47
0.0897312 1 10.48
0.0893444 1 10.49
0.0879907 1 10.5
0.0872172 1 10.51
0.086637 1 10.52
0.0856701 1 10.53
0.0848965 1 10.54
0.084123 1 10.55
0.0829627 1 10.56
0.0823825 1 10.58
0.081609 1 10.59
0.0810288 1 10.6
0.0800619 1 10.61
0.0792883 1 10.62
0.0783214 1 10.63
0.0769677 1 10.64
0.0763875 1 10.65
0.075614 1 10.66
0.0754206 1 10.67
0.0748405 1 10.68
0.0742603 1 10.69
0.0736801 1 10.7
0.0729066 1 10.71
0.072133 1 10.72
0.0719397 1 10.73
0.0707793 1 10.74
0.0698124 1 10.75
0.0694256 1 10.77
0.0686521 1 10.78
0.0682653 1 10.79
0.0678786 1 10.8
0.0676852 1 10.81
0.0672984 1 10.82
0.0661381 1 10.83
0.0659447 1 10.84
0.0653645 1 10.85
0.064591 1 10.86
0.0640108 1 10.87
0.0630439 1 10.88
0.062077 1 10.89
0.0614968 1 10.9
0.0613034 1 10.91
0.0607233 1 10.92
0.0597563 1 10.93
0.0589828 1 10.94
0.0587894 1 10.95
0.058596 1 10.96
0.0584026 1 10.97
0.0572423 1 10.98
0.0570489 1 10.99
0.0566622 1 11
0.0564688 1 11.01
0.0556952 1 11.02
0.0553085 1 11.04
0.0545349 1 11.05
0.0539547 1 11.07
0.0537614 1 11.08
0.0533746 1 11.09
0.0531812 1 11.1
0.0527944 1 11.11
0.0516341 1 11.12
0.0512473 1 11.13
0.050087 1 11.14
0.0498936 1 11.15
0.0493135 1 11.16
0.0489267 1 11.17
0.0481532 1 11.18
0.0477664 1 11.19
0.0467995 1 11.2
0.0462193 1 11.21
0.0460259 1 11.22
0.0458325 1 11.23
0.0452524 1 11.24
0.045059 1 11.25
0.0442854 1 11.26
0.0437053 1 11.28
0.0433185 1 11.29
0.0431251 1 11.3
0.0429317 1 11.32
0.0427383 1 11.33
0.042545 1 11.34
0.0421582 1 11.35
0.0417714 1 11.36
0.0413846 1 11.37
0.0408045 1 11.38
0.0402243 1 11.39
0.0398376 1 11.41
0.0394508 1 11.42
0.0392574 0 11.43
0.039064 0 11.44
0.0386772 0 11.45
0.0380971 0 11.47
0.0377103 0 11.48
0.0371301 0 11.49
0.0369368 0 11.5
0.03655 0 11.51
0.0361632 0 11.52
0.0359698 0 11.53
0.0357764 0 11.54
0.0355831 0 11.55
0.0350029 0 11.56
0.0346161 0 11.57
0.034036 0 11.58
0.0338426 0 11.59
0.0334558 0 11.6
0.0332624 0 11.61
0.0324889 0 11.62
0.0321021 0 11.63
0.0319087 0 11.64
0.0317153 0 11.66
0.0313286 0 11.67
0.030555 0 11.68
0.0297815 0 11.69
0.0295881 0 11.72
0.0290079 0 11.73
0.0286212 0 11.74
0.0284278 0 11.76
0.028041 0 11.77
0.0278476 0 11.78
0.0276542 0 11.8
0.0274608 0 11.81
0.0270741 0 11.82
0.0268807 0 11.83
0.0266873 0 11.84
0.0264939 0 11.85
0.0263005 0 11.87
0.025527 0 11.88
0.0249468 0 11.89
0.0247534 0 11.9
0.0243667 0 11.91
0.0241733 0 11.93
0.0239799 0 11.95
0.0233997 0 11.96
0.0232063 0 11.97
0.0226262 0 11.98
0.0224328 0 12
0.022046 0 12.02
0.0218526 0 12.03
0.0216593 0 12.05
0.0214659 0 12.06
0.0212725 0 12.07
0.0206923 0 12.08
0.0204989 0 12.09
0.0201122 0 12.11
0.0199188 0 12.12
0.0197254 0 12.13
0.019532 0 12.16
0.0193386 0 12.17
0.0191452 0 12.18
0.0189518 0 12.2
0.0185651 0 12.21
0.0181783 0 12.22
0.0179849 0 12.23
0.0177915 0 12.27
0.0174048 0 12.28
0.017018 0 12.29
0.0168246 0 12.3
0.0166312 0 12.31
0.0162444 0 12.32
0.0158577 0 12.34
0.0154709 0 12.35
0.0150841 0 12.36
0.0148907 0 12.38
0.0146974 0 12.39
0.014504 0 12.41
0.0143106 0 12.42
0.0141172 0 12.43
0.0139238 0 12.44
0.0137304 0 12.45
0.013537 0 12.5
0.0133436 0 12.51
0.0131503 0 12.54
0.0125701 0 12.56
0.0123767 0 12.59
0.0119899 0 12.61
0.0117966 0 12.63
0.0116032 0 12.65
0.0114098 0 12.68
0.0112164 0 12.69
0.011023 0 12.71
0.0108296 0 12.74
0.0106362 0 12.75
0.0102495 0 12.77
0.0100561 0 12.78
0.0098627 0 12.79
0.00966931 0 12.82
0.00947592 0 12.83
0.00928254 0 12.85
0.00908915 0 12.87
0.00889576 0 12.89
0.00870238 0 12.91
0.00850899 0 12.92
0.00831561 0 12.93
0.00812222 0 12.95
0.00792883 0 12.99
0.00754206 0 13
0.00734868 0 13.05
0.00715529 0 13.07
0.0069619 0 13.08
0.00676852 0 13.09
0.00657513 0 13.1
0.00599497 0 13.12
0.00580159 0 13.14
0.0056082 0 13.15
0.00522143 0 13.18
0.00502804 0 13.21
0.00483465 0 13.22
0.00464127 0 13.24
0.00444788 0 13.28
0.00406111 0 13.29
0.00386772 0 13.33
0.00367434 0 13.34
0.00328757 0 13.37
0.00309418 0 13.38
0.00290079 0 13.41
0.00270741 0 13.43
0.00251402 0 13.47
0.00232063 0 13.56
0.00193386 0 13.66
0.00174048 0 13.71
0.00154709 0 13.72
0.0013537 0 13.73
0.00116032 0 13.94
0.000966931 0 14.06
0.000773545 0 14.17
0.000580159 0 14.18
0.000386772 0 15.06
0.000193386 0 16.05
0 0 1.79769e+308
