0.118358 1
0.118235 1
0.118106 1
0.11798 1
0.117858 1
0.117726 1
0.1176 1
0.117469 1
0.117346 1
0.117101 1
0.116967 1
0.116831 1
0.116702 1
0.116593 1
0.116486 1
0.116353 1
0.116228 1
0.116105 1
0.115986 1
0.115851 1
0.115726 1
0.115477 1
0.115358 1
0.115224 1
0.114969 1
0.114839 1
0.114588 1
0.114457 1
0.1142 1
0.114059 1
0.113946 1
0.113687 1
0.113552 1
0.113292 1
0.112917 1
0.112801 1
0.112293 1
0.111906 1
0.111779 1
0.111527 1
0.110773 1
0.110644 1
0.110522 1
0.109767 1
0.109537 1
0.109153 1
0.108895 1
0.10876 1
0.108625 1
0.108361 1
0.108234 1
0.107596 1
0.107466 1
0.107332 1
0.107206 1
0.107075 1
0.106719 0
0.106607 0
0.10648 0
0.1061 0
0.105852 0
0.105365 0
0.104969 0
0.104569 0
0.104459 0
0.103799 0
0.103673 0
0.103297 0
0.102899 0
0.102786 0
0.102136 0
0.102007 0
0.101878 0
0.101481 0
0.101104 0
0.100728 0
0.100373 0
0.100249 0
0.100112 0
0.0996344 0
0.0992573 0
0.0985086 0
0.0980113 0
0.0973973 0
0.0966167 0
0.0959955 0
0.0956079 0
0.0948539 0
0.0944719 0
0.0942168 0
0.0939577 0
0.0936885 0
0.0928954 0
0.0927713 0
0.0923709 0
0.0916203 0
0.0908623 0
0.0902117 0
0.0896767 0
0.0892909 0
0.0890251 0
0.0885075 0
0.088013 0
0.0878807 0
0.0875016 0
0.0869972 0
0.0862768 0
0.0852596 0
0.0843532 0
0.0840916 0
0.0838374 0
0.0834743 0
0.0832222 0
0.0823084 0
0.0820785 0
0.0817074 0
0.0814685 0
0.0809531 0
0.0805845 0
0.0804422 0
0.0798031 0
0.0795506 0
0.0792913 0
0.0783866 0
0.0780117 0
0.0777473 0
0.0773647 0
0.0771101 0
0.0768513 0
0.076326 0
0.0759267 0
0.0755539 0
0.0752746 0
0.0747659 0
0.0741448 0
0.0737612 0
0.072994 0
0.0725037 0
0.0723822 0
0.0713541 0
0.0707292 0
0.0700855 0
0.0698395 0
0.0695761 0
0.0687986 0
0.0686739 0
0.0681583 0
0.0676616 0
0.0668583 0
0.06635 0
0.0656091 0
0.0645787 0
0.0640601 0
0.0636634 0
0.0633931 0
0.062877 0
0.0618447 0
0.0614626 0
0.0610767 0
0.0606777 0
0.0605522 0
0.0604103 0
0.0601425 0
0.0596289 0
0.0590621 0
0.0582913 0
0.0577692 0
0.0575244 0
0.0572726 0
0.0570216 0
0.0567599 0
0.0562416 0
0.0559947 0
0.0556143 0
0.0551063 0
0.0548526 0
0.0545926 0
0.0539576 0
0.0534404 0
0.0533113 0
0.0526711 0
0.0521744 0
0.051791 0
0.051535 0
0.0506358 0
0.0502529 0
0.0494667 0
0.0489704 0
0.0487282 0
0.0482047 0
0.0475606 0
0.0465474 0
0.046017 0
0.0456283 0
0.0453692 0
0.0448488 0
0.0443414 0
0.0440867 0
0.0438376 0
0.0435857 0
0.0430548 0
0.0426824 0
0.0424308 0
0.0420378 0
0.041784 0
0.0415367 0
0.0412921 0
0.040535 0
0.040014 0
0.0397612 0
0.038981 0
0.0388613 0
0.0387497 0
0.038225 0
0.037581 0
0.0373052 0
0.0369286 0
0.0365393 0
0.035786 0
0.035537 0
0.0347915 0
0.0344069 0
0.0339179 0
0.033785 0
0.0336564 0
0.033263 0
0.032873 0
0.0318234 0
0.031437 0
0.0312877 0
0.0303924 0
0.0296196 0
0.0293691 0
0.0284857 0
0.0279933 0
0.0278686 0
0.0272327 0
0.0268335 0
0.0264615 0
0.0259451 0
0.0252218 0
0.0245817 0
0.024332 0
0.0238276 0
0.0235683 0
0.0234444 0
0.02319 0
0.0230587 0
0.0224094 0
0.0219156 0
0.0217878 0
0.0215453 0
0.0210425 0
0.0207841 0
0.0201505 0
0.0198704 0
0.0194814 0
0.0191038 0
0.0188368 0
0.0181881 0
0.0176776 0
0.0171602 0
0.0167521 0
0.0166262 0
0.0163691 0
0.0162369 0
0.0158667 0
0.0154855 0
0.0152276 0
0.0149625 0
0.0147129 0
0.0145793 0
0.0143288 0
0.0140716 0
0.0138137 0
0.0135563 0
0.013297 0
0.0131652 0
0.0129029 0
0.0125119 0
0.0121392 0
0.0120273 0
0.0116339 0
0.0112668 0
0.0111526 0
0.0110159 0
0.0107844 0
0.0105201 0
0.0103925 0
0.0102688 0
0.00974287 0
0.00961764 0
0.00935077 0
0.00922797 0
0.00910948 0
0.00898212 0
0.00885057 0
0.00872646 0
0.00848371 0
0.00836428 0
0.00824192 0
0.00811136 0
0.00798483 0
0.00785718 0
0.00761216 0
0.00721835 0
0.00709029 0
0.00670625 0
0.00658198 0
0.00645339 0
0.0061906 0
0.00592576 0
0.00581191 0
0.00568328 0
0.00541483 0
0.00528602 0
0.00516011 0
0.00502893 0
0.00476956 0
0.00464049 0
0.00450708 0
0.00437293 0
0.00424947 0
0.00412096 0
0.0040085 0
0.00388191 0
0.00375313 0
0.00338606 0
0.00325607 0
0.00312109 0
0.00299979 0
0.00286677 0
0.00273641 0
0.00260394 0
0.00234303 0
0.00208198 0
0.00195121 0
0.00182415 0
0.00142456 0
0.00129172 0
0.0011669 0
0.00103348 0
0.000904499 0
0.000782085 0
0.000642278 0
0.000521372 0
0.000392507 0
0.000263043 0
0.00013169 0
0 0
