0.489153 233
0.489014 233
0.489014 232
0.489014 231
0.489014 230
0.489014 229
0.489014 228
0.488835 227
0.488733 227
0.488599 226
0.488474 225
0.488474 224
0.488474 223
0.48835 222
0.48835 220
0.488221 219
0.488221 218
0.488095 218
0.487864 217
0.487844 215
0.487844 213
0.487844 211
0.48775 208
0.487615 206
0.487514 205
0.487403 204
0.487403 203
0.487281 203
0.487144 203
0.487041 200
0.486651 200
0.486651 198
0.486485 196
0.486347 195
0.486239 195
0.486239 192
0.486108 190
0.486035 189
0.486035 187
0.485756 184
0.485543 181
0.485416 181
0.485283 180
0.485172 179
0.48454 177
0.48454 176
0.484533 173
0.484411 171
0.484129 168
0.48399 168
0.483653 167
0.483508 166
0.483508 164
0.483229 159
0.482858 157
0.48272 155
0.482399 153
0.482026 150
0.481415 148
0.481173 145
0.481173 144
0.481033 142
0.480496 141
0.480274 140
0.480139 138
0.480043 136
0.480031 134
0.479769 134
0.479547 132
0.479384 129
0.47925 127
0.478623 126
0.478149 124
0.477641 122
0.47727 119
0.477029 118
0.476793 116
0.476667 113
0.476353 112
0.475633 111
0.474791 109
0.474509 108
0.473955 106
0.473472 105
0.472753 105
0.472232 105
0.471496 105
0.471365 102
0.470303 100
0.46982 99
0.468785 95
0.467596 93
0.466878 91
0.466497 91
0.466362 89
0.465543 85
0.464741 83
0.464131 82
0.463231 81
0.4626 78
0.461698 76
0.460666 76
0.459529 74
0.458472 73
0.457775 73
0.456994 73
0.456107 71
0.455595 69
0.455143 67
0.45395 65
0.452122 63
0.450836 63
0.449657 61
0.448928 61
0.447934 60
0.446607 59
0.445377 58
0.443898 56
0.442256 53
0.442139 52
0.441111 51
0.439988 49
0.438874 47
0.437859 47
0.436392 47
0.435362 45
0.434007 44
0.433027 43
0.43128 40
0.429561 39
0.427423 39
0.425453 38
0.42374 37
0.422805 37
0.42156 34
0.420295 34
0.418704 34
0.417415 34
0.416095 33
0.413917 33
0.412822 31
0.411162 30
0.410186 29
0.408721 27
0.406664 25
0.406061 24
0.404457 24
0.402655 23
0.401179 22
0.399564 20
0.397531 20
0.395437 20
0.393322 20
0.391634 18
0.390201 18
0.38843 18
0.386236 17
0.385344 17
0.383635 16
0.381508 16
0.379882 16
0.378633 15
0.377114 15
0.375359 14
0.373414 14
0.371169 14
0.369615 14
0.367441 13
0.365198 13
0.363281 12
0.360264 12
0.358451 11
0.355951 11
0.353064 11
0.349145 11
0.347018 11
0.34482 10
0.343343 10
0.340789 10
0.338107 9
0.336047 9
0.333836 9
0.331842 9
0.328942 9
0.326003 9
0.32341 9
0.321885 9
0.319127 9
0.315908 9
0.31233 9
0.309526 9
0.306569 8
0.303435 8
0.302148 8
0.300018 8
0.296761 7
0.293738 7
0.291635 6
0.289437 6
0.287415 6
0.283847 6
0.280896 6
0.277502 4
0.275358 4
0.272349 4
0.269921 4
0.266557 4
0.263204 4
0.2599 4
0.257426 4
0.254359 4
0.251766 4
0.248772 3
0.245213 3
0.242585 3
0.239658 3
0.236326 3
0.232699 3
0.229977 3
0.22701 3
0.22366 3
0.220186 3
0.216832 3
0.213721 3
0.211452 3
0.209108 3
0.205921 3
0.203857 3
0.200936 3
0.197548 3
0.19386 2
0.190638 2
0.187874 2
0.185379 2
0.182528 2
0.179428 2
0.177282 2
0.173869 2
0.17196 2
0.169041 2
0.167218 2
0.164656 2
0.162224 2
0.159427 2
0.15605 2
0.1541 2
0.151804 2
0.148217 2
0.146443 2
0.143868 2
0.141474 1
0.138708 1
0.136132 1
0.133963 1
0.131778 1
0.128913 1
0.126726 1
0.124547 1
0.122453 1
0.119354 1
0.116777 1
0.115521 1
0.113386 1
0.110683 1
0.108618 1
0.105891 0
0.10435 0
0.102819 0
0.1005 0
0.0980374 0
0.095986 0
0.094078 0
0.0918521 0
0.0898413 0
0.0881581 0
0.0851206 0
0.0829483 0
0.0815545 0
0.0801378 0
0.0780925 0
0.0756806 0
0.0730502 0
0.0715122 0
0.0693622 0
0.0681119 0
0.0662101 0
0.0645545 0
0.0632701 0
0.0617476 0
0.0603427 0
0.0590621 0
0.058302 0
0.0563378 0
0.0542769 0
0.0518958 0
0.0505041 0
0.049066 0
0.0476109 0
0.0456761 0
0.0448895 0
0.0425706 0
0.0406573 0
0.0391024 0
0.0367852 0
0.035629 0
0.0344904 0
0.0342334 0
0.0333379 0
0.0317581 0
0.0301743 0
0.0291297 0
0.028108 0
0.0269308 0
0.0258643 0
0.0250831 0
0.0246933 0
0.023902 0
0.0231237 0
0.0220711 0
0.0211752 0
0.0206502 0
0.0202723 0
0.0198831 0
0.0191132 0
0.0185734 0
0.0176863 0
0.0169393 0
0.0163004 0
0.0157631 0
0.015224 0
0.0145636 0
0.013485 0
0.012331 0
0.0122122 0
0.0116958 0
0.0115816 0
0.0114487 0
0.0108343 0
0.0105779 0
0.0103169 0
0.00993171 0
0.00980174 0
0.00912928 0
0.00887645 0
0.00836127 0
0.00784861 0
0.00770867 0
0.007197 0
0.00694218 0
0.00667109 0
0.00627864 0
0.00577203 0
0.00551048 0
0.00509108 0
0.00497242 0
0.00468237 0
0.00455692 0
0.0044346 0
0.00430434 0
0.00391834 0
0.00365155 0
0.00324151 0
0.00298966 0
0.00273523 0
0.00236001 0
0.0021066 0
0.00197192 0
0.00183148 0
0.00169836 0
0.0014528 0
0.00132048 0
0.00118788 0
0.000917829 0
0.000789144 0
0.000662439 0
0.000530045 0
0.000397744 0
0.000264725 0
0.000139603 0
0 0
