0.479656 188
0.479517 188
0.479517 187
0.479415 187
0.479289 186
0.479289 185
0.479289 184
0.479156 183
0.479156 182
0.479027 181
0.478901 181
0.478769 181
0.478769 179
0.478769 177
0.478769 176
0.478634 174
0.478523 173
0.478523 172
0.478401 172
0.478297 170
0.478041 170
0.478041 168
0.477875 166
0.477875 165
0.477875 164
0.477744 162
0.477671 161
0.477671 160
0.477392 157
0.477179 154
0.477052 154
0.477052 153
0.476942 152
0.476309 152
0.476309 151
0.476303 148
0.47618 147
0.475898 144
0.475811 143
0.475665 142
0.475665 140
0.475386 135
0.475015 133
0.474878 132
0.474679 130
0.474438 127
0.473826 125
0.473709 122
0.473709 121
0.473569 119
0.473309 118
0.473086 117
0.472952 115
0.472952 114
0.472939 112
0.472683 112
0.472461 110
0.472298 107
0.472164 106
0.471537 106
0.471318 105
0.47081 104
0.470324 102
0.470083 101
0.469847 99
0.469721 97
0.46949 97
0.46877 96
0.468067 94
0.46793 93
0.467479 92
0.467222 92
0.466503 92
0.465983 92
0.465246 92
0.465115 89
0.464053 88
0.463704 87
0.462665 83
0.461478 81
0.46076 79
0.460508 79
0.460373 78
0.459505 75
0.45884 73
0.45823 72
0.457591 72
0.45696 69
0.456058 67
0.455164 67
0.454028 65
0.452847 64
0.45215 64
0.451369 64
0.450611 62
0.450109 61
0.449657 60
0.448583 59
0.446754 58
0.445469 58
0.444289 56
0.44356 56
0.442567 55
0.44124 54
0.440235 54
0.43889 52
0.437248 50
0.43713 49
0.436367 48
0.435249 46
0.434135 45
0.433137 45
0.431795 45
0.430898 43
0.429681 42
0.4287 41
0.427184 39
0.425574 38
0.423425 38
0.421455 37
0.419742 36
0.418807 36
0.417562 33
0.416297 33
0.414718 33
0.413537 33
0.412217 32
0.410039 32
0.40908 30
0.40765 29
0.406674 28
0.405347 26
0.40329 24
0.402955 23
0.401352 23
0.39955 22
0.398074 21
0.396473 19
0.39444 19
0.392491 19
0.390477 19
0.388789 17
0.387356 17
0.385586 17
0.383391 16
0.382499 16
0.380911 15
0.378915 15
0.377289 15
0.376049 14
0.374531 14
0.372776 13
0.370835 13
0.368595 13
0.367041 13
0.364867 12
0.362741 12
0.360827 11
0.357955 11
0.356142 10
0.35378 10
0.350897 10
0.346979 10
0.344852 10
0.342845 10
0.341368 10
0.338814 10
0.33613 9
0.334071 9
0.331859 9
0.329881 9
0.327104 9
0.324164 9
0.321572 9
0.320179 9
0.317421 9
0.314202 9
0.310624 9
0.307936 9
0.304978 8
0.301845 8
0.300558 8
0.298428 8
0.295171 7
0.292263 7
0.29016 6
0.287962 6
0.285941 6
0.282372 6
0.27955 6
0.276156 4
0.274014 4
0.271131 4
0.268827 4
0.265462 4
0.262354 4
0.259047 4
0.256573 4
0.253503 4
0.25091 4
0.247916 3
0.244355 3
0.241727 3
0.2388 3
0.2356 3
0.231973 3
0.229251 3
0.226284 3
0.222934 3
0.21946 3
0.216213 3
0.213234 3
0.210965 3
0.208627 3
0.20544 3
0.203477 3
0.200556 3
0.197175 3
0.193487 2
0.190265 2
0.187501 2
0.185006 2
0.182155 2
0.179053 2
0.176907 2
0.173494 2
0.171586 2
0.168666 2
0.166844 2
0.164282 2
0.161849 2
0.159053 2
0.155675 2
0.153725 2
0.151429 2
0.147843 2
0.146087 2
0.143511 2
0.141117 1
0.138463 1
0.135887 1
0.133718 1
0.131533 1
0.128668 1
0.126481 1
0.124302 1
0.122208 1
0.119109 1
0.116532 1
0.115279 1
0.113144 1
0.110441 1
0.108375 1
0.105648 0
0.104108 0
0.102576 0
0.100258 0
0.0977951 0
0.0957437 0
0.0938357 0
0.0916098 0
0.089599 0
0.0879158 0
0.0848783 0
0.0827021 0
0.0813084 0
0.0798917 0
0.0778464 0
0.0754344 0
0.0728041 0
0.071266 0
0.069116 0
0.0678657 0
0.0659639 0
0.0643083 0
0.0631628 0
0.0616402 0
0.0602354 0
0.0590568 0
0.058299 0
0.0563349 0
0.054274 0
0.0518928 0
0.0505012 0
0.049063 0
0.047608 0
0.0456731 0
0.0448866 0
0.0425701 0
0.0406567 0
0.0391018 0
0.0367846 0
0.0356284 0
0.0344898 0
0.0342328 0
0.0333373 0
0.0317575 0
0.0301737 0
0.0291291 0
0.0281074 0
0.0269302 0
0.0258637 0
0.0250826 0
0.0246927 0
0.0239014 0
0.0231231 0
0.0220706 0
0.0211746 0
0.0206497 0
0.0202717 0
0.0198825 0
0.0191126 0
0.0185728 0
0.0176857 0
0.0169388 0
0.0162998 0
0.0157625 0
0.0152234 0
0.014563 0
0.0134844 0
0.0123304 0
0.0122116 0
0.0116952 0
0.011581 0
0.0114482 0
0.0108338 0
0.0105774 0
0.0103163 0
0.00993113 0
0.00980116 0
0.0091287 0
0.00887587 0
0.00836069 0
0.00784803 0
0.00770809 0
0.00719642 0
0.0069416 0
0.00667051 0
0.00627806 0
0.00577144 0
0.00550989 0
0.0050905 0
0.00497183 0
0.00468178 0
0.00455634 0
0.00443401 0
0.00430376 0
0.00391775 0
0.00365155 0
0.00324151 0
0.00298966 0
0.00273523 0
0.00236001 0
0.0021066 0
0.00197192 0
0.00183148 0
0.00169836 0
0.0014528 0
0.00132048 0
0.00118788 0
0.000917829 0
0.000789144 0
0.000662439 0
0.000530045 0
0.000397744 0
0.000264725 0
0.000139603 0
0 0
