0.722878 157 106.29
0.722878 156 106.32
0.722878 155 106.39
0.722878 154 106.43
0.722878 153 106.48
0.722878 152 106.51
0.722684 151 106.53
0.722684 150 106.54
0.722684 149 106.55
0.722684 148 106.58
0.722684 147 106.59
0.722684 146 106.61
0.722684 144 106.62
0.722491 144 106.63
0.722297 143 106.65
0.722104 143 106.66
0.722104 142 106.67
0.722104 141 106.69
0.721911 141 106.7
0.721717 140 106.71
0.721717 139 106.72
0.721524 138 106.73
0.72133 138 106.75
0.72133 137 106.76
0.721137 137 106.8
0.720557 137 106.83
0.720364 137 106.84
0.72017 137 106.85
0.719977 137 106.86
0.71959 135 106.87
0.719397 134 106.89
0.719397 133 106.9
0.719203 132 106.91
0.71901 132 106.92
0.718816 132 106.93
0.71843 131 106.94
0.718043 131 106.95
0.71785 131 106.96
0.717269 131 106.97
0.716883 127 106.98
0.716302 125 106.99
0.715722 125 107.01
0.715142 123 107.02
0.715142 122 107.03
0.715142 119 107.04
0.715142 118 107.05
0.714755 117 107.06
0.714369 114 107.07
0.714369 113 107.08
0.713595 113 107.09
0.713402 113 107.1
0.713208 112 107.11
0.713015 112 107.12
0.712822 112 107.13
0.712241 112 107.14
0.711274 111 107.15
0.710888 111 107.16
0.710694 110 107.17
0.710501 108 107.18
0.709921 106 107.19
0.709341 106 107.2
0.70876 104 107.21
0.707793 102 107.22
0.707213 100 107.23
0.706633 100 107.24
0.706053 100 107.25
0.705666 98 107.26
0.705086 97 107.27
0.703926 95 107.28
0.703732 94 107.29
0.702572 92 107.3
0.701798 90 107.31
0.701218 87 107.32
0.700445 83 107.33
0.700058 81 107.34
0.699478 81 107.35
0.698898 80 107.36
0.698124 79 107.37
0.697351 78 107.38
0.696384 78 107.39
0.69619 78 107.4
0.69561 76 107.41
0.695417 76 107.42
0.694837 74 107.43
0.694063 73 107.44
0.69387 72 107.45
0.692516 72 107.46
0.691742 71 107.47
0.690775 71 107.48
0.690002 69 107.49
0.689422 66 107.5
0.688261 65 107.51
0.687101 65 107.52
0.686521 65 107.53
0.685941 63 107.54
0.685167 63 107.55
0.684394 62 107.56
0.683814 61 107.57
0.683233 60 107.58
0.682073 60 107.59
0.680913 60 107.6
0.679559 58 107.61
0.678592 58 107.62
0.677432 57 107.63
0.676078 57 107.64
0.675305 55 107.65
0.674338 55 107.66
0.673371 54 107.67
0.671824 54 107.68
0.670663 53 107.69
0.670083 53 107.7
0.668149 52 107.71
0.666215 52 107.72
0.663895 52 107.73
0.662541 50 107.74
0.660414 48 107.75
0.65906 47 107.76
0.657513 47 107.77
0.654225 47 107.78
0.653065 47 107.79
0.651518 47 107.8
0.650358 47 107.81
0.649004 47 107.82
0.64765 45 107.83
0.645136 44 107.84
0.644169 43 107.85
0.643202 42 107.86
0.641655 40 107.87
0.638948 40 107.88
0.637401 40 107.89
0.6345 39 107.9
0.633146 36 107.91
0.631406 36 107.92
0.629665 36 107.93
0.627345 35 107.94
0.625411 33 107.95
0.623284 33 107.96
0.619416 31 107.97
0.618642 31 107.98
0.616128 30 107.99
0.613228 30 108
0.6111 28 108.01
0.609553 26 108.02
0.606846 26 108.03
0.605299 25 108.04
0.603558 23 108.05
0.602011 22 108.06
0.597563 22 108.07
0.595823 22 108.08
0.594856 22 108.09
0.592922 22 108.1
0.590795 21 108.11
0.588087 19 108.12
0.58596 19 108.13
0.582673 18 108.14
0.578998 18 108.15
0.577064 18 108.16
0.574744 16 108.17
0.57165 16 108.18
0.568362 15 108.19
0.564494 15 108.2
0.562174 15 108.21
0.560046 14 108.22
0.556179 13 108.23
0.552311 13 108.24
0.549604 13 108.25
0.545542 13 108.26
0.542255 12 108.27
0.539741 11 108.28
0.537227 11 108.29
0.533553 11 108.3
0.530652 11 108.31
0.527558 11 108.32
0.52427 11 108.33
0.520982 10 108.34
0.518662 9 108.35
0.514214 9 108.36
0.510926 9 108.37
0.507832 9 108.38
0.504351 9 108.39
0.50087 8 108.4
0.498163 8 108.41
0.494102 8 108.42
0.491394 8 108.43
0.488494 8 108.44
0.485013 8 108.45
0.481725 8 108.46
0.478051 8 108.47
0.472829 7 108.48
0.469348 7 108.49
0.466254 6 108.5
0.462967 6 108.51
0.459486 6 108.52
0.455811 5 108.53
0.45291 5 108.54
0.447496 5 108.55
0.443241 5 108.56
0.439373 4 108.57
0.434152 4 108.58
0.431251 4 108.59
0.42661 3 108.6
0.424483 3 108.61
0.421582 3 108.62
0.415974 3 108.63
0.41288 3 108.64
0.408238 3 108.65
0.404564 2 108.66
0.398762 2 108.67
0.393154 2 108.68
0.38948 1 108.69
0.385612 1 108.7
0.382905 1 108.71
0.380197 1 108.72
0.375556 1 108.73
0.373042 1 108.74
0.368787 1 108.75
0.364533 1 108.76
0.360472 1 108.77
0.353897 1 108.78
0.349449 1 108.79
0.344614 1 108.8
0.34036 1 108.81
0.335332 1 108.82
0.33011 1 108.83
0.325082 1 108.84
0.320441 1 108.85
0.31696 1 108.86
0.312512 1 108.87
0.307871 1 108.88
0.30381 1 108.89
0.299555 1 108.9
0.295494 1 108.91
0.292207 0 108.92
0.288532 0 108.93
0.283698 0 108.94
0.27925 0 108.95
0.274222 0 108.96
0.26958 0 108.97
0.264939 0 108.98
0.259911 0 108.99
0.256623 0 109
0.252949 0 109.01
0.249081 0 109.02
0.245214 0 109.03
0.242893 0 109.04
0.238445 0 109.05
0.235158 0 109.06
0.229549 0 109.07
0.224521 0 109.08
0.221427 0 109.09
0.217173 0 109.1
0.213692 0 109.11
0.210404 0 109.12
0.20731 0 109.13
0.204022 0 109.14
0.200928 0 109.15
0.197641 0 109.16
0.192226 0 109.17
0.187971 0 109.18
0.185651 0 109.19
0.184297 0 109.2
0.18159 0 109.21
0.177915 0 109.22
0.174434 0 109.23
0.17134 0 109.24
0.16902 0 109.25
0.166312 0 109.26
0.164185 0 109.27
0.160511 0 109.28
0.15877 0 109.29
0.154129 0 109.3
0.149488 0 109.31
0.14678 0 109.32
0.143106 0 109.33
0.141172 0 109.34
0.137691 0 109.35
0.13595 0 109.36
0.133243 0 109.37
0.129762 0 109.38
0.128022 0 109.39
0.125508 0 109.4
0.122027 0 109.41
0.119706 0 109.42
0.117385 0 109.43
0.113904 0 109.44
0.112551 0 109.45
0.108876 0 109.46
0.107136 0 109.47
0.105589 0 109.48
0.101915 0 109.49
0.0992071 0 109.5
0.09766 0 109.51
0.0945658 0 109.52
0.0920518 0 109.53
0.0889576 0 109.54
0.0862502 0 109.55
0.0837362 0 109.56
0.0812222 0 109.57
0.0796751 0 109.58
0.078128 0 109.59
0.0771611 0 109.6
0.075614 0 109.61
0.0742603 0 109.62
0.0734868 0 109.63
0.0709727 0 109.64
0.0692323 0 109.65
0.0678786 0 109.66
0.0661381 0 109.67
0.064591 0 109.68
0.0632373 0 109.69
0.0614968 0 109.7
0.0591762 0 109.71
0.0570489 0 109.72
0.0555018 0 109.73
0.0541481 0 109.74
0.0524077 0 109.75
0.051054 0 109.76
0.0498936 0 109.77
0.0481532 0 109.78
0.0464127 0 109.79
0.045059 0 109.8
0.0438987 0 109.81
0.0423516 0 109.82
0.0411913 0 109.83
0.0400309 0 109.84
0.0396442 0 109.85
0.0382905 0 109.86
0.0363566 0 109.87
0.0353897 0 109.88
0.0348095 0 109.89
0.0344227 0 109.9
0.0338426 0 109.91
0.0328757 0 109.92
0.0319087 0 109.93
0.0301682 0 109.94
0.0295881 0 109.95
0.0288145 0 109.96
0.0272675 0 109.97
0.0264939 0 109.98
0.0261071 0 109.99
0.0243667 0 110
0.0237865 0 110.01
0.023013 0 110.02
0.0210791 0 110.03
0.0197254 0 110.04
0.0193386 0 110.05
0.0183717 0 110.06
0.0179849 0 110.07
0.0175981 0 110.08
0.017018 0 110.09
0.0166312 0 110.1
0.0158577 0 110.11
0.0154709 0 110.12
0.0143106 0 110.13
0.0141172 0 110.14
0.013537 0 110.15
0.0131503 0 110.16
0.0127635 0 110.17
0.0125701 0 110.19
0.0121833 0 110.2
0.0117966 0 110.21
0.0112164 0 110.22
0.0106362 0 110.23
0.0102495 0 110.24
0.0098627 0 110.25
0.00947592 0 110.26
0.00908915 0 110.27
0.00889576 0 110.28
0.00850899 0 110.29
0.00812222 0 110.3
0.00792883 0 110.31
0.00734868 0 110.32
0.00715529 0 110.33
0.0069619 0 110.35
0.00657513 0 110.36
0.00638174 0 110.38
0.00618836 0 110.39
0.0056082 0 110.4
0.00502804 0 110.41
0.00483465 0 110.42
0.00444788 0 110.43
0.00386772 0 110.44
0.00367434 0 110.46
0.00348095 0 110.47
0.00328757 0 110.5
0.00309418 0 110.51
0.00270741 0 110.54
0.00232063 0 110.56
0.00193386 0 110.68
0.00174048 0 110.7
0.0013537 0 110.71
0.00116032 0 110.76
0.000966931 0 110.79
0.000773545 0 110.89
0.000580159 0 110.9
0.000386772 0 110.92
0.000193386 0 111.01
0 0 1.79769e+308
