0.722684 157 54.22
0.722491 157 54.24
0.722491 156 54.53
0.722297 156 54.61
0.722297 155 54.64
0.722297 154 54.65
0.722104 154 54.67
0.721911 153 54.69
0.721717 153 54.7
0.721524 153 54.72
0.721524 152 54.73
0.721524 151 54.75
0.721524 150 54.76
0.72133 150 54.83
0.721137 150 54.85
0.721137 148 54.86
0.72075 148 54.87
0.72075 146 54.88
0.720557 144 54.89
0.720557 143 54.9
0.720364 143 54.91
0.720364 142 54.92
0.72017 142 54.93
0.72017 141 54.95
0.72017 140 54.96
0.72017 137 54.97
0.719977 136 54.98
0.719783 136 54.99
0.719783 135 55
0.719783 134 55.01
0.718816 134 55.02
0.718816 133 55.03
0.718816 131 55.04
0.718623 131 55.05
0.718236 129 55.09
0.718236 128 55.1
0.718236 127 55.12
0.718236 125 55.13
0.71785 121 55.14
0.717463 120 55.16
0.717269 118 55.17
0.716883 115 55.18
0.715916 114 55.19
0.715529 111 55.2
0.715529 110 55.21
0.715336 108 55.22
0.714755 107 55.23
0.714369 106 55.24
0.714175 105 55.25
0.714175 104 55.26
0.714175 102 55.27
0.713788 102 55.28
0.713402 100 55.29
0.713208 97 55.3
0.713015 97 55.31
0.712048 97 55.32
0.711855 97 55.33
0.711081 96 55.34
0.710694 95 55.35
0.710501 94 55.36
0.710307 92 55.37
0.710114 91 55.38
0.709727 91 55.39
0.708954 90 55.4
0.707793 88 55.41
0.707407 88 55.42
0.706633 86 55.43
0.70644 86 55.44
0.705279 86 55.45
0.704506 86 55.46
0.703346 86 55.47
0.703152 83 55.48
0.701605 82 55.49
0.700832 81 55.5
0.699671 80 55.51
0.698124 78 55.52
0.697157 76 55.53
0.69677 76 55.54
0.696577 75 55.55
0.69561 72 55.56
0.694643 70 55.57
0.693676 69 55.58
0.692903 69 55.59
0.691936 66 55.6
0.690582 64 55.61
0.689228 64 55.62
0.687488 62 55.63
0.686328 62 55.64
0.685167 62 55.65
0.684007 62 55.66
0.682847 60 55.67
0.682073 59 55.68
0.681493 57 55.69
0.680139 56 55.7
0.677238 55 55.71
0.675305 55 55.72
0.673564 53 55.73
0.672404 53 55.74
0.670857 52 55.75
0.668923 51 55.76
0.667182 51 55.77
0.665055 49 55.78
0.662734 48 55.79
0.662541 47 55.8
0.661187 46 55.81
0.65964 44 55.82
0.6579 43 55.83
0.656546 43 55.85
0.654225 43 55.86
0.652678 41 55.87
0.650938 40 55.88
0.649584 39 55.89
0.64707 37 55.9
0.644363 36 55.91
0.641075 36 55.92
0.638174 35 55.93
0.63566 34 55.94
0.634113 34 55.95
0.632373 31 55.96
0.630439 31 55.97
0.628118 31 55.98
0.626184 31 55.99
0.624251 30 56
0.620963 30 56.01
0.619416 29 56.02
0.617095 28 56.03
0.615742 27 56.04
0.613808 25 56.05
0.610907 23 56.06
0.61052 22 56.07
0.6082 22 56.08
0.605686 21 56.09
0.603558 20 56.1
0.601044 18 56.11
0.598143 18 56.12
0.595049 18 56.13
0.591955 18 56.14
0.589635 16 56.15
0.587507 16 56.16
0.5848 16 56.17
0.581512 15 56.18
0.580159 15 56.19
0.577645 14 56.2
0.57455 14 56.21
0.57223 14 56.22
0.570489 13 56.23
0.568362 13 56.24
0.565655 12 56.25
0.56256 12 56.26
0.558886 12 56.27
0.556565 12 56.28
0.553278 11 56.29
0.54999 11 56.3
0.54709 11 56.31
0.542642 11 56.32
0.539934 10 56.33
0.536067 10 56.34
0.531619 10 56.35
0.525624 10 56.36
0.522336 10 56.37
0.519242 10 56.38
0.516921 10 56.39
0.513247 10 56.4
0.509379 9 56.41
0.506285 9 56.42
0.502997 9 56.43
0.499903 9 56.44
0.495649 9 56.45
0.491201 9 56.46
0.487527 9 56.47
0.485399 9 56.48
0.481145 9 56.49
0.47631 9 56.5
0.470895 9 56.51
0.466641 9 56.52
0.462193 8 56.53
0.457358 8 56.54
0.455424 8 56.55
0.452137 8 56.56
0.447302 7 56.57
0.442661 7 56.58
0.439567 6 56.59
0.436279 6 56.6
0.433185 6 56.61
0.42777 6 56.62
0.423322 6 56.63
0.418101 4 56.64
0.414813 4 56.65
0.410172 4 56.66
0.406498 4 56.67
0.40147 4 56.68
0.396635 4 56.69
0.391607 4 56.7
0.387739 4 56.71
0.383098 4 56.72
0.37923 4 56.73
0.374782 3 56.74
0.369368 3 56.75
0.365307 3 56.76
0.360859 3 56.77
0.355831 3 56.78
0.350222 3 56.79
0.346161 3 56.8
0.341713 3 56.81
0.336685 3 56.82
0.331464 3 56.83
0.326436 3 56.84
0.321795 3 56.85
0.318314 3 56.86
0.314639 3 56.87
0.309805 3 56.88
0.306711 3 56.89
0.302069 3 56.9
0.297041 3 56.91
0.291626 2 56.92
0.286598 2 56.93
0.282344 2 56.94
0.27867 2 56.95
0.274415 2 56.96
0.269774 2 56.97
0.266486 2 56.98
0.261265 2 56.99
0.258364 2 57
0.253916 2 57.01
0.251209 2 57.02
0.247341 2 57.03
0.243667 2 57.04
0.239412 2 57.05
0.234384 2 57.06
0.231483 2 57.07
0.228002 2 57.08
0.222588 2 57.09
0.21988 2 57.1
0.216012 2 57.11
0.212531 1 57.12
0.208277 1 57.13
0.204409 1 57.14
0.201122 1 57.15
0.197834 1 57.16
0.193386 1 57.17
0.190099 1 57.18
0.186811 1 57.19
0.183717 1 57.2
0.179076 1 57.21
0.175208 1 57.22
0.173274 1 57.23
0.169986 1 57.24
0.165925 1 57.25
0.162831 1 57.26
0.15877 0 57.27
0.156449 0 57.28
0.154129 0 57.29
0.150648 0 57.3
0.146974 0 57.31
0.143879 0 57.32
0.140979 0 57.33
0.137691 0 57.34
0.134597 0 57.35
0.132083 0 57.36
0.127442 0 57.37
0.124154 0 57.38
0.122027 0 57.39
0.119899 0 57.4
0.116805 0 57.41
0.113131 0 57.42
0.109263 0 57.43
0.106943 0 57.44
0.103655 0 57.45
0.101721 0 57.46
0.0988203 0 57.47
0.0963063 0 57.48
0.0943725 0 57.49
0.0920518 0 57.5
0.0899246 0 57.51
0.0879907 0 57.52
0.0868304 0 57.53
0.0839296 0 57.54
0.0808354 0 57.55
0.0773545 0 57.56
0.0752272 0 57.57
0.0731 0 57.58
0.0709727 0 57.59
0.0680719 0 57.6
0.0669116 0 57.61
0.0634307 0 57.62
0.0605299 0 57.63
0.0582092 0 57.64
0.0547283 0 57.65
0.0529878 0 57.66
0.0512473 0 57.67
0.0508606 0 57.68
0.0495069 0 57.69
0.0471862 0 57.7
0.0448656 0 57.71
0.0433185 0 57.72
0.0417714 0 57.73
0.0400309 0 57.74
0.0384839 0 57.75
0.0373235 0 57.76
0.0367434 0 57.77
0.0355831 0 57.78
0.0344227 0 57.79
0.0328757 0 57.8
0.0315219 0 57.81
0.0307484 0 57.82
0.0301682 0 57.83
0.0295881 0 57.84
0.0284278 0 57.85
0.0276542 0 57.86
0.0263005 0 57.87
0.0251402 0 57.88
0.0241733 0 57.89
0.0233997 0 57.9
0.0226262 0 57.91
0.0216593 0 57.92
0.0201122 0 57.93
0.0183717 0 57.94
0.0181783 0 57.95
0.0174048 0 57.96
0.0172114 0 57.97
0.017018 0 57.98
0.0160511 0 57.99
0.0156643 0 58
0.0152775 0 58.01
0.0146974 0 58.02
0.014504 0 58.03
0.013537 0 58.04
0.0131503 0 58.05
0.0123767 0 58.06
0.0116032 0 58.07
0.0114098 0 58.08
0.0106362 0 58.09
0.0102495 0 58.1
0.0098627 0 58.11
0.00928254 0 58.12
0.00850899 0 58.14
0.00812222 0 58.15
0.00754206 0 58.16
0.00734868 0 58.17
0.0069619 0 58.18
0.00676852 0 58.19
0.00657513 0 58.2
0.00638174 0 58.21
0.00580159 0 58.22
0.00541481 0 58.23
0.00483465 0 58.24
0.00444788 0 58.29
0.00406111 0 58.3
0.00348095 0 58.33
0.00309418 0 58.34
0.00290079 0 58.35
0.00270741 0 58.38
0.00251402 0 58.39
0.00212725 0 58.4
0.00193386 0 58.41
0.00174048 0 58.44
0.0013537 0 58.47
0.00116032 0 58.48
0.000966931 0 58.5
0.000773545 0 58.54
0.000580159 0 58.55
0.000386772 0 58.56
0.000193386 0 58.59
0 0 1.79769e+308
