0.419583 72
0.419583 71
0.419447 71
0.419322 71
0.419207 71
0.41909 71
0.41909 70
0.41909 69
0.41896 69
0.418943 68
0.418831 68
0.418676 68
0.418438 68
0.418349 67
0.418192 64
0.418057 64
0.417935 64
0.417817 64
0.417688 63
0.417354 62
0.417115 62
0.416782 61
0.416653 60
0.416398 59
0.416046 59
0.415558 59
0.41542 59
0.414967 58
0.414698 57
0.41457 57
0.41457 56
0.414479 55
0.414214 55
0.413783 53
0.413667 53
0.413183 53
0.412826 53
0.412706 53
0.412339 51
0.411514 51
0.41139 51
0.41095 49
0.410485 48
0.409832 48
0.409702 48
0.409201 48
0.408709 48
0.407959 48
0.407387 48
0.407145 48
0.407004 48
0.406256 47
0.406047 47
0.40531 46
0.404897 46
0.404044 46
0.40338 46
0.403045 44
0.402769 44
0.402167 43
0.401821 42
0.401056 42
0.40031 42
0.399673 42
0.398503 42
0.397757 42
0.397314 41
0.396112 40
0.395095 40
0.39388 40
0.392938 39
0.391453 39
0.390588 39
0.389986 39
0.389257 39
0.387959 38
0.387063 37
0.386127 37
0.38526 37
0.384385 36
0.383588 35
0.382981 35
0.382355 35
0.381408 35
0.379883 35
0.379241 35
0.378411 34
0.376979 34
0.375801 33
0.374655 33
0.374118 32
0.372751 32
0.3713 31
0.370174 31
0.369524 31
0.368274 31
0.36689 31
0.365746 30
0.364217 29
0.363349 28
0.361665 28
0.360153 27
0.358452 27
0.356819 27
0.35556 26
0.353803 25
0.352269 22
0.351232 21
0.349799 21
0.348528 20
0.346226 20
0.345335 20
0.343803 20
0.341795 20
0.340285 18
0.338091 18
0.336208 18
0.334424 17
0.332001 17
0.330436 17
0.3292 17
0.327213 16
0.324814 14
0.321708 14
0.319474 12
0.317095 12
0.315328 12
0.311825 12
0.310303 12
0.307823 12
0.305866 11
0.303974 11
0.301443 11
0.298656 11
0.29702 11
0.294745 11
0.29157 11
0.289821 10
0.28729 9
0.285025 9
0.283126 9
0.281663 9
0.279161 9
0.276657 8
0.275255 8
0.272529 8
0.269791 8
0.267764 8
0.265682 8
0.264156 8
0.262761 8
0.259914 8
0.257282 8
0.255015 8
0.252689 8
0.250027 8
0.247603 8
0.245833 7
0.242967 6
0.241185 6
0.237721 5
0.235456 4
0.232239 4
0.229943 4
0.228054 4
0.225713 4
0.223703 4
0.220068 4
0.217401 4
0.214259 4
0.211905 4
0.208924 4
0.204329 4
0.201876 3
0.199944 3
0.196978 3
0.194227 2
0.192299 2
0.189629 2
0.187973 2
0.185058 2
0.182517 2
0.179855 2
0.17729 2
0.174464 2
0.17192 2
0.169231 2
0.167243 2
0.165405 2
0.163565 2
0.160927 2
0.15913 2
0.157106 2
0.154987 1
0.152263 1
0.149957 1
0.148298 1
0.146719 0
0.144176 0
0.141653 0
0.139949 0
0.136893 0
0.134134 0
0.132508 0
0.13082 0
0.128816 0
0.126741 0
0.124278 0
0.121453 0
0.118379 0
0.116102 0
0.1136 0
0.111733 0
0.110197 0
0.108062 0
0.105992 0
0.102898 0
0.10133 0
0.0998782 0
0.0987494 0
0.0971749 0
0.0958564 0
0.0942114 0
0.0923306 0
0.0905389 0
0.0883648 0
0.0873433 0
0.0863438 0
0.0854658 0
0.0838249 0
0.082297 0
0.0811357 0
0.0787979 0
0.0767625 0
0.0748653 0
0.0741109 0
0.0728249 0
0.0708795 0
0.0677449 0
0.0668268 0
0.0656276 0
0.0641007 0
0.0628025 0
0.0615229 0
0.0600008 0
0.0585878 0
0.0574466 0
0.0559176 0
0.054089 0
0.0531814 0
0.0517614 0
0.0502172 0
0.048909 0
0.0476234 0
0.0466141 0
0.045988 0
0.0448435 0
0.0440655 0
0.0426641 0
0.0413568 0
0.0399457 0
0.0382906 0
0.0374972 0
0.0361873 0
0.0350509 0
0.0343906 0
0.0337701 0
0.0332551 0
0.0324689 0
0.0311407 0
0.030258 0
0.0296002 0
0.0278979 0
0.0271327 0
0.0258884 0
0.0252558 0
0.0242026 0
0.0231565 0
0.0225124 0
0.022002 0
0.0217556 0
0.0215066 0
0.0208896 0
0.0201236 0
0.0199938 0
0.0190945 0
0.0188335 0
0.0184376 0
0.0176512 0
0.0170148 0
0.0162379 0
0.0155683 0
0.0147733 0
0.0141309 0
0.0137168 0
0.0130915 0
0.0123415 0
0.0120783 0
0.0116846 0
0.0109115 0
0.0106497 0
0.010133 0
0.00985342 0
0.00958965 0
0.00945608 0
0.00919724 0
0.00855042 0
0.00790836 0
0.00724782 0
0.00712157 0
0.00700598 0
0.00675086 0
0.00661507 0
0.00647368 0
0.00619818 0
0.00594671 0
0.0056802 0
0.00540475 0
0.00502251 0
0.0048947 0
0.00477336 0
0.00465088 0
0.00390092 0
0.00377076 0
0.00311989 0
0.00299008 0
0.00273865 0
0.00260415 0
0.00247857 0
0.00222319 0
0.0020894 0
0.00184077 0
0.00170786 0
0.00158167 0
0.0013171 0
0.00118504 0
0.00092636 0
0.000787969 0
0.000658487 0
0.000521702 0
0.000402937 0
0.000264001 0
0.000127951 0
0 0
