0.453186 243
0.453186 242
0.453068 242
0.453068 241
0.453068 240
0.453068 239
0.453068 238
0.453068 237
0.453068 236
0.453068 235
0.452965 235
0.452831 235
0.452732 235
0.452732 234
0.452732 233
0.452732 232
0.452732 231
0.452595 230
0.452476 230
0.452476 229
0.452375 229
0.452259 229
0.452259 228
0.452259 227
0.452112 227
0.452015 227
0.452015 226
0.4519 225
0.4519 224
0.451779 224
0.451652 224
0.451652 223
0.451519 223
0.451519 222
0.451391 221
0.451391 219
0.451391 218
0.451391 217
0.451152 217
0.451152 216
0.451142 215
0.451142 214
0.451142 213
0.451142 212
0.451142 211
0.450997 210
0.450997 209
0.450997 207
0.450997 206
0.450997 205
0.45077 205
0.450656 205
0.450656 204
0.450656 202
0.450656 201
0.450656 200
0.450656 198
0.450656 197
0.450542 195
0.450417 195
0.450294 195
0.450172 195
0.450172 194
0.450172 193
0.450172 192
0.450172 191
0.450107 190
0.449981 189
0.449849 189
0.449849 188
0.449718 186
0.449718 185
0.4496 184
0.44946 184
0.449332 184
0.449332 183
0.449218 183
0.449102 183
0.448646 181
0.448646 180
0.448646 178
0.448415 177
0.448415 176
0.448292 175
0.448167 175
0.447934 175
0.447815 175
0.447686 175
0.447686 174
0.447429 174
0.447165 173
0.447079 172
0.446977 172
0.446747 172
0.446264 172
0.44615 171
0.44615 170
0.446034 170
0.445824 169
0.445598 169
0.44534 169
0.445203 167
0.445203 166
0.445094 166
0.444869 165
0.444741 165
0.444735 163
0.444615 162
0.444615 161
0.444615 160
0.444379 160
0.444249 160
0.444095 158
0.443981 158
0.443869 158
0.443757 158
0.443645 158
0.443417 156
0.442919 156
0.44279 156
0.442414 156
0.442298 156
0.442298 155
0.44205 155
0.44196 154
0.441694 154
0.441588 154
0.441457 154
0.441371 153
0.441292 153
0.441292 152
0.441031 152
0.440809 152
0.440679 152
0.440679 151
0.440442 149
0.440313 149
0.440313 148
0.440313 147
0.440194 147
0.439933 147
0.439805 147
0.439425 147
0.439165 146
0.438437 144
0.438177 144
0.438059 144
0.437798 144
0.437428 142
0.437418 141
0.43733 139
0.437082 139
0.436814 138
0.436814 137
0.436686 136
0.436432 135
0.436041 135
0.4358 134
0.435455 133
0.43518 133
0.434822 132
0.434822 131
0.43439 130
0.43439 129
0.43439 128
0.434305 127
0.4342 127
0.43408 126
0.433976 126
0.433623 126
0.433497 125
0.433408 123
0.432935 121
0.432803 121
0.432459 120
0.432459 118
0.432341 118
0.432215 118
0.431976 118
0.431976 117
0.431718 117
0.431608 117
0.431608 115
0.431503 112
0.431381 111
0.431261 110
0.431036 110
0.430916 110
0.430263 110
0.430148 108
0.4298 107
0.429556 106
0.429456 106
0.429456 105
0.429204 105
0.429082 104
0.42871 104
0.428572 104
0.428572 103
0.428445 102
0.428342 102
0.428213 102
0.428091 102
0.427958 101
0.427822 101
0.427454 98
0.427219 97
0.427092 97
0.426555 97
0.426435 97
0.425991 96
0.425857 96
0.425462 93
0.425334 93
0.425206 91
0.425206 90
0.424967 90
0.424696 89
0.424442 89
0.42408 88
0.423858 88
0.423604 88
0.423477 87
0.423267 87
0.422885 87
0.422755 86
0.422498 86
0.422232 86
0.421977 86
0.421862 86
0.421614 86
0.421389 84
0.42115 84
0.420658 84
0.420534 83
0.420036 83
0.419697 82
0.419102 81
0.418643 80
0.418496 78
0.41835 78
0.417955 76
0.417566 75
0.416737 75
0.416359 75
0.416234 75
0.416113 75
0.415631 75
0.41516 75
0.414781 75
0.414402 75
0.414152 75
0.413746 75
0.413746 74
0.413523 72
0.413108 72
0.412742 72
0.412363 72
0.411883 72
0.411319 71
0.411075 71
0.410569 71
0.410256 69
0.410152 69
0.409274 69
0.40861 68
0.408085 67
0.407721 67
0.406965 66
0.406827 65
0.406593 62
0.40576 62
0.405358 62
0.405135 61
0.404662 61
0.404534 61
0.404405 61
0.403777 61
0.403039 61
0.40223 61
0.401585 61
0.401468 61
0.400814 61
0.400557 61
0.400068 61
0.399933 60
0.39947 60
0.39934 59
0.398758 59
0.397991 58
0.397376 56
0.396761 56
0.39651 56
0.396356 55
0.395963 55
0.395234 55
0.39486 55
0.394066 54
0.393696 54
0.393474 54
0.393234 54
0.392625 54
0.391967 54
0.391592 53
0.391124 53
0.390644 52
0.390279 52
0.389306 52
0.389054 52
0.388421 50
0.388163 50
0.387907 50
0.387415 50
0.387054 48
0.386454 47
0.386206 47
0.385689 47
0.384892 46
0.384505 46
0.384382 45
0.384125 45
0.383525 45
0.383525 43
0.382677 43
0.382433 43
0.381882 42
0.381754 42
0.381631 42
0.381133 42
0.380795 42
0.380256 42
0.378971 42
0.378127 42
0.377761 42
0.377246 41
0.376873 41
0.376519 41
0.376167 41
0.376057 41
0.375811 41
0.375163 41
0.374705 41
0.37387 41
0.373368 41
0.372372 41
0.371727 41
0.371386 41
0.371104 40
0.370861 39
0.370474 38
0.369519 38
0.369248 38
0.368856 37
0.368116 37
0.367626 37
0.367103 37
0.366619 37
0.366361 37
0.365621 36
0.365255 36
0.364654 36
0.363827 36
0.363199 36
0.362576 36
0.362176 36
0.361261 36
0.360199 36
0.359927 36
0.359234 36
0.358969 36
0.358614 36
0.358083 35
0.357592 35
0.356546 35
0.355778 35
0.355263 35
0.354544 35
0.354017 34
0.353554 33
0.352775 33
0.352522 32
0.3524 32
0.352015 32
0.351269 32
0.350887 32
0.350211 31
0.3497 31
0.349186 31
0.349065 31
0.348829 31
0.348295 30
0.348064 30
0.34718 30
0.346694 28
0.346318 28
0.346075 27
0.345722 27
0.345124 26
0.344717 26
0.344317 26
0.343831 26
0.343443 26
0.34306 26
0.342138 26
0.341732 26
0.341349 26
0.340854 26
0.340243 26
0.339726 26
0.33935 25
0.33875 25
0.338004 25
0.336855 25
0.336591 25
0.335953 25
0.335607 24
0.334848 23
0.333983 23
0.333594 23
0.333224 23
0.332523 22
0.331967 21
0.331616 20
0.331145 20
0.330729 20
0.330204 20
0.329698 20
0.329325 20
0.329199 20
0.32831 20
0.327529 20
0.326741 20
0.325472 20
0.324967 20
0.324165 19
0.323898 19
0.323407 19
0.323031 19
0.32225 19
0.321759 19
0.321635 19
0.320981 18
0.320608 17
0.319967 17
0.319715 17
0.318929 17
0.318441 17
0.317907 17
0.317043 17
0.316188 17
0.31581 17
0.315681 17
0.315546 17
0.31466 17
0.313634 17
0.313267 16
0.312874 16
0.311845 16
0.310973 16
0.310208 16
0.309569 16
0.308884 16
0.308368 15
0.307606 15
0.30711 15
0.306238 15
0.305522 15
0.30488 15
0.304119 15
0.303369 15
0.302472 15
0.301753 14
0.30112 14
0.300476 14
0.299693 14
0.299222 14
0.298286 14
0.297173 14
0.296309 14
0.295574 14
0.295194 14
0.294409 14
0.293515 14
0.293381 14
0.292758 14
0.291092 14
0.2907 14
0.290194 14
0.289308 14
0.288779 14
0.287899 14
0.287133 14
0.286358 14
0.285484 14
0.283971 14
0.28333 13
0.282931 13
0.282299 13
0.281831 13
0.280307 13
0.280042 13
0.27927 13
0.278534 13
0.277623 13
0.2771 13
0.27592 13
0.275282 13
0.274643 13
0.273337 13
0.272962 13
0.272308 13
0.27155 13
0.270661 13
0.269503 13
0.268868 13
0.267848 12
0.267018 12
0.265841 12
0.26521 12
0.265082 12
0.26392 12
0.263305 12
0.26268 12
0.262069 12
0.261569 12
0.260678 12
0.259679 12
0.259432 12
0.259049 12
0.258049 11
0.25754 11
0.25731 11
0.256544 11
0.255916 11
0.254788 11
0.25408 10
0.25283 10
0.252178 10
0.251142 10
0.24938 10
0.248029 9
0.247767 9
0.247123 9
0.245947 9
0.245306 9
0.244959 9
0.244368 8
0.243511 8
0.242884 8
0.241873 8
0.240967 8
0.24034 8
0.239554 8
0.238049 7
0.237192 6
0.236197 6
0.235042 6
0.234684 6
0.233894 6
0.232879 5
0.231969 5
0.231184 5
0.230929 5
0.230289 5
0.229664 5
0.229032 5
0.228651 5
0.22774 5
0.227494 5
0.227115 5
0.226159 5
0.225381 5
0.224761 5
0.223615 5
0.222601 5
0.22221 5
0.221255 5
0.220753 5
0.219373 5
0.218837 5
0.218303 5
0.217557 5
0.217191 5
0.215788 5
0.214771 5
0.2134 5
0.212403 5
0.211149 5
0.21018 4
0.20952 4
0.209043 4
0.208643 4
0.206892 4
0.2061 4
0.204444 4
0.203952 4
0.202741 4
0.20184 4
0.200663 4
0.200403 4
0.199909 4
0.1989 4
0.198536 4
0.197781 4
0.196763 4
0.195861 4
0.195115 4
0.194732 4
0.193416 4
0.192783 4
0.192253 4
0.19148 4
0.190834 4
0.189675 4
0.189065 4
0.187746 4
0.187494 4
0.186977 4
0.186211 4
0.185701 4
0.185047 4
0.18442 4
0.183247 4
0.182529 4
0.182025 4
0.180986 4
0.180582 4
0.18022 4
0.179507 4
0.178746 4
0.17802 4
0.177655 4
0.176559 3
0.175932 3
0.175161 3
0.174152 3
0.173505 3
0.173109 3
0.172829 3
0.172317 3
0.171927 3
0.171046 3
0.170127 3
0.169348 3
0.168474 3
0.16784 3
0.167217 3
0.16671 3
0.165954 3
0.165451 3
0.164828 2
0.16431 2
0.163138 2
0.16237 2
0.161871 2
0.160585 2
0.159924 2
0.159148 2
0.158612 2
0.157959 2
0.15682 2
0.155956 2
0.155683 2
0.155173 2
0.154554 2
0.154182 2
0.153678 2
0.152666 2
0.152132 2
0.151512 2
0.151375 2
0.150637 2
0.150232 2
0.148841 2
0.148182 2
0.14728 2
0.146635 2
0.146377 2
0.145201 2
0.144164 2
0.143382 2
0.142836 2
0.141804 2
0.140354 2
0.1392 2
0.138687 2
0.137672 2
0.136897 2
0.135994 2
0.134711 2
0.134446 2
0.133893 2
0.133376 2
0.132585 2
0.131669 2
0.131154 2
0.130761 2
0.130234 2
0.129232 2
0.128362 2
0.127974 2
0.126841 2
0.126326 2
0.125573 1
0.124829 1
0.124226 1
0.123016 0
0.121498 0
0.12044 0
0.119534 0
0.11889 0
0.117999 0
0.117241 0
0.116225 0
0.114793 0
0.114124 0
0.11308 0
0.11181 0
0.111543 0
0.111156 0
0.11052 0
0.109481 0
0.108571 0
0.107817 0
0.107186 0
0.106911 0
0.106131 0
0.105753 0
0.104983 0
0.104588 0
0.104069 0
0.103554 0
0.102788 0
0.10226 0
0.101622 0
0.100588 0
0.0994594 0
0.0990927 0
0.0989683 0
0.0988477 0
0.0982057 0
0.0979524 0
0.0975927 0
0.096746 0
0.096253 0
0.0957516 0
0.0952366 0
0.0944484 0
0.0943243 0
0.0939394 0
0.093536 0
0.0928904 0
0.0919975 0
0.0914798 0
0.090958 0
0.0902843 0
0.0900286 0
0.0893944 0
0.0892676 0
0.0883839 0
0.0877466 0
0.0873566 0
0.0870946 0
0.0865798 0
0.0860639 0
0.0851894 0
0.0842825 0
0.0840358 0
0.0839062 0
0.0837807 0
0.0831389 0
0.0826441 0
0.0822522 0
0.0815872 0
0.0810657 0
0.0803237 0
0.0794441 0
0.0785351 0
0.0779113 0
0.0775194 0
0.0767485 0
0.0763597 0
0.0758522 0
0.0753553 0
0.074462 0
0.07422 0
0.0737398 0
0.0734877 0
0.0733674 0
0.0724639 0
0.0718322 0
0.0710526 0
0.0706649 0
0.0700472 0
0.0691281 0
0.0683516 0
0.0679803 0
0.0677168 0
0.0675867 0
0.067336 0
0.0667211 0
0.0656975 0
0.0647949 0
0.0646717 0
0.0640615 0
0.0634175 0
0.0628186 0
0.0625674 0
0.0618105 0
0.0611921 0
0.0607973 0
0.0606668 0
0.0601509 0
0.059248 0
0.0585912 0
0.058323 0
0.0578337 0
0.0575808 0
0.0574411 0
0.0571742 0
0.0569257 0
0.05655 0
0.0561581 0
0.0556444 0
0.0543843 0
0.0537645 0
0.0531087 0
0.0526057 0
0.0518404 0
0.0513089 0
0.0509371 0
0.0503089 0
0.0500526 0
0.0497915 0
0.0496573 0
0.0492703 0
0.0491545 0
0.0490186 0
0.0487531 0
0.0483569 0
0.0479659 0
0.0478401 0
0.0476083 0
0.0466046 0
0.0463487 0
0.0459568 0
0.0454366 0
0.045298 0
0.0450365 0
0.0446418 0
0.0445253 0
0.0442441 0
0.0439854 0
0.0437446 0
0.0433903 0
0.0431204 0
0.0426002 0
0.0424838 0
0.0420861 0
0.0417227 0
0.041354 0
0.0407099 0
0.0400792 0
0.0394233 0
0.0390526 0
0.038661 0
0.0382574 0
0.0378818 0
0.0375012 0
0.037101 0
0.0369828 0
0.0367176 0
0.0363442 0
0.0355951 0
0.0354654 0
0.0351999 0
0.0349387 0
0.0346763 0
0.0341575 0
0.0336398 0
0.0329971 0
0.0328609 0
0.0327268 0
0.0323581 0
0.0322351 0
0.0318493 0
0.0314683 0
0.0309463 0
0.0308187 0
0.0306933 0
0.0303197 0
0.0300758 0
0.0298176 0
0.0296883 0
0.0293117 0
0.0290609 0
0.0286837 0
0.0285469 0
0.0280347 0
0.0275189 0
0.0272659 0
0.0269999 0
0.0266125 0
0.0260877 0
0.0259465 0
0.0256744 0
0.0255507 0
0.0250373 0
0.0245161 0
0.0242603 0
0.0241272 0
0.023877 0
0.0237536 0
0.0233993 0
0.0232625 0
0.0230093 0
0.0226271 0
0.0220964 0
0.0218255 0
0.0217026 0
0.0214463 0
0.0213221 0
0.0210798 0
0.0208251 0
0.0206895 0
0.0204399 0
0.0199481 0
0.0191772 0
0.0188144 0
0.0186727 0
0.0184016 0
0.0182633 0
0.0180008 0
0.0177478 0
0.0176184 0
0.0173652 0
0.0172207 0
0.0165705 0
0.0161887 0
0.0155571 0
0.0150338 0
0.0148922 0
0.0146163 0
0.0143707 0
0.0142451 0
0.0139907 0
0.0137347 0
0.0136277 0
0.0133685 0
0.013249 0
0.0131253 0
0.0128619 0
0.0127371 0
0.0124895 0
0.0121046 0
0.011969 0
0.0117194 0
0.0115933 0
0.0113403 0
0.0112128 0
0.010958 0
0.0105819 0
0.0104543 0
0.0103312 0
0.0102032 0
0.0100784 0
0.00982865 0
0.00958431 0
0.00945611 0
0.00920311 0
0.00894181 0
0.00880582 0
0.00867126 0
0.00854647 0
0.0082818 0
0.00814475 0
0.00788808 0
0.00776396 0
0.0076378 0
0.00751357 0
0.00739953 0
0.00713847 0
0.00700475 0
0.00686687 0
0.00673541 0
0.00660359 0
0.00647467 0
0.00635701 0
0.0061089 0
0.00597358 0
0.0058448 0
0.00571738 0
0.0055846 0
0.00532484 0
0.00519451 0
0.00505561 0
0.00492308 0
0.0046716 0
0.00455045 0
0.0044133 0
0.00414965 0
0.00401573 0
0.00388708 0
0.00377332 0
0.00351164 0
0.00326911 0
0.00314919 0
0.00289867 0
0.00277527 0
0.00265628 0
0.00253331 0
0.00227836 0
0.00202722 0
0.00189984 0
0.00176865 0
0.00164638 0
0.00152133 0
0.001399 0
0.00127061 0
0.00114852 0
0.00101219 0
0.000887545 0
0.000754635 0
0.000626521 0
0.00050848 0
0.000385298 0
0.000255159 0
0.00013118 0
0 0
