0.473813 259
0.473674 259
0.473674 258
0.473674 257
0.473674 256
0.473661 255
0.473661 254
0.473661 253
0.473623 252
0.473444 251
0.473342 251
0.473209 250
0.473209 249
0.473209 248
0.473209 247
0.473085 246
0.473085 244
0.472955 243
0.472955 242
0.47283 242
0.472598 241
0.472579 239
0.472579 237
0.472579 235
0.472485 232
0.472349 230
0.472249 229
0.472138 228
0.472138 227
0.472016 227
0.471879 227
0.471776 224
0.471385 224
0.471385 222
0.471218 220
0.471081 219
0.470972 219
0.470972 216
0.470842 214
0.470714 212
0.470714 210
0.470432 206
0.47022 203
0.470092 202
0.469959 201
0.469849 200
0.469217 198
0.469217 197
0.469089 194
0.468966 192
0.468684 189
0.468546 188
0.468546 187
0.468449 186
0.468113 185
0.467881 183
0.467881 181
0.467346 176
0.466852 174
0.466519 171
0.466198 169
0.465825 166
0.465214 164
0.46485 161
0.46485 160
0.464584 159
0.463919 158
0.463699 157
0.463564 155
0.463468 153
0.463323 151
0.463028 150
0.46269 148
0.462526 145
0.462296 142
0.461625 141
0.461111 138
0.460727 136
0.460491 133
0.46025 132
0.460013 130
0.459769 127
0.459454 126
0.458734 125
0.45778 121
0.457354 120
0.456903 118
0.45642 117
0.455818 117
0.455422 117
0.454822 117
0.454555 114
0.453614 112
0.453028 111
0.451872 107
0.450683 105
0.449988 103
0.449607 103
0.449348 101
0.448377 98
0.447467 96
0.446636 95
0.445881 94
0.445133 91
0.444111 89
0.443216 89
0.442241 87
0.441184 86
0.440367 86
0.439458 86
0.438456 84
0.437823 82
0.437497 80
0.436307 78
0.434359 76
0.433076 76
0.431708 73
0.430979 73
0.429932 72
0.428717 71
0.427157 70
0.425779 68
0.423873 65
0.423756 64
0.422856 63
0.421741 61
0.420763 58
0.419398 58
0.419189 58
0.417509 58
0.416474 56
0.415235 55
0.414156 54
0.412145 49
0.410214 48
0.408325 47
0.406128 46
0.404435 44
0.403174 43
0.401609 40
0.400251 40
0.398906 40
0.397653 40
0.396249 39
0.39446 39
0.393249 37
0.391586 36
0.390498 35
0.389032 33
0.386847 31
0.385915 30
0.384198 30
0.38213 29
0.380426 28
0.378659 26
0.3764 26
0.374208 26
0.372262 25
0.370436 23
0.368875 23
0.367495 23
0.365261 22
0.364501 22
0.362921 21
0.360816 21
0.359087 21
0.357743 19
0.356246 19
0.354764 18
0.35285 18
0.350472 18
0.34892 18
0.346657 16
0.344217 15
0.342293 14
0.338988 14
0.336936 13
0.334812 13
0.33194 13
0.328323 13
0.326312 13
0.324399 11
0.323016 11
0.320749 11
0.318087 10
0.316157 10
0.314316 10
0.31231 10
0.309285 10
0.306542 10
0.3037 10
0.302681 10
0.300062 10
0.296657 10
0.293007 10
0.290137 10
0.287325 9
0.284461 9
0.283336 9
0.281072 9
0.278183 8
0.275377 8
0.273305 7
0.271113 7
0.268973 7
0.265687 7
0.262733 7
0.259744 5
0.257469 5
0.254466 5
0.252168 5
0.249201 5
0.246227 5
0.242809 5
0.240438 5
0.237235 5
0.235061 5
0.231967 4
0.228413 4
0.226019 4
0.223357 4
0.220187 3
0.217079 3
0.214317 3
0.211326 3
0.208365 3
0.204887 3
0.201945 3
0.199483 3
0.197468 3
0.195005 3
0.192159 3
0.189964 3
0.187063 3
0.183816 3
0.180126 2
0.177167 2
0.174522 2
0.172018 2
0.169426 2
0.166623 2
0.164732 2
0.161733 2
0.159829 2
0.157023 2
0.155199 2
0.152657 2
0.14998 2
0.147314 2
0.144081 2
0.142292 2
0.140382 2
0.136789 2
0.135011 2
0.132706 2
0.130556 1
0.127897 1
0.125319 1
0.123314 1
0.1214 1
0.118927 1
0.116867 1
0.114579 1
0.112738 1
0.110162 1
0.10785 1
0.106592 1
0.10458 1
0.102114 1
0.100178 1
0.097612 0
0.0960694 0
0.09456 0
0.0922507 0
0.0901869 0
0.0881217 0
0.0864839 0
0.0841347 0
0.0822716 0
0.0811328 0
0.0782284 0
0.0760509 0
0.0746497 0
0.0736089 0
0.0720634 0
0.069907 0
0.0674 0
0.0659904 0
0.0638337 0
0.062589 0
0.0606876 0
0.0592998 0
0.0580103 0
0.0566087 0
0.0552078 0
0.0540514 0
0.0532924 0
0.0514549 0
0.0497928 0
0.0476919 0
0.0461605 0
0.04472 0
0.0432456 0
0.0415672 0
0.0409136 0
0.0389961 0
0.0372116 0
0.0357978 0
0.0340192 0
0.0330018 0
0.031733 0
0.031476 0
0.030577 0
0.0292781 0
0.0278309 0
0.0267769 0
0.0258791 0
0.0248147 0
0.0238895 0
0.0231084 0
0.0227185 0
0.0219262 0
0.0211428 0
0.0201108 0
0.0194688 0
0.0190828 0
0.0187043 0
0.0183151 0
0.0176857 0
0.0172791 0
0.016392 0
0.0156441 0
0.0150011 0
0.0144629 0
0.0139222 0
0.0133996 0
0.0125936 0
0.0114406 0
0.0113218 0
0.0108052 0
0.010687 0
0.0105541 0
0.0097935 0
0.0095371 0
0.00927607 0
0.00888474 0
0.00875204 0
0.00807958 0
0.00782755 0
0.00731238 0
0.00692726 0
0.0064148 0
0.00615998 0
0.00588888 0
0.00562578 0
0.00511701 0
0.00485532 0
0.00443592 0
0.00431613 0
0.00402609 0
0.00390064 0
0.00377831 0
0.0033878 0
0.00312101 0
0.00285424 0
0.00260239 0
0.00234797 0
0.00210263 0
0.00184923 0
0.00171454 0
0.0015741 0
0.00144147 0
0.00119591 0
0.00106358 0
0.000930987 0
0.000660932 0
0.000536874 0
0.000397744 0
0.000264725 0
0.000139603 0
0 0
