0.730613 193 54.22
0.73042 193 54.24
0.73042 192 54.53
0.730226 192 54.61
0.730033 191 54.62
0.730033 190 54.64
0.730033 189 54.65
0.729839 188 54.66
0.729839 187 54.67
0.729646 186 54.69
0.729453 186 54.7
0.729259 186 54.72
0.729259 184 54.73
0.729259 182 54.75
0.729259 181 54.76
0.729066 179 54.79
0.728873 178 54.81
0.728873 177 54.83
0.728679 177 54.85
0.728486 175 54.86
0.728099 175 54.87
0.728099 173 54.88
0.727906 171 54.89
0.727906 170 54.9
0.727712 170 54.91
0.727712 169 54.92
0.727519 167 54.93
0.727519 166 54.95
0.727519 165 54.96
0.727132 162 54.97
0.726939 159 54.98
0.726745 159 54.99
0.726552 158 55
0.726359 157 55.01
0.725392 157 55.02
0.725392 156 55.03
0.725392 153 55.04
0.725198 152 55.05
0.724811 149 55.09
0.724618 148 55.1
0.724425 147 55.12
0.724425 145 55.13
0.724038 140 55.14
0.723458 138 55.15
0.723264 137 55.16
0.723071 135 55.17
0.722684 132 55.18
0.721717 130 55.19
0.72133 127 55.2
0.72133 126 55.21
0.721137 124 55.22
0.720557 123 55.23
0.72017 122 55.24
0.719977 120 55.25
0.719977 119 55.26
0.719977 117 55.27
0.71959 117 55.28
0.719203 115 55.29
0.71901 112 55.3
0.718816 111 55.31
0.71785 111 55.32
0.717656 110 55.33
0.716883 109 55.34
0.716302 107 55.35
0.715916 106 55.36
0.715529 104 55.37
0.715336 102 55.38
0.714949 102 55.39
0.713982 101 55.4
0.712628 99 55.41
0.712241 98 55.42
0.711468 96 55.43
0.711081 96 55.44
0.709921 96 55.45
0.709147 96 55.46
0.707987 96 55.47
0.707793 93 55.48
0.706246 92 55.49
0.705473 91 55.5
0.704119 87 55.51
0.702379 85 55.52
0.701412 83 55.53
0.701025 83 55.54
0.700832 82 55.55
0.699671 79 55.56
0.698511 77 55.57
0.697544 76 55.58
0.696384 76 55.59
0.695417 73 55.6
0.694063 71 55.61
0.692709 71 55.62
0.690969 69 55.63
0.689422 68 55.64
0.688261 68 55.65
0.687101 68 55.66
0.685747 66 55.67
0.684974 65 55.68
0.684394 63 55.69
0.682847 61 55.7
0.679946 60 55.71
0.678012 60 55.72
0.676272 58 55.73
0.675111 58 55.74
0.673564 57 55.75
0.67163 56 55.76
0.66989 55 55.77
0.667763 53 55.78
0.665442 51 55.79
0.665249 50 55.8
0.663895 49 55.81
0.662348 47 55.82
0.660607 46 55.83
0.65906 46 55.85
0.65674 46 55.86
0.655192 44 55.87
0.653065 43 55.88
0.651711 42 55.89
0.649197 40 55.9
0.64649 39 55.91
0.643202 39 55.92
0.640302 38 55.93
0.637788 37 55.94
0.636241 37 55.95
0.6345 34 55.96
0.632566 34 55.97
0.630052 34 55.98
0.628118 34 55.99
0.626184 33 56
0.622897 33 56.01
0.62135 31 56.02
0.618836 30 56.03
0.617482 29 56.04
0.615548 27 56.05
0.612647 25 56.06
0.612261 24 56.07
0.60994 24 56.08
0.607233 23 56.09
0.605105 22 56.1
0.602591 20 56.11
0.599497 20 56.12
0.59621 20 56.13
0.593115 20 56.14
0.590795 18 56.15
0.588668 18 56.16
0.58596 18 56.17
0.582673 17 56.18
0.581319 17 56.19
0.578805 16 56.2
0.575517 16 56.21
0.573003 16 56.22
0.571263 15 56.23
0.568942 15 56.24
0.566235 14 56.25
0.563141 14 56.26
0.559466 14 56.27
0.557146 14 56.28
0.553858 13 56.29
0.55057 13 56.3
0.54767 12 56.31
0.543222 12 56.32
0.540514 11 56.33
0.536647 11 56.34
0.532199 11 56.35
0.526204 11 56.36
0.522916 11 56.37
0.519822 10 56.38
0.517501 10 56.39
0.513634 10 56.4
0.509766 9 56.41
0.506672 9 56.42
0.503384 9 56.43
0.50029 9 56.44
0.496036 9 56.45
0.491588 9 56.46
0.48772 9 56.47
0.485399 9 56.48
0.481145 9 56.49
0.47631 9 56.5
0.470895 9 56.51
0.466641 9 56.52
0.462193 8 56.53
0.457358 8 56.54
0.455424 8 56.55
0.452137 8 56.56
0.447302 7 56.57
0.442661 7 56.58
0.439567 6 56.59
0.436279 6 56.6
0.433185 6 56.61
0.42777 6 56.62
0.423322 6 56.63
0.418101 4 56.64
0.414813 4 56.65
0.410172 4 56.66
0.406498 4 56.67
0.40147 4 56.68
0.396635 4 56.69
0.391607 4 56.7
0.387739 4 56.71
0.383098 4 56.72
0.37923 4 56.73
0.374782 3 56.74
0.369368 3 56.75
0.365307 3 56.76
0.360859 3 56.77
0.355831 3 56.78
0.350222 3 56.79
0.346161 3 56.8
0.341713 3 56.81
0.336685 3 56.82
0.331464 3 56.83
0.326436 3 56.84
0.321795 3 56.85
0.318314 3 56.86
0.314639 3 56.87
0.309805 3 56.88
0.306711 3 56.89
0.302069 3 56.9
0.297041 3 56.91
0.291626 2 56.92
0.286598 2 56.93
0.282344 2 56.94
0.27867 2 56.95
0.274415 2 56.96
0.269774 2 56.97
0.266486 2 56.98
0.261265 2 56.99
0.258364 2 57
0.253916 2 57.01
0.251209 2 57.02
0.247341 2 57.03
0.243667 2 57.04
0.239412 2 57.05
0.234384 2 57.06
0.231483 2 57.07
0.228002 2 57.08
0.222588 2 57.09
0.21988 2 57.1
0.216012 2 57.11
0.212531 1 57.12
0.208277 1 57.13
0.204409 1 57.14
0.201122 1 57.15
0.197834 1 57.16
0.193386 1 57.17
0.190099 1 57.18
0.186811 1 57.19
0.183717 1 57.2
0.179076 1 57.21
0.175208 1 57.22
0.173274 1 57.23
0.169986 1 57.24
0.165925 1 57.25
0.162831 1 57.26
0.15877 0 57.27
0.156449 0 57.28
0.154129 0 57.29
0.150648 0 57.3
0.146974 0 57.31
0.143879 0 57.32
0.140979 0 57.33
0.137691 0 57.34
0.134597 0 57.35
0.132083 0 57.36
0.127442 0 57.37
0.124154 0 57.38
0.122027 0 57.39
0.119899 0 57.4
0.116805 0 57.41
0.113131 0 57.42
0.109263 0 57.43
0.106943 0 57.44
0.103655 0 57.45
0.101721 0 57.46
0.0988203 0 57.47
0.0963063 0 57.48
0.0943725 0 57.49
0.0920518 0 57.5
0.0899246 0 57.51
0.0879907 0 57.52
0.0868304 0 57.53
0.0839296 0 57.54
0.0808354 0 57.55
0.0773545 0 57.56
0.0752272 0 57.57
0.0731 0 57.58
0.0709727 0 57.59
0.0680719 0 57.6
0.0669116 0 57.61
0.0634307 0 57.62
0.0605299 0 57.63
0.0582092 0 57.64
0.0547283 0 57.65
0.0529878 0 57.66
0.0512473 0 57.67
0.0508606 0 57.68
0.0495069 0 57.69
0.0471862 0 57.7
0.0448656 0 57.71
0.0433185 0 57.72
0.0417714 0 57.73
0.0400309 0 57.74
0.0384839 0 57.75
0.0373235 0 57.76
0.0367434 0 57.77
0.0355831 0 57.78
0.0344227 0 57.79
0.0328757 0 57.8
0.0315219 0 57.81
0.0307484 0 57.82
0.0301682 0 57.83
0.0295881 0 57.84
0.0284278 0 57.85
0.0276542 0 57.86
0.0263005 0 57.87
0.0251402 0 57.88
0.0241733 0 57.89
0.0233997 0 57.9
0.0226262 0 57.91
0.0216593 0 57.92
0.0201122 0 57.93
0.0183717 0 57.94
0.0181783 0 57.95
0.0174048 0 57.96
0.0172114 0 57.97
0.017018 0 57.98
0.0160511 0 57.99
0.0156643 0 58
0.0152775 0 58.01
0.0146974 0 58.02
0.014504 0 58.03
0.013537 0 58.04
0.0131503 0 58.05
0.0123767 0 58.06
0.0116032 0 58.07
0.0114098 0 58.08
0.0106362 0 58.09
0.0102495 0 58.1
0.0098627 0 58.11
0.00928254 0 58.12
0.00850899 0 58.14
0.00812222 0 58.15
0.00754206 0 58.16
0.00734868 0 58.17
0.0069619 0 58.18
0.00676852 0 58.19
0.00657513 0 58.2
0.00638174 0 58.21
0.00580159 0 58.22
0.00541481 0 58.23
0.00483465 0 58.24
0.00444788 0 58.29
0.00406111 0 58.3
0.00348095 0 58.33
0.00309418 0 58.34
0.00290079 0 58.35
0.00270741 0 58.38
0.00251402 0 58.39
0.00212725 0 58.4
0.00193386 0 58.41
0.00174048 0 58.44
0.0013537 0 58.47
0.00116032 0 58.48
0.000966931 0 58.5
0.000773545 0 58.54
0.000580159 0 58.55
0.000386772 0 58.56
0.000193386 0 58.59
0 0 1.79769e+308
