0.474947 154
0.474808 154
0.474808 153
0.474706 153
0.474706 152
0.474706 151
0.474573 151
0.474443 150
0.474318 150
0.474318 149
0.474318 148
0.474318 147
0.474182 147
0.47406 147
0.474059 145
0.473803 145
0.473803 143
0.473637 141
0.473637 140
0.473637 139
0.473506 139
0.473433 138
0.473433 137
0.473433 134
0.47322 133
0.473093 133
0.473093 132
0.473093 131
0.472461 131
0.472461 130
0.472454 128
0.472331 128
0.472049 126
0.471962 125
0.471962 124
0.471962 122
0.471701 118
0.47146 117
0.471261 115
0.47102 112
0.470448 111
0.470331 108
0.470331 107
0.470191 105
0.469931 104
0.469708 103
0.469574 102
0.469574 101
0.469561 99
0.469305 99
0.469083 97
0.46892 94
0.468786 94
0.468159 94
0.468017 94
0.467509 93
0.467141 92
0.467018 91
0.466905 89
0.466779 88
0.466548 88
0.465965 87
0.465262 85
0.465125 85
0.464674 84
0.464556 84
0.463837 84
0.463316 84
0.46258 84
0.462449 81
0.461387 80
0.461038 79
0.460199 78
0.459133 76
0.458415 74
0.458163 74
0.458028 73
0.457277 70
0.456612 68
0.456001 67
0.455633 67
0.455002 64
0.4541 62
0.453206 62
0.45207 60
0.451165 60
0.450467 60
0.449687 60
0.448929 58
0.448427 57
0.447974 56
0.447126 56
0.445298 55
0.444012 55
0.442832 53
0.442104 53
0.44111 52
0.439783 51
0.438779 51
0.437433 49
0.435887 48
0.43577 47
0.435006 46
0.433889 44
0.432774 43
0.43191 43
0.430568 43
0.42967 41
0.428712 40
0.427731 39
0.426215 37
0.424605 36
0.422456 36
0.420486 35
0.418773 34
0.417839 34
0.416593 31
0.415328 31
0.413877 31
0.412696 31
0.411375 30
0.409197 30
0.408239 29
0.406809 28
0.405833 27
0.404506 25
0.402449 23
0.402114 22
0.400511 22
0.398816 21
0.39734 20
0.395739 18
0.393835 18
0.391886 18
0.389872 18
0.388184 16
0.386751 16
0.384981 16
0.382786 15
0.381894 15
0.380306 14
0.37831 14
0.3768 14
0.37556 13
0.374173 13
0.372418 12
0.370477 12
0.368237 12
0.366683 12
0.364509 11
0.362383 11
0.360469 11
0.357597 11
0.355784 10
0.353422 10
0.35054 10
0.346621 10
0.344494 10
0.342487 10
0.34101 10
0.338592 10
0.335908 9
0.333849 9
0.331637 9
0.329659 9
0.326882 9
0.323942 9
0.321463 9
0.32007 9
0.317313 9
0.314094 9
0.310516 9
0.307827 9
0.304869 8
0.301736 8
0.300449 8
0.298319 8
0.295062 7
0.292154 7
0.290051 6
0.287853 6
0.285832 6
0.282263 6
0.279442 6
0.276047 4
0.273905 4
0.271022 4
0.268718 4
0.265354 4
0.262245 4
0.258939 4
0.256464 4
0.253394 4
0.250801 4
0.247807 3
0.244246 3
0.241618 3
0.238691 3
0.235491 3
0.231864 3
0.229142 3
0.226175 3
0.222825 3
0.219351 3
0.216104 3
0.213125 3
0.210856 3
0.208518 3
0.205331 3
0.203368 3
0.200447 3
0.197066 3
0.193378 2
0.190156 2
0.187392 2
0.184897 2
0.182046 2
0.178944 2
0.176798 2
0.173385 2
0.171477 2
0.168558 2
0.166735 2
0.164173 2
0.16174 2
0.158944 2
0.155566 2
0.153616 2
0.15132 2
0.147734 2
0.146087 2
0.143511 2
0.141117 1
0.138463 1
0.135887 1
0.133718 1
0.131533 1
0.128668 1
0.126481 1
0.124302 1
0.122208 1
0.119109 1
0.116532 1
0.115279 1
0.113144 1
0.110441 1
0.108375 1
0.105648 0
0.104108 0
0.102576 0
0.100258 0
0.0977951 0
0.0957437 0
0.0938357 0
0.0916098 0
0.089599 0
0.0879158 0
0.0848783 0
0.0827021 0
0.0813084 0
0.0798917 0
0.0778464 0
0.0754344 0
0.0728041 0
0.071266 0
0.069116 0
0.0678657 0
0.0659639 0
0.0643083 0
0.0631628 0
0.0616402 0
0.0602354 0
0.0590568 0
0.058299 0
0.0563349 0
0.054274 0
0.0518928 0
0.0505012 0
0.049063 0
0.047608 0
0.0456731 0
0.0448866 0
0.0425701 0
0.0406567 0
0.0391018 0
0.0367846 0
0.0356284 0
0.0344898 0
0.0342328 0
0.0333373 0
0.0317575 0
0.0301737 0
0.0291291 0
0.0281074 0
0.0269302 0
0.0258637 0
0.0250826 0
0.0246927 0
0.0239014 0
0.0231231 0
0.0220706 0
0.0211746 0
0.0206497 0
0.0202717 0
0.0198825 0
0.0191126 0
0.0185728 0
0.0176857 0
0.0169388 0
0.0162998 0
0.0157625 0
0.0152234 0
0.014563 0
0.0134844 0
0.0123304 0
0.0122116 0
0.0116952 0
0.011581 0
0.0114482 0
0.0108338 0
0.0105774 0
0.0103163 0
0.00993113 0
0.00980116 0
0.0091287 0
0.00887587 0
0.00836069 0
0.00784803 0
0.00770809 0
0.00719642 0
0.0069416 0
0.00667051 0
0.00627806 0
0.00577144 0
0.00550989 0
0.0050905 0
0.00497183 0
0.00468178 0
0.00455634 0
0.00443401 0
0.00430376 0
0.00391775 0
0.00365155 0
0.00324151 0
0.00298966 0
0.00273523 0
0.00236001 0
0.0021066 0
0.00197192 0
0.00183148 0
0.00169836 0
0.0014528 0
0.00132048 0
0.00118788 0
0.000917829 0
0.000789144 0
0.000662439 0
0.000530045 0
0.000397744 0
0.000264725 0
0.000139603 0
0 0
