0.439361 67
0.439361 66
0.439225 66
0.4391 66
0.438985 66
0.438868 66
0.438868 65
0.438868 64
0.438738 64
0.438721 63
0.438609 63
0.438454 63
0.438216 63
0.437999 62
0.437831 59
0.437696 59
0.437574 59
0.437337 59
0.437208 58
0.436874 57
0.436635 57
0.436169 56
0.43604 55
0.435785 54
0.435433 54
0.434945 54
0.434807 54
0.434353 53
0.434085 52
0.433956 52
0.433956 51
0.433866 50
0.433601 50
0.433257 49
0.433144 49
0.433028 49
0.432542 49
0.432186 49
0.432066 49
0.431698 47
0.430874 47
0.43075 47
0.430307 45
0.429688 44
0.429153 44
0.428766 44
0.428497 44
0.427879 44
0.427241 44
0.426899 44
0.426657 44
0.426384 44
0.425519 43
0.424876 43
0.42435 43
0.423491 43
0.422826 43
0.422492 41
0.422087 41
0.421485 40
0.421153 39
0.420388 39
0.419996 39
0.41923 39
0.418057 39
0.417434 39
0.417082 39
0.415881 38
0.414751 38
0.413761 38
0.412808 37
0.411437 37
0.41079 37
0.4103 37
0.409453 37
0.40815 36
0.407128 35
0.406473 35
0.405468 35
0.404214 34
0.403303 33
0.402945 33
0.402195 33
0.401248 33
0.39985 33
0.399466 33
0.398753 32
0.397451 32
0.396392 31
0.39521 31
0.394673 30
0.393417 30
0.392086 29
0.391085 29
0.390314 29
0.38869 29
0.387312 29
0.386046 28
0.384621 27
0.38375 26
0.38232 26
0.380893 26
0.379433 26
0.377774 26
0.376264 25
0.374716 25
0.373183 22
0.372148 21
0.370311 21
0.368906 20
0.366886 20
0.365329 20
0.363768 20
0.36176 20
0.360005 18
0.357812 18
0.356305 18
0.354278 17
0.35159 17
0.349879 17
0.348759 17
0.346653 16
0.344506 14
0.341277 14
0.339154 12
0.336517 12
0.334386 12
0.330885 12
0.329238 12
0.326857 12
0.324761 11
0.322606 11
0.319704 11
0.316818 11
0.315311 11
0.313149 11
0.309839 11
0.308299 11
0.305672 10
0.303533 10
0.301495 10
0.29979 9
0.297876 9
0.295368 8
0.293833 8
0.291235 8
0.288379 8
0.286101 8
0.28387 8
0.281936 8
0.280384 8
0.277667 8
0.275352 7
0.272804 7
0.270309 7
0.267532 7
0.26522 7
0.262836 6
0.26009 5
0.258064 5
0.254737 4
0.252349 3
0.249266 3
0.246707 3
0.24443 3
0.242057 3
0.239908 3
0.236111 3
0.233698 3
0.230571 3
0.228338 3
0.225223 3
0.22075 3
0.218413 2
0.215962 2
0.212869 2
0.209825 1
0.207652 1
0.204993 1
0.203103 1
0.199791 1
0.197245 1
0.194859 1
0.192173 1
0.189372 1
0.186854 1
0.183913 1
0.18164 1
0.179292 1
0.177454 1
0.174687 1
0.17247 1
0.169773 1
0.167401 0
0.164301 0
0.161876 0
0.160324 0
0.158623 0
0.156237 0
0.153579 0
0.151736 0
0.148814 0
0.146056 0
0.144531 0
0.142713 0
0.140404 0
0.13834 0
0.13599 0
0.133052 0
0.129732 0
0.127322 0
0.124572 0
0.122688 0
0.121004 0
0.118693 0
0.116477 0
0.113255 0
0.111171 0
0.10945 0
0.10845 0
0.106377 0
0.104931 0
0.103166 0
0.101015 0
0.0990903 0
0.0967907 0
0.0953694 0
0.0942336 0
0.0929802 0
0.0913426 0
0.0896892 0
0.0885325 0
0.0859502 0
0.0836879 0
0.0817908 0
0.0807716 0
0.0793617 0
0.0771685 0
0.0739111 0
0.0726262 0
0.0713002 0
0.0695107 0
0.0680752 0
0.0667992 0
0.0650198 0
0.0636083 0
0.0624649 0
0.0608152 0
0.0587243 0
0.0578174 0
0.0564086 0
0.054732 0
0.0532852 0
0.0519956 0
0.0509863 0
0.0502304 0
0.0489634 0
0.0481868 0
0.0467909 0
0.0453536 0
0.0438032 0
0.042026 0
0.0410985 0
0.0396537 0
0.0385172 0
0.0377442 0
0.0368713 0
0.0362303 0
0.0353265 0
0.033992 0
0.0329929 0
0.0322087 0
0.0303638 0
0.0295985 0
0.028356 0
0.0277241 0
0.0265454 0
0.0255039 0
0.0248597 0
0.0243494 0
0.0241029 0
0.0238517 0
0.0232402 0
0.0221926 0
0.0219294 0
0.0210383 0
0.0207774 0
0.0203817 0
0.0194714 0
0.018835 0
0.0180581 0
0.0173885 0
0.0165956 0
0.0160909 0
0.0156767 0
0.0150557 0
0.0143056 0
0.0140425 0
0.0135007 0
0.0125898 0
0.0121881 0
0.0116808 0
0.0112813 0
0.0108885 0
0.0107549 0
0.0104961 0
0.00984927 0
0.00906821 0
0.00840784 0
0.00828159 0
0.00815929 0
0.00790829 0
0.00750608 0
0.00737349 0
0.0072321 0
0.00695625 0
0.00657097 0
0.00631528 0
0.00604437 0
0.00566476 0
0.00553696 0
0.00541694 0
0.00529446 0
0.00454848 0
0.00441152 0
0.00428135 0
0.00349715 0
0.00336734 0
0.00311591 0
0.00272292 0
0.00259733 0
0.00221046 0
0.00207667 0
0.00183433 0
0.00170143 0
0.00157524 0
0.0013115 0
0.00117944 0
0.000920762 0
0.000787969 0
0.000658487 0
0.000521702 0
0.000402937 0
0.000264001 0
0.000127951 0
0 0
