0.737382 783 -1.41
0.737382 782 -1.33
0.737382 781 -1.04
0.737382 780 -0.92
0.737382 779 -0.86
0.737188 779 -0.78
0.737188 778 -0.59
0.737188 777 -0.58
0.737188 776 -0.53
0.737188 775 -0.48
0.737188 774 -0.46
0.737188 773 -0.38
0.737188 772 -0.36
0.737188 771 -0.32
0.737188 770 -0.28
0.736995 768 -0.25
0.736995 767 -0.24
0.736995 766 -0.21
0.736995 765 -0.17
0.736995 763 -0.13
0.736995 762 0.01
0.736995 761 0.02
0.736801 761 0.06
0.736801 759 0.08
0.736801 757 0.09
0.736801 756 0.16
0.736801 755 0.23
0.736801 754 0.24
0.736608 754 0.25
0.736608 753 0.27
0.736608 751 0.31
0.736608 750 0.32
0.736608 749 0.34
0.736608 748 0.35
0.736415 748 0.37
0.736415 747 0.39
0.736415 745 0.4
0.736415 744 0.41
0.736415 743 0.42
0.736415 742 0.43
0.736221 742 0.44
0.736221 741 0.46
0.736028 740 0.47
0.736028 738 0.48
0.736028 737 0.51
0.736028 736 0.55
0.736028 735 0.56
0.736028 734 0.57
0.735834 733 0.58
0.735834 732 0.59
0.735834 731 0.6
0.735834 730 0.61
0.735834 728 0.64
0.735834 727 0.65
0.735834 726 0.66
0.735641 726 0.71
0.735641 725 0.73
0.735641 724 0.74
0.735641 723 0.76
0.735641 721 0.77
0.735641 719 0.8
0.735641 717 0.81
0.735641 714 0.82
0.735448 714 0.83
0.735254 714 0.84
0.735254 713 0.87
0.735254 712 0.88
0.735061 711 0.9
0.734868 711 0.91
0.734868 708 0.92
0.734868 706 0.93
0.734674 705 0.94
0.734674 703 0.95
0.734674 701 0.97
0.734674 700 0.98
0.734674 697 1.01
0.734481 694 1.02
0.734481 693 1.03
0.734287 693 1.04
0.734287 692 1.05
0.734287 691 1.06
0.734287 690 1.07
0.734287 688 1.08
0.734287 686 1.09
0.734287 685 1.1
0.734094 684 1.11
0.733901 683 1.13
0.733901 682 1.16
0.733901 681 1.19
0.733901 679 1.2
0.733901 678 1.21
0.733707 678 1.22
0.733514 676 1.23
0.733514 675 1.24
0.733514 673 1.25
0.733514 670 1.26
0.733514 668 1.27
0.733514 666 1.28
0.733514 664 1.29
0.733127 663 1.3
0.732934 658 1.32
0.73274 656 1.34
0.73274 651 1.35
0.732547 649 1.36
0.732547 648 1.37
0.732547 647 1.38
0.732354 646 1.39
0.73216 646 1.4
0.73216 643 1.41
0.73216 642 1.42
0.731967 642 1.43
0.731967 639 1.44
0.731773 639 1.45
0.73158 637 1.46
0.73158 633 1.47
0.73158 631 1.48
0.731387 630 1.49
0.731387 629 1.5
0.731 629 1.52
0.731 627 1.54
0.731 626 1.55
0.731 624 1.56
0.730806 623 1.57
0.730806 620 1.58
0.73042 618 1.59
0.73042 617 1.6
0.73042 616 1.62
0.730226 616 1.64
0.730033 614 1.65
0.729839 613 1.66
0.729839 612 1.69
0.729646 611 1.7
0.729259 609 1.71
0.729259 608 1.72
0.729259 607 1.73
0.729259 606 1.74
0.729066 604 1.75
0.729066 600 1.77
0.729066 599 1.78
0.729066 598 1.79
0.729066 597 1.81
0.728873 593 1.82
0.728873 592 1.84
0.728873 590 1.85
0.728873 587 1.86
0.728873 585 1.87
0.728679 582 1.88
0.728486 581 1.91
0.728486 578 1.93
0.728292 575 1.94
0.728292 574 1.95
0.728099 572 1.96
0.728099 570 1.97
0.727906 569 1.99
0.727519 568 2
0.727519 567 2.01
0.727519 565 2.02
0.727519 564 2.03
0.727325 564 2.04
0.727325 561 2.05
0.727132 559 2.06
0.727132 554 2.07
0.727132 552 2.08
0.727132 551 2.09
0.726745 551 2.1
0.726745 547 2.11
0.726745 546 2.12
0.726745 544 2.13
0.726745 543 2.14
0.726745 541 2.15
0.726552 538 2.16
0.726552 536 2.17
0.726359 535 2.18
0.726165 533 2.19
0.725972 532 2.2
0.725972 530 2.21
0.725585 527 2.22
0.725392 526 2.23
0.725198 524 2.24
0.725005 522 2.25
0.725005 520 2.26
0.725005 517 2.27
0.724811 514 2.28
0.724618 514 2.29
0.724618 512 2.31
0.724618 510 2.32
0.724425 509 2.33
0.724038 508 2.34
0.723458 506 2.35
0.723264 505 2.36
0.723264 503 2.37
0.723071 500 2.38
0.723071 499 2.39
0.723071 498 2.4
0.723071 495 2.42
0.722878 495 2.43
0.722491 495 2.45
0.722297 493 2.46
0.722297 491 2.47
0.722104 488 2.48
0.721717 484 2.49
0.72133 483 2.5
0.72133 481 2.51
0.72133 478 2.52
0.721137 476 2.53
0.721137 475 2.54
0.720944 471 2.55
0.720944 469 2.56
0.720944 467 2.57
0.72075 467 2.58
0.720557 466 2.59
0.720557 464 2.6
0.720364 461 2.61
0.720364 459 2.62
0.719783 458 2.65
0.719783 455 2.66
0.71959 453 2.67
0.719397 452 2.68
0.719203 451 2.69
0.718623 449 2.7
0.718043 447 2.71
0.717656 447 2.72
0.717656 443 2.73
0.717463 442 2.74
0.717463 439 2.75
0.717463 437 2.76
0.717463 434 2.78
0.717076 430 2.79
0.716496 427 2.8
0.716496 426 2.81
0.716302 423 2.82
0.716302 421 2.83
0.716109 419 2.84
0.715722 419 2.86
0.715722 415 2.87
0.715722 413 2.88
0.715336 413 2.89
0.714949 411 2.9
0.714949 408 2.92
0.714562 406 2.93
0.714369 404 2.94
0.714175 404 2.96
0.714175 403 2.97
0.714175 402 2.98
0.713788 401 2.99
0.713595 397 3
0.713595 395 3.01
0.713402 393 3.03
0.713208 392 3.04
0.713208 390 3.05
0.713208 388 3.06
0.713208 387 3.07
0.712822 386 3.08
0.712435 381 3.09
0.712241 379 3.1
0.712241 378 3.11
0.712241 376 3.12
0.711855 374 3.13
0.711855 372 3.14
0.711855 371 3.15
0.711855 369 3.16
0.711661 369 3.17
0.711274 368 3.18
0.710888 368 3.19
0.710501 364 3.2
0.710114 364 3.21
0.710114 363 3.22
0.709921 362 3.23
0.709727 362 3.24
0.709534 361 3.25
0.709147 361 3.26
0.708954 361 3.27
0.70876 361 3.28
0.70876 360 3.29
0.708374 360 3.3
0.70818 360 3.31
0.707793 358 3.32
0.7076 358 3.33
0.707213 355 3.34
0.70702 354 3.35
0.70702 353 3.36
0.706827 353 3.37
0.706246 348 3.38
0.70586 348 3.39
0.70586 347 3.4
0.705473 345 3.41
0.705086 344 3.42
0.704506 342 3.43
0.704313 339 3.44
0.704119 335 3.45
0.703539 334 3.46
0.703539 333 3.47
0.702959 329 3.48
0.702959 328 3.49
0.702765 327 3.5
0.702379 326 3.51
0.702379 323 3.52
0.702379 322 3.53
0.702185 322 3.54
0.702185 319 3.55
0.701992 318 3.56
0.701605 314 3.57
0.701605 313 3.58
0.701605 311 3.59
0.701025 310 3.6
0.700832 307 3.61
0.700445 306 3.62
0.700445 303 3.63
0.700251 299 3.64
0.699865 296 3.65
0.699284 295 3.66
0.699284 293 3.67
0.698704 291 3.68
0.698511 290 3.69
0.698318 289 3.7
0.696964 287 3.71
0.69619 285 3.72
0.695223 281 3.73
0.69503 280 3.74
0.694643 276 3.76
0.694256 275 3.77
0.694063 274 3.78
0.69387 274 3.79
0.693676 272 3.8
0.693289 272 3.81
0.693096 271 3.82
0.692516 271 3.83
0.692323 270 3.84
0.692129 270 3.85
0.691549 268 3.86
0.691162 264 3.88
0.690969 263 3.89
0.690969 261 3.9
0.690582 261 3.91
0.690002 258 3.92
0.689615 258 3.93
0.689615 257 3.94
0.689228 256 3.95
0.689035 254 3.96
0.688842 253 3.97
0.688455 250 3.98
0.688068 248 3.99
0.687101 247 4
0.686714 243 4.01
0.686521 241 4.02
0.685941 239 4.03
0.685747 237 4.04
0.685167 234 4.05
0.684781 234 4.06
0.684394 233 4.07
0.683814 231 4.08
0.683427 229 4.09
0.683233 226 4.1
0.682847 225 4.11
0.68246 223 4.12
0.682266 220 4.13
0.682073 220 4.14
0.68188 215 4.15
0.680719 215 4.16
0.680526 214 4.17
0.680333 213 4.18
0.679946 211 4.19
0.679752 211 4.2
0.679172 210 4.21
0.678786 209 4.22
0.678012 209 4.23
0.677625 207 4.24
0.677045 206 4.25
0.676465 202 4.28
0.676078 201 4.29
0.675498 201 4.3
0.675111 201 4.31
0.674338 200 4.32
0.673757 200 4.33
0.673177 199 4.34
0.672791 197 4.35
0.672597 197 4.36
0.672597 196 4.37
0.67221 195 4.38
0.671243 194 4.39
0.67047 193 4.4
0.66989 193 4.41
0.669503 191 4.42
0.669116 190 4.43
0.668536 189 4.44
0.668149 189 4.45
0.667763 188 4.46
0.666989 186 4.47
0.666602 186 4.48
0.666602 185 4.49
0.666215 184 4.5
0.665829 182 4.51
0.665829 180 4.52
0.665442 178 4.53
0.664475 178 4.54
0.664088 178 4.55
0.663508 176 4.56
0.662734 176 4.57
0.662541 176 4.58
0.661961 175 4.59
0.661187 174 4.6
0.660994 171 4.61
0.660027 170 4.62
0.659254 168 4.63
0.65848 167 4.64
0.6579 167 4.65
0.656933 166 4.66
0.656353 165 4.67
0.656159 165 4.68
0.655773 164 4.69
0.655386 162 4.7
0.654806 158 4.71
0.653839 157 4.72
0.653452 156 4.73
0.653065 156 4.74
0.652485 156 4.75
0.651905 156 4.76
0.651711 156 4.77
0.651131 154 4.78
0.650938 153 4.79
0.650551 152 4.8
0.650164 150 4.81
0.649584 148 4.82
0.648811 147 4.83
0.648424 147 4.84
0.648037 147 4.85
0.647457 145 4.86
0.646877 144 4.87
0.64649 144 4.88
0.64591 143 4.89
0.64591 142 4.91
0.645716 140 4.92
0.645523 140 4.93
0.645136 139 4.94
0.64475 137 4.95
0.644169 135 4.96
0.643783 134 4.97
0.643396 133 4.98
0.643009 132 4.99
0.642622 131 5
0.641462 131 5.01
0.641075 130 5.02
0.640495 130 5.03
0.639915 129 5.04
0.639722 125 5.05
0.639335 125 5.06
0.639335 124 5.07
0.638561 124 5.08
0.637981 124 5.09
0.637594 123 5.1
0.637208 123 5.11
0.636047 123 5.12
0.63508 123 5.13
0.634113 122 5.14
0.633533 122 5.15
0.632953 122 5.16
0.631793 120 5.17
0.629859 120 5.18
0.629665 119 5.19
0.628699 119 5.2
0.628118 116 5.21
0.627538 115 5.22
0.626958 115 5.23
0.626765 113 5.24
0.625798 112 5.25
0.625411 110 5.26
0.624831 110 5.27
0.624444 108 5.28
0.62367 107 5.29
0.623284 107 5.3
0.62251 103 5.31
0.62193 103 5.32
0.621156 102 5.33
0.620383 102 5.34
0.619803 102 5.35
0.619029 102 5.36
0.619029 101 5.37
0.618836 100 5.38
0.617482 100 5.39
0.616902 99 5.4
0.616128 99 5.41
0.614968 97 5.42
0.614195 97 5.43
0.613034 96 5.44
0.612841 96 5.45
0.612067 96 5.46
0.611487 94 5.47
0.61052 93 5.48
0.60936 93 5.49
0.608586 93 5.5
0.6082 92 5.51
0.607813 92 5.52
0.605879 91 5.53
0.605105 90 5.54
0.604525 88 5.55
0.603172 88 5.56
0.602978 88 5.57
0.602205 87 5.58
0.601624 86 5.59
0.600658 86 5.6
0.598917 86 5.61
0.597757 86 5.62
0.597563 85 5.63
0.596596 84 5.64
0.59621 83 5.65
0.595243 82 5.66
0.594856 81 5.67
0.594276 81 5.68
0.593889 81 5.69
0.592149 80 5.7
0.591375 79 5.71
0.590988 77 5.72
0.590795 77 5.73
0.590021 77 5.74
0.589248 76 5.75
0.588668 75 5.76
0.587701 74 5.77
0.586734 72 5.78
0.586734 71 5.79
0.584413 69 5.8
0.584026 68 5.81
0.583059 68 5.82
0.582673 68 5.83
0.581899 68 5.84
0.580932 68 5.85
0.579772 66 5.86
0.579578 66 5.87
0.578805 66 5.88
0.578225 66 5.89
0.576678 65 5.9
0.576291 65 5.91
0.575324 64 5.92
0.57455 64 5.93
0.573583 64 5.94
0.573003 64 5.95
0.57223 64 5.96
0.572036 63 5.97
0.571263 62 5.98
0.570683 62 5.99
0.569522 62 6
0.568942 62 6.01
0.568555 62 6.02
0.567975 60 6.03
0.566622 59 6.04
0.564494 59 6.05
0.563527 57 6.06
0.562754 57 6.07
0.562174 56 6.08
0.5614 55 6.09
0.560627 55 6.1
0.558886 55 6.11
0.557726 54 6.12
0.556759 54 6.13
0.555792 53 6.14
0.554051 53 6.15
0.553665 53 6.16
0.552118 53 6.17
0.551731 53 6.18
0.551151 52 6.19
0.550377 51 6.2
0.54941 51 6.21
0.548637 51 6.22
0.54825 51 6.23
0.547283 50 6.24
0.54709 50 6.25
0.546316 50 6.26
0.545349 49 6.27
0.543995 48 6.28
0.542255 48 6.29
0.541288 47 6.3
0.540901 47 6.31
0.539354 46 6.32
0.538 46 6.33
0.53684 45 6.34
0.536067 45 6.35
0.535873 45 6.36
0.535486 43 6.37
0.534519 43 6.38
0.533553 43 6.39
0.532392 43 6.4
0.530072 43 6.41
0.528911 43 6.42
0.527364 43 6.43
0.526591 43 6.44
0.525237 43 6.45
0.524657 43 6.46
0.524077 43 6.47
0.522529 43 6.48
0.520209 43 6.49
0.519242 43 6.5
0.518082 41 6.51
0.517115 41 6.52
0.515954 41 6.53
0.514987 41 6.54
0.514214 41 6.55
0.51228 40 6.56
0.511506 40 6.57
0.510733 39 6.58
0.509573 39 6.59
0.509186 37 6.6
0.508412 36 6.61
0.507445 36 6.62
0.506092 36 6.63
0.505512 36 6.64
0.504158 35 6.65
0.503191 35 6.66
0.502417 35 6.67
0.501257 35 6.68
0.50087 34 6.69
0.50029 34 6.7
0.498936 34 6.71
0.497583 34 6.72
0.496809 34 6.73
0.494875 34 6.74
0.494295 34 6.75
0.493715 34 6.76
0.492941 34 6.77
0.491974 34 6.78
0.491588 34 6.79
0.490427 33 6.8
0.489847 33 6.81
0.489074 32 6.82
0.488494 32 6.83
0.486946 32 6.84
0.48598 31 6.85
0.485593 31 6.86
0.484626 31 6.87
0.483079 31 6.88
0.482692 30 6.89
0.482305 30 6.9
0.480951 30 6.91
0.480178 30 6.92
0.478437 28 6.93
0.477857 27 6.94
0.47631 27 6.95
0.475343 27 6.96
0.47457 27 6.97
0.473603 27 6.98
0.472442 27 6.99
0.471669 27 7
0.470315 27 7.01
0.469155 27 7.02
0.468188 26 7.03
0.467414 25 7.04
0.465674 25 7.05
0.465481 25 7.06
0.46432 24 7.07
0.463353 23 7.08
0.46258 22 7.09
0.461806 21 7.1
0.460259 21 7.11
0.458905 21 7.12
0.457358 21 7.13
0.456391 21 7.14
0.455231 21 7.15
0.453297 20 7.16
0.452717 19 7.17
0.451363 19 7.18
0.45001 17 7.19
0.449816 17 7.2
0.448849 17 7.21
0.447496 17 7.22
0.446142 17 7.23
0.444982 17 7.24
0.443241 16 7.25
0.441501 16 7.26
0.440534 16 7.27
0.43918 16 7.28
0.438213 16 7.29
0.437053 16 7.3
0.436666 15 7.31
0.434926 15 7.32
0.432798 14 7.33
0.431445 13 7.34
0.430284 13 7.35
0.429511 13 7.36
0.42835 13 7.37
0.426997 13 7.38
0.425643 13 7.39
0.424869 12 7.4
0.423516 12 7.41
0.422549 12 7.42
0.421775 12 7.43
0.421002 12 7.44
0.420422 12 7.45
0.418681 12 7.46
0.416747 12 7.47
0.4152 12 7.48
0.41404 12 7.49
0.41288 12 7.5
0.411719 12 7.51
0.410559 12 7.52
0.409592 12 7.53
0.408818 12 7.54
0.406691 12 7.55
0.405724 12 7.56
0.404177 12 7.57
0.403017 12 7.58
0.402823 12 7.59
0.401663 12 7.6
0.40089 12 7.61
0.399729 12 7.62
0.399536 12 7.63
0.397795 12 7.64
0.395281 12 7.65
0.394121 12 7.66
0.392381 11 7.67
0.391607 11 7.68
0.390447 11 7.69
0.388319 11 7.7
0.387159 10 7.71
0.385225 10 7.72
0.384452 10 7.73
0.382905 9 7.74
0.382131 9 7.75
0.380584 9 7.76
0.379617 9 7.77
0.377683 9 7.78
0.375556 9 7.79
0.374976 9 7.8
0.374782 8 7.81
0.373042 8 7.82
0.371495 7 7.83
0.370141 7 7.84
0.369174 7 7.85
0.368014 7 7.86
0.36724 7 7.87
0.36666 7 7.88
0.365113 7 7.89
0.362986 7 7.9
0.360472 7 7.91
0.359698 7 7.92
0.358538 7 7.93
0.356991 7 7.94
0.356217 7 7.95
0.35467 7 7.96
0.353897 7 7.97
0.353123 7 7.98
0.352156 7 7.99
0.351576 7 8
0.350222 7 8.01
0.349642 7 8.02
0.348095 7 8.03
0.346741 7 8.04
0.345001 6 8.05
0.34326 6 8.06
0.3421 6 8.07
0.341327 6 8.08
0.33978 6 8.09
0.338619 6 8.1
0.337459 6 8.11
0.336492 6 8.12
0.335138 6 8.13
0.333398 6 8.14
0.332431 6 8.15
0.331657 6 8.16
0.330884 6 8.17
0.329723 6 8.18
0.32895 6 8.19
0.327209 6 8.2
0.324309 6 8.21
0.322955 6 8.22
0.321601 6 8.23
0.320634 6 8.24
0.318507 6 8.25
0.317153 6 8.26
0.31638 6 8.27
0.315219 6 8.28
0.313286 6 8.29
0.312705 6 8.3
0.312319 6 8.31
0.310385 6 8.32
0.309611 6 8.33
0.308451 6 8.34
0.306904 6 8.35
0.306517 6 8.36
0.304583 6 8.37
0.303036 6 8.38
0.301489 6 8.39
0.300909 6 8.4
0.299362 6 8.41
0.297235 6 8.42
0.296268 6 8.43
0.295687 6 8.44
0.295107 6 8.45
0.29414 6 8.46
0.29298 6 8.47
0.291433 6 8.48
0.290659 6 8.49
0.289306 6 8.5
0.286792 6 8.51
0.285631 6 8.52
0.284278 6 8.53
0.282731 5 8.54
0.281764 5 8.55
0.281184 5 8.56
0.28041 5 8.57
0.27867 5 8.58
0.277509 5 8.59
0.276349 5 8.6
0.273835 4 8.61
0.272481 4 8.62
0.271127 4 8.63
0.269774 4 8.64
0.26842 4 8.65
0.267066 4 8.66
0.265906 4 8.67
0.265519 4 8.68
0.264166 4 8.69
0.263005 4 8.7
0.262425 4 8.71
0.260878 4 8.72
0.259911 4 8.73
0.258364 4 8.74
0.25701 3 8.75
0.25527 3 8.76
0.253916 3 8.77
0.253336 3 8.78
0.252369 3 8.79
0.250629 3 8.8
0.249855 3 8.81
0.248888 3 8.82
0.248114 3 8.83
0.247148 2 8.84
0.246374 2 8.85
0.245407 2 8.86
0.244247 2 8.87
0.243086 2 8.88
0.241926 2 8.89
0.241346 2 8.9
0.239799 2 8.91
0.238832 2 8.92
0.237285 2 8.93
0.236318 2 8.94
0.235351 2 8.95
0.233804 2 8.96
0.23187 2 8.97
0.229936 2 8.98
0.228969 2 8.99
0.227616 2 9
0.226842 2 9.01
0.225682 2 9.02
0.224521 2 9.03
0.223554 2 9.04
0.222781 2 9.05
0.222201 2 9.06
0.221234 2 9.07
0.220267 2 9.08
0.219107 2 9.09
0.218526 2 9.1
0.216979 2 9.11
0.215819 2 9.12
0.214465 2 9.13
0.213305 2 9.14
0.212338 2 9.15
0.210598 2 9.16
0.209631 2 9.17
0.208857 2 9.18
0.207697 2 9.19
0.20673 2 9.2
0.20615 2 9.21
0.205376 2 9.22
0.204603 2 9.23
0.203249 2 9.24
0.201315 2 9.25
0.200541 2 9.26
0.199381 2 9.27
0.198608 1 9.28
0.197834 1 9.29
0.196094 1 9.3
0.195127 1 9.31
0.193966 1 9.32
0.193193 1 9.33
0.191452 1 9.34
0.190485 1 9.35
0.189712 1 9.36
0.188745 1 9.37
0.187585 1 9.38
0.187004 1 9.39
0.185457 1 9.4
0.184104 1 9.41
0.183717 1 9.42
0.182943 1 9.43
0.18217 1 9.44
0.181396 1 9.45
0.181009 1 9.46
0.180429 1 9.47
0.179849 1 9.48
0.178689 1 9.49
0.177915 1 9.5
0.177142 1 9.51
0.176368 1 9.52
0.175788 1 9.53
0.174434 1 9.54
0.173467 1 9.55
0.1725 1 9.56
0.17134 1 9.57
0.169793 1 9.58
0.169213 1 9.59
0.168246 1 9.6
0.167086 1 9.61
0.165732 1 9.62
0.163991 1 9.63
0.162831 1 9.64
0.162444 1 9.65
0.161671 1 9.66
0.160124 1 9.67
0.159157 1 9.68
0.158577 1 9.69
0.15761 1 9.7
0.156836 1 9.71
0.155869 1 9.72
0.155482 1 9.73
0.154129 1 9.74
0.152775 1 9.75
0.152195 1 9.76
0.151035 1 9.77
0.150454 1 9.78
0.149488 1 9.79
0.148134 1 9.8
0.147167 1 9.81
0.146587 1 9.82
0.1462 1 9.83
0.144459 1 9.84
0.143879 1 9.85
0.142719 1 9.86
0.141945 1 9.87
0.140979 1 9.88
0.139818 1 9.89
0.138271 1 9.9
0.137111 1 9.91
0.136917 1 9.92
0.136337 1 9.93
0.13537 1 9.94
0.134984 1 9.95
0.134403 1 9.96
0.13363 1 9.97
0.132663 1 9.98
0.131889 1 9.99
0.131309 1 10
0.130149 1 10.01
0.129762 1 10.02
0.128795 1 10.03
0.128215 1 10.04
0.127442 1 10.05
0.127055 1 10.06
0.125894 1 10.07
0.125121 1 10.08
0.123961 1 10.09
0.123574 1 10.1
0.122994 1 10.11
0.121833 1 10.12
0.120866 1 10.13
0.12048 1 10.14
0.119513 1 10.15
0.119319 1 10.16
0.118159 1 10.17
0.116999 1 10.18
0.116032 1 10.19
0.115645 1 10.2
0.115258 1 10.21
0.114678 1 10.22
0.113904 1 10.23
0.112744 1 10.24
0.111971 1 10.25
0.111584 1 10.26
0.110424 1 10.27
0.10965 1 10.28
0.108683 1 10.29
0.108103 1 10.3
0.107136 1 10.31
0.106556 1 10.32
0.106169 1 10.33
0.105589 1 10.35
0.105202 1 10.37
0.104815 1 10.38
0.104042 1 10.39
0.103268 1 10.4
0.102881 1 10.41
0.102495 1 10.42
0.101721 1 10.43
0.100948 1 10.44
0.0997873 1 10.45
0.0990137 1 10.46
0.0984336 1 10.47
0.0972733 1 10.48
0.0968865 1 10.49
0.0955328 1 10.5
0.0947592 1 10.51
0.0939857 1 10.52
0.0930188 1 10.53
0.0918584 1 10.54
0.0914717 1 10.55
0.0903114 1 10.56
0.0897312 1 10.58
0.0887643 1 10.59
0.0881841 1 10.6
0.0872172 1 10.61
0.0862502 1 10.62
0.0852833 1 10.63
0.084123 1 10.64
0.0835428 1 10.65
0.0827693 1 10.66
0.0825759 1 10.67
0.0819957 1 10.68
0.0812222 1 10.69
0.080642 1 10.7
0.0796751 1 10.71
0.0789016 1 10.72
0.0787082 1 10.73
0.0773545 1 10.74
0.0763875 1 10.75
0.0758074 1 10.77
0.0748405 1 10.78
0.0744537 1 10.79
0.0738735 1 10.8
0.0736801 1 10.81
0.0731 1 10.82
0.0717463 1 10.83
0.0715529 1 10.84
0.0709727 1 10.85
0.0701992 1 10.86
0.0694256 1 10.87
0.0682653 1 10.88
0.0672984 1 10.89
0.0667182 1 10.9
0.0665249 1 10.91
0.0657513 1 10.92
0.0647844 1 10.93
0.0640108 1 10.94
0.0638174 1 10.95
0.0636241 1 10.96
0.0634307 1 10.97
0.0622704 1 10.98
0.062077 1 10.99
0.0616902 1 11
0.0614968 1 11.01
0.0607233 1 11.02
0.0603365 1 11.03
0.0601431 1 11.04
0.0595629 1 11.05
0.058596 1 11.07
0.0584026 1 11.08
0.0578225 1 11.09
0.0576291 1 11.1
0.0572423 1 11.11
0.056082 1 11.12
0.0556952 1 11.13
0.0545349 1 11.14
0.0543415 1 11.15
0.053568 1 11.16
0.0531812 1 11.17
0.0524077 1 11.18
0.0520209 1 11.19
0.051054 1 11.2
0.0504738 1 11.21
0.0502804 1 11.22
0.050087 1 11.23
0.0497003 1 11.24
0.0495069 1 11.25
0.0485399 1 11.26
0.0481532 1 11.27
0.0479598 1 11.28
0.047573 1 11.29
0.0473796 1 11.3
0.0471862 1 11.32
0.0469928 1 11.33
0.0464127 1 11.34
0.0460259 1 11.35
0.0456391 1 11.36
0.0452524 1 11.37
0.0444788 1 11.38
0.0438987 1 11.39
0.0435119 1 11.41
0.0429317 1 11.42
0.042545 0 11.43
0.0423516 0 11.44
0.0419648 0 11.45
0.0411913 0 11.47
0.0408045 0 11.48
0.0402243 0 11.49
0.0400309 0 11.5
0.0396442 0 11.51
0.0392574 0 11.52
0.039064 0 11.53
0.0388706 0 11.54
0.0384839 0 11.55
0.0379037 0 11.56
0.0375169 0 11.57
0.0369368 0 11.58
0.0367434 0 11.59
0.0361632 0 11.6
0.0359698 0 11.61
0.0351963 0 11.62
0.0346161 0 11.63
0.0344227 0 11.64
0.0342294 0 11.66
0.0338426 0 11.67
0.033069 0 11.68
0.0322955 0 11.69
0.0321021 0 11.7
0.0319087 0 11.72
0.0311352 0 11.73
0.0307484 0 11.74
0.030555 0 11.75
0.0303616 0 11.76
0.0299749 0 11.77
0.0297815 0 11.78
0.0295881 0 11.8
0.0293947 0 11.81
0.0290079 0 11.82
0.0288145 0 11.83
0.0286212 0 11.84
0.0284278 0 11.85
0.0282344 0 11.87
0.0274608 0 11.88
0.0268807 0 11.89
0.0266873 0 11.9
0.0263005 0 11.91
0.0259137 0 11.92
0.0257204 0 11.93
0.025527 0 11.95
0.0249468 0 11.96
0.0247534 0 11.97
0.0241733 0 11.98
0.0239799 0 12
0.0235931 0 12.02
0.0233997 0 12.03
0.0232063 0 12.05
0.0228196 0 12.06
0.0226262 0 12.07
0.022046 0 12.08
0.0218526 0 12.09
0.0214659 0 12.11
0.0212725 0 12.12
0.0210791 0 12.13
0.0206923 0 12.16
0.0204989 0 12.17
0.0203056 0 12.18
0.0201122 0 12.2
0.0197254 0 12.21
0.0193386 0 12.22
0.0191452 0 12.23
0.0189518 0 12.27
0.0187585 0 12.28
0.0183717 0 12.29
0.0181783 0 12.3
0.0179849 0 12.31
0.0175981 0 12.32
0.0172114 0 12.34
0.0168246 0 12.35
0.0164378 0 12.36
0.0162444 0 12.38
0.0160511 0 12.39
0.0158577 0 12.41
0.0156643 0 12.42
0.0154709 0 12.43
0.0152775 0 12.44
0.0150841 0 12.45
0.0146974 0 12.5
0.014504 0 12.51
0.0143106 0 12.54
0.0137304 0 12.56
0.013537 0 12.59
0.0131503 0 12.61
0.0129569 0 12.63
0.0127635 0 12.65
0.0125701 0 12.67
0.0123767 0 12.68
0.0121833 0 12.69
0.0119899 0 12.71
0.0117966 0 12.74
0.0116032 0 12.75
0.0112164 0 12.77
0.011023 0 12.78
0.0108296 0 12.79
0.0106362 0 12.82
0.0104429 0 12.83
0.0102495 0 12.85
0.0100561 0 12.87
0.0098627 0 12.89
0.00966931 0 12.91
0.00947592 0 12.92
0.00928254 0 12.93
0.00908915 0 12.95
0.00889576 0 12.99
0.00850899 0 13
0.00831561 0 13.04
0.00812222 0 13.05
0.00792883 0 13.07
0.00773545 0 13.08
0.00754206 0 13.09
0.00734868 0 13.1
0.00676852 0 13.12
0.00657513 0 13.14
0.00638174 0 13.15
0.00599497 0 13.18
0.00580159 0 13.21
0.0056082 0 13.22
0.00541481 0 13.24
0.00522143 0 13.28
0.00483465 0 13.29
0.00464127 0 13.31
0.00444788 0 13.33
0.0042545 0 13.34
0.00386772 0 13.37
0.00367434 0 13.38
0.00348095 0 13.41
0.00328757 0 13.43
0.00309418 0 13.47
0.00290079 0 13.56
0.00251402 0 13.58
0.00232063 0 13.66
0.00193386 0 13.71
0.00174048 0 13.72
0.00154709 0 13.73
0.0013537 0 13.86
0.00116032 0 13.94
0.000966931 0 14.06
0.000773545 0 14.17
0.000580159 0 14.18
0.000386772 0 15.06
0.000193386 0 16.05
0 0 1.79769e+308
