0.325276 5 0.8
0.325082 5 0.95
0.324889 5 1.1
0.324695 5 1.13
0.324309 5 1.2
0.324115 5 1.27
0.323922 4 1.3
0.323728 4 1.37
0.323148 4 1.39
0.322955 4 1.4
0.322568 4 1.41
0.322375 4 1.42
0.322181 4 1.46
0.321988 4 1.48
0.321795 4 1.52
0.321601 4 1.53
0.321408 4 1.54
0.321214 4 1.55
0.321021 4 1.58
0.320828 4 1.6
0.320634 4 1.61
0.320441 4 1.62
0.320248 4 1.63
0.320054 4 1.65
0.319667 4 1.68
0.319474 4 1.71
0.3187 4 1.74
0.31812 4 1.75
0.317927 4 1.76
0.317734 4 1.79
0.317347 4 1.8
0.317153 4 1.84
0.316573 4 1.87
0.31638 4 1.88
0.316186 4 1.89
0.315993 4 1.9
0.3158 4 1.91
0.315413 4 1.93
0.315219 4 1.94
0.315026 4 1.96
0.314639 4 1.97
0.314253 4 1.98
0.313866 4 1.99
0.313092 4 2
0.312705 4 2.02
0.312319 4 2.04
0.312125 4 2.05
0.311932 4 2.06
0.311158 4 2.07
0.310578 4 2.08
0.310385 4 2.09
0.310191 4 2.1
0.309805 4 2.13
0.309225 4 2.14
0.308838 4 2.15
0.308451 4 2.16
0.308258 4 2.17
0.307291 4 2.19
0.306517 4 2.2
0.306324 4 2.21
0.30555 4 2.22
0.304583 4 2.23
0.304003 4 2.25
0.303616 4 2.26
0.303423 4 2.27
0.303036 4 2.28
0.302843 4 2.29
0.302263 4 2.3
0.301876 4 2.31
0.301296 4 2.32
0.301102 4 2.33
0.300522 4 2.34
0.300329 4 2.35
0.300135 4 2.36
0.299749 4 2.37
0.298588 4 2.38
0.298395 4 2.39
0.296848 4 2.41
0.296654 4 2.42
0.296074 4 2.43
0.295107 4 2.44
0.29414 4 2.45
0.293367 4 2.46
0.292593 4 2.47
0.2924 4 2.49
0.29182 4 2.5
0.29124 4 2.51
0.290466 4 2.52
0.289693 4 2.53
0.289306 4 2.54
0.288919 4 2.55
0.288532 4 2.56
0.288339 4 2.57
0.287372 4 2.58
0.286792 4 2.59
0.285825 4 2.6
0.284664 4 2.61
0.283891 4 2.62
0.282924 4 2.63
0.281764 4 2.64
0.281184 4 2.65
0.280603 4 2.66
0.279636 4 2.67
0.27925 3 2.68
0.278283 3 2.69
0.277316 3 2.7
0.276542 3 2.71
0.276155 3 2.72
0.275769 3 2.73
0.275382 3 2.74
0.274995 3 2.75
0.274415 3 2.76
0.274028 3 2.77
0.273448 3 2.78
0.272288 3 2.8
0.271708 3 2.81
0.270934 3 2.82
0.270354 3 2.83
0.26842 3 2.84
0.26784 3 2.85
0.267066 3 2.86
0.265713 3 2.87
0.265132 3 2.88
0.264552 3 2.89
0.263972 3 2.91
0.262425 3 2.92
0.262038 3 2.93
0.261071 3 2.94
0.259911 3 2.95
0.259718 3 2.96
0.258944 3 2.97
0.258364 2 2.98
0.257397 2 2.99
0.25643 2 3
0.255463 1 3.01
0.254109 1 3.02
0.253336 1 3.03
0.252949 1 3.04
0.252176 1 3.05
0.250629 1 3.06
0.249855 1 3.07
0.249081 1 3.08
0.248114 1 3.09
0.246954 1 3.1
0.245407 1 3.11
0.244634 1 3.12
0.242893 1 3.13
0.240959 1 3.14
0.240186 1 3.15
0.238832 1 3.16
0.236705 1 3.17
0.235351 1 3.18
0.233804 1 3.19
0.23303 1 3.2
0.231483 1 3.21
0.230323 1 3.22
0.228969 1 3.23
0.228582 1 3.24
0.226842 1 3.25
0.225875 1 3.26
0.224328 1 3.27
0.223361 1 3.28
0.221814 1 3.29
0.22104 1 3.3
0.219493 1 3.31
0.218333 1 3.32
0.216593 1 3.33
0.215239 1 3.34
0.214079 1 3.35
0.213885 1 3.36
0.211951 1 3.37
0.210017 1 3.38
0.209437 1 3.39
0.208277 1 3.4
0.20731 1 3.41
0.206343 1 3.42
0.20557 1 3.43
0.205183 1 3.44
0.204796 1 3.45
0.203056 1 3.46
0.201508 1 3.47
0.201122 1 3.48
0.199575 1 3.49
0.198221 1 3.5
0.197447 1 3.51
0.196094 1 3.52
0.19474 1 3.53
0.193773 1 3.54
0.192806 1 3.55
0.192226 1 3.56
0.191259 1 3.57
0.189905 1 3.58
0.188938 1 3.59
0.187585 1 3.6
0.186038 1 3.61
0.184684 1 3.62
0.182943 1 3.63
0.181783 1 3.64
0.180429 1 3.65
0.178882 1 3.66
0.177722 1 3.67
0.176948 1 3.68
0.175981 1 3.69
0.174241 1 3.7
0.173081 1 3.71
0.171727 1 3.72
0.169793 1 3.73
0.168439 1 3.74
0.167086 1 3.75
0.165925 1 3.76
0.164572 1 3.77
0.163411 1 3.78
0.162058 1 3.79
0.160704 1 3.8
0.15877 1 3.81
0.157416 1 3.82
0.156643 1 3.83
0.155289 1 3.84
0.153742 1 3.85
0.152195 1 3.86
0.150841 1 3.87
0.149681 1 3.88
0.149101 1 3.89
0.146393 1 3.9
0.14562 0 3.91
0.144653 0 3.92
0.143879 0 3.93
0.141172 0 3.94
0.140592 0 3.95
0.139238 0 3.96
0.138465 0 3.97
0.137691 0 3.98
0.136531 0 3.99
0.135757 0 4
0.134597 0 4.01
0.13363 0 4.02
0.132276 0 4.03
0.131696 0 4.04
0.130342 0 4.05
0.129182 0 4.06
0.128215 0 4.07
0.127055 0 4.08
0.126281 0 4.09
0.125508 0 4.1
0.124347 0 4.11
0.12222 0 4.12
0.120866 0 4.13
0.119513 0 4.14
0.117192 0 4.15
0.116612 0 4.16
0.115065 0 4.17
0.113711 0 4.18
0.111584 0 4.19
0.110424 0 4.2
0.109843 0 4.21
0.10849 0 4.22
0.107136 0 4.23
0.105976 0 4.24
0.105202 0 4.25
0.104622 0 4.26
0.103848 0 4.27
0.103075 0 4.28
0.102301 0 4.29
0.101334 0 4.3
0.100367 0 4.31
0.0995939 0 4.32
0.098627 0 4.33
0.0972733 0 4.34
0.0957262 0 4.35
0.0953394 0 4.36
0.0949526 0 4.37
0.0941791 0 4.38
0.0928254 0 4.39
0.0916651 0 4.4
0.090118 0 4.41
0.0889576 0 4.42
0.0877973 0 4.43
0.086637 0 4.44
0.0854767 0 4.45
0.0843164 0 4.46
0.0831561 0 4.47
0.0818024 0 4.48
0.0812222 0 4.49
0.0794817 0 4.5
0.0783214 0 4.51
0.0771611 0 4.53
0.0760008 0 4.54
0.0752272 0 4.55
0.0744537 0 4.56
0.0738735 0 4.57
0.0723264 0 4.58
0.0715529 0 4.59
0.0701992 0 4.6
0.069619 0 4.61
0.0688455 0 4.62
0.0678786 0 4.63
0.0663315 0 4.65
0.0651711 0 4.66
0.0640108 0 4.67
0.0632373 0 4.68
0.0624637 0 4.69
0.0613034 0 4.7
0.0595629 0 4.71
0.0582092 0 4.72
0.0572423 0 4.73
0.0564688 0 4.74
0.0556952 0 4.75
0.0549217 0 4.76
0.0543415 0 4.77
0.0533746 0 4.78
0.0512473 0 4.79
0.0502804 0 4.8
0.050087 0 4.81
0.0495069 0 4.82
0.0491201 0 4.83
0.0489267 0 4.84
0.0483465 0 4.85
0.0469928 0 4.86
0.0464127 0 4.87
0.0454458 0 4.88
0.0442854 0 4.89
0.0433185 0 4.9
0.0423516 0 4.91
0.0419648 0 4.92
0.0408045 0 4.93
0.0398376 0 4.95
0.0394508 0 4.96
0.039064 0 4.97
0.0384839 0 4.98
0.0382905 0 4.99
0.0377103 0 5
0.0375169 0 5.01
0.0367434 0 5.02
0.0363566 0 5.04
0.0355831 0 5.06
0.0350029 0 5.07
0.0342294 0 5.08
0.033069 0 5.09
0.0328757 0 5.1
0.0317153 0 5.11
0.0313286 0 5.12
0.030555 0 5.13
0.0293947 0 5.14
0.0288145 0 5.15
0.0282344 0 5.17
0.0274608 0 5.19
0.0270741 0 5.2
0.0268807 0 5.21
0.0264939 0 5.22
0.0261071 0 5.23
0.0253336 0 5.24
0.0251402 0 5.25
0.0247534 0 5.26
0.0243667 0 5.27
0.0235931 0 5.28
0.0228196 0 5.29
0.0224328 0 5.3
0.0218526 0 5.31
0.0214659 0 5.32
0.0206923 0 5.33
0.0204989 0 5.34
0.0201122 0 5.35
0.0197254 0 5.36
0.019532 0 5.37
0.0191452 0 5.38
0.0189518 0 5.39
0.0187585 0 5.4
0.0181783 0 5.42
0.0179849 0 5.43
0.0175981 0 5.44
0.0172114 0 5.45
0.0166312 0 5.46
0.0164378 0 5.49
0.0162444 0 5.52
0.0158577 0 5.53
0.0154709 0 5.54
0.0150841 0 5.56
0.014504 0 5.57
0.0139238 0 5.58
0.0131503 0 5.59
0.0129569 0 5.6
0.0123767 0 5.61
0.0121833 0 5.62
0.0114098 0 5.63
0.0112164 0 5.64
0.0104429 0 5.66
0.0102495 0 5.69
0.0100561 0 5.7
0.0098627 0 5.71
0.00966931 0 5.72
0.00928254 0 5.75
0.00870238 0 5.78
0.00850899 0 5.8
0.00812222 0 5.83
0.00792883 0 5.85
0.00773545 0 5.86
0.00754206 0 5.91
0.00715529 0 5.92
0.0069619 0 5.93
0.00638174 0 5.94
0.00599497 0 5.99
0.00580159 0 6.04
0.0056082 0 6.07
0.00522143 0 6.08
0.00502804 0 6.09
0.00464127 0 6.1
0.00444788 0 6.11
0.0042545 0 6.13
0.00406111 0 6.15
0.00386772 0 6.16
0.00367434 0 6.2
0.00328757 0 6.24
0.00309418 0 6.25
0.00290079 0 6.27
0.00270741 0 6.28
0.00251402 0 6.35
0.00232063 0 6.36
0.00212725 0 6.37
0.00193386 0 6.43
0.00174048 0 6.56
0.00154709 0 6.61
0.0013537 0 6.63
0.00116032 0 6.67
0.000966931 0 6.7
0.000580159 0 6.87
0.000386772 0 6.96
0.000193386 0 7.16
0 0 1.79769e+308
