0.459132 156
0.459132 155
0.459132 154
0.459018 154
0.459018 153
0.459018 152
0.459018 151
0.459018 150
0.459018 148
0.458894 148
0.45868 147
0.45868 146
0.45868 145
0.458567 145
0.458437 144
0.458334 143
0.458183 143
0.458046 143
0.457926 143
0.457515 143
0.457391 143
0.45727 143
0.457152 142
0.457146 141
0.457146 140
0.457031 139
0.456934 138
0.456793 138
0.456661 137
0.456421 137
0.456279 137
0.456018 137
0.455758 134
0.455337 131
0.455093 131
0.454979 129
0.454979 128
0.454582 125
0.454582 124
0.454448 123
0.454318 120
0.454228 119
0.453752 119
0.453752 118
0.453607 117
0.453485 117
0.45311 116
0.452999 115
0.452751 115
0.452525 114
0.452277 113
0.45203 111
0.451798 111
0.451344 110
0.450569 107
0.450176 105
0.449923 105
0.449437 104
0.449238 102
0.448889 101
0.448335 100
0.4482 99
0.447325 97
0.44678 95
0.446297 92
0.445555 89
0.445433 88
0.445073 88
0.444673 87
0.443991 84
0.443318 83
0.442638 83
0.442504 83
0.442273 81
0.442157 81
0.441664 80
0.441301 79
0.440988 78
0.440145 77
0.43946 76
0.438857 76
0.438452 74
0.437982 71
0.437294 70
0.436621 69
0.43614 69
0.435543 68
0.434927 68
0.434288 67
0.433916 66
0.433167 65
0.432291 65
0.431549 65
0.430619 63
0.430024 63
0.429134 63
0.428263 63
0.4278 60
0.427223 60
0.426474 59
0.425468 59
0.424984 58
0.42435 58
0.423168 58
0.421792 58
0.42042 58
0.419471 56
0.418175 55
0.417345 54
0.416335 53
0.414059 53
0.41322 53
0.412337 53
0.41159 53
0.410756 53
0.4097 51
0.407943 51
0.407438 50
0.406333 49
0.405234 47
0.403218 47
0.402005 47
0.399947 46
0.398888 44
0.397872 44
0.396807 44
0.395254 41
0.39404 38
0.392677 38
0.390178 36
0.389542 36
0.387709 34
0.385884 34
0.384094 32
0.382448 30
0.380935 30
0.379811 29
0.378244 27
0.377138 26
0.374229 26
0.373018 26
0.372445 26
0.37146 26
0.370228 25
0.368765 24
0.367211 24
0.364856 23
0.36234 23
0.361127 23
0.359565 21
0.357493 21
0.355285 20
0.353354 20
0.351915 20
0.350178 19
0.347853 19
0.345615 19
0.343864 18
0.341598 18
0.339493 17
0.337903 16
0.336536 16
0.334056 15
0.332142 15
0.330112 15
0.328065 15
0.325789 14
0.324107 13
0.321195 13
0.319001 13
0.317149 13
0.314984 13
0.312466 12
0.310834 12
0.308369 11
0.306315 11
0.304285 11
0.302286 11
0.300196 11
0.298079 11
0.294975 10
0.292988 10
0.291109 9
0.289081 9
0.286548 9
0.284132 8
0.281998 8
0.278635 8
0.275735 7
0.273391 6
0.270195 6
0.268239 6
0.265054 6
0.263745 6
0.262144 6
0.258985 6
0.25702 6
0.253592 6
0.251182 5
0.247613 5
0.244044 5
0.241448 4
0.239117 3
0.237487 3
0.235927 3
0.232715 2
0.230979 2
0.228248 2
0.225433 2
0.222752 2
0.219093 2
0.21595 2
0.212992 2
0.210779 2
0.207204 2
0.204258 2
0.200867 2
0.197659 2
0.194975 2
0.19229 2
0.189349 2
0.186558 2
0.183796 1
0.180891 1
0.178921 0
0.176762 0
0.173565 0
0.171288 0
0.168243 0
0.165114 0
0.162274 0
0.159123 0
0.156915 0
0.154621 0
0.152308 0
0.149757 0
0.148064 0
0.14502 0
0.143149 0
0.139516 0
0.136572 0
0.134926 0
0.132594 0
0.130547 0
0.128507 0
0.126602 0
0.124794 0
0.123016 0
0.121062 0
0.117651 0
0.115065 0
0.113787 0
0.112746 0
0.111116 0
0.108917 0
0.107126 0
0.105204 0
0.103813 0
0.10219 0
0.101008 0
0.0987969 0
0.0977891 0
0.0947699 0
0.0916693 0
0.0898825 0
0.0877134 0
0.0865483 0
0.0843203 0
0.0830465 0
0.0814736 0
0.0791981 0
0.0779072 0
0.0765431 0
0.0743516 0
0.0729591 0
0.0714204 0
0.0690473 0
0.0685267 0
0.0662691 0
0.0651108 0
0.0639511 0
0.0617389 0
0.0603584 0
0.0594827 0
0.0575435 0
0.0558401 0
0.0539287 0
0.052274 0
0.050864 0
0.0492764 0
0.0482462 0
0.0472039 0
0.0468159 0
0.0460557 0
0.0453039 0
0.0449133 0
0.0432509 0
0.0420367 0
0.0412525 0
0.0400617 0
0.039038 0
0.0381336 0
0.0369999 0
0.0354473 0
0.0342577 0
0.0332625 0
0.0323443 0
0.0311925 0
0.0303901 0
0.0297273 0
0.0286822 0
0.0276585 0
0.026896 0
0.0262418 0
0.0255778 0
0.024806 0
0.0240215 0
0.0237631 0
0.0228494 0
0.0217104 0
0.0210774 0
0.0207017 0
0.0204423 0
0.0200899 0
0.0194419 0
0.018799 0
0.0178714 0
0.0174888 0
0.0169629 0
0.0160382 0
0.0156601 0
0.0154032 0
0.014389 0
0.0141339 0
0.013756 0
0.0125913 0
0.0117882 0
0.0116613 0
0.0110497 0
0.010801 0
0.0105357 0
0.010128 0
0.00985306 0
0.00933475 0
0.00906102 0
0.0082718 0
0.00813809 0
0.00788446 0
0.0076186 0
0.00736772 0
0.00724737 0
0.00699028 0
0.00672861 0
0.00647975 0
0.00621688 0
0.00608844 0
0.00582152 0
0.00556058 0
0.00542805 0
0.00517265 0
0.00491429 0
0.00477738 0
0.00440518 0
0.00426984 0
0.00414214 0
0.00390059 0
0.00377243 0
0.00363501 0
0.00324435 0
0.00299506 0
0.00286165 0
0.00260872 0
0.00220662 0
0.0020719 0
0.00194203 0
0.00181634 0
0.00167935 0
0.0014206 0
0.00116497 0
0.000913719 0
0.000780229 0
0.000649198 0
0.000521402 0
0.000396658 0
0.000266277 0
0.00012734 0
0 0
