0.685747 243 -0.9
0.685747 242 -0.36
0.685554 242 -0.25
0.685554 241 -0.18
0.685554 240 -0.16
0.685554 239 -0.06
0.685554 238 0.08
0.685554 237 0.16
0.685554 236 0.28
0.685554 235 0.3
0.685361 235 0.35
0.685167 235 0.37
0.684974 235 0.44
0.684974 234 0.48
0.684974 233 0.53
0.684974 232 0.56
0.684974 231 0.57
0.684781 230 0.66
0.684587 230 0.69
0.684587 229 0.83
0.684394 229 0.85
0.6842 229 0.86
0.6842 228 0.87
0.6842 227 0.91
0.684007 227 0.95
0.683814 227 0.96
0.683814 226 0.97
0.68362 225 1.02
0.68362 224 1.03
0.683427 224 1.04
0.683233 224 1.06
0.683233 223 1.09
0.68304 223 1.1
0.68304 222 1.11
0.682847 221 1.14
0.682847 219 1.16
0.682847 218 1.17
0.682847 217 1.18
0.68246 217 1.25
0.68246 216 1.27
0.68246 215 1.31
0.68246 214 1.32
0.68246 213 1.37
0.68246 212 1.38
0.68246 211 1.4
0.682266 210 1.48
0.682266 209 1.5
0.682266 207 1.54
0.682266 206 1.55
0.682266 205 1.57
0.68188 205 1.6
0.681686 205 1.64
0.681686 204 1.71
0.681686 202 1.77
0.681686 201 1.78
0.681686 200 1.82
0.681686 198 1.83
0.681686 197 1.84
0.681493 195 1.85
0.6813 195 1.86
0.681106 195 1.88
0.680913 195 1.89
0.680913 194 1.91
0.680913 193 1.92
0.680913 192 1.93
0.680913 191 1.95
0.680913 190 1.96
0.680719 189 1.97
0.680526 189 1.99
0.680526 188 2
0.680333 186 2.03
0.680333 185 2.04
0.680139 184 2.08
0.679946 184 2.09
0.679752 184 2.1
0.679752 183 2.11
0.679559 183 2.12
0.679366 183 2.13
0.678786 181 2.14
0.678786 180 2.16
0.678786 178 2.18
0.678399 177 2.22
0.678399 176 2.26
0.678205 175 2.28
0.678012 175 2.33
0.677625 175 2.35
0.677432 175 2.36
0.677238 175 2.39
0.677238 174 2.4
0.676852 174 2.41
0.676465 173 2.42
0.676465 172 2.43
0.676272 172 2.47
0.675885 172 2.49
0.675111 172 2.51
0.674918 171 2.52
0.674918 170 2.53
0.674724 170 2.54
0.674531 169 2.55
0.674144 169 2.57
0.673757 169 2.6
0.673564 167 2.61
0.673564 166 2.63
0.673371 166 2.64
0.673177 165 2.65
0.672984 165 2.66
0.672984 163 2.7
0.672791 162 2.71
0.672791 161 2.72
0.672791 160 2.73
0.672404 160 2.75
0.67221 160 2.76
0.672017 158 2.77
0.671824 158 2.78
0.67163 158 2.79
0.671437 158 2.8
0.671243 158 2.81
0.670857 156 2.83
0.670083 156 2.85
0.66989 156 2.87
0.66931 156 2.88
0.669116 156 2.9
0.669116 155 2.91
0.668729 155 2.92
0.668729 154 2.95
0.668343 154 2.96
0.668149 154 2.97
0.667956 154 2.99
0.667763 153 3
0.667569 153 3.01
0.667569 152 3.02
0.667182 152 3.03
0.666796 152 3.04
0.666602 152 3.06
0.666602 151 3.08
0.666215 149 3.09
0.666022 149 3.11
0.666022 148 3.12
0.666022 147 3.13
0.665829 147 3.15
0.665442 147 3.19
0.665249 147 3.2
0.664668 147 3.21
0.664282 146 3.22
0.663121 144 3.23
0.662734 144 3.24
0.662541 144 3.25
0.662154 144 3.27
0.661574 142 3.29
0.661574 141 3.3
0.661574 139 3.31
0.661187 139 3.33
0.660801 138 3.34
0.660801 137 3.35
0.660607 136 3.36
0.66022 135 3.37
0.65964 135 3.38
0.659254 134 3.39
0.658867 133 3.4
0.65848 133 3.41
0.6579 132 3.42
0.6579 131 3.43
0.65732 130 3.44
0.65732 129 3.45
0.65732 128 3.46
0.65732 127 3.47
0.657126 127 3.48
0.656933 126 3.49
0.65674 126 3.5
0.656159 126 3.51
0.655966 125 3.52
0.655966 123 3.53
0.655386 121 3.55
0.655192 121 3.56
0.654806 120 3.57
0.654806 118 3.58
0.654612 118 3.59
0.654419 118 3.6
0.654032 118 3.61
0.654032 117 3.62
0.653645 117 3.63
0.653452 117 3.64
0.653452 115 3.65
0.653259 112 3.66
0.653065 111 3.67
0.652872 110 3.68
0.652485 110 3.69
0.652292 110 3.7
0.651325 110 3.71
0.651131 108 3.72
0.650745 107 3.73
0.650358 106 3.74
0.650164 106 3.75
0.650164 105 3.76
0.649778 105 3.77
0.649584 104 3.78
0.649004 104 3.79
0.648811 104 3.8
0.648811 103 3.81
0.648617 102 3.82
0.648424 102 3.83
0.648231 102 3.84
0.648037 102 3.85
0.647844 101 3.86
0.64765 101 3.87
0.64707 98 3.88
0.646683 97 3.89
0.64649 97 3.9
0.645716 97 3.91
0.645523 97 3.92
0.64475 96 3.93
0.644556 96 3.95
0.643976 93 3.96
0.643783 93 3.97
0.643589 91 3.98
0.643589 90 3.99
0.643202 90 4
0.642816 89 4.01
0.642429 89 4.02
0.641849 88 4.04
0.641462 88 4.05
0.641075 88 4.06
0.640882 87 4.07
0.640495 87 4.08
0.639915 87 4.09
0.639722 86 4.1
0.639335 86 4.11
0.638948 86 4.12
0.638561 86 4.13
0.638368 86 4.14
0.637981 86 4.15
0.637594 84 4.16
0.637208 84 4.17
0.636434 84 4.18
0.636241 83 4.19
0.635467 83 4.2
0.63508 82 4.21
0.634113 81 4.22
0.633533 80 4.23
0.633533 78 4.24
0.63334 78 4.25
0.63276 76 4.26
0.632179 75 4.27
0.630826 75 4.28
0.630246 75 4.29
0.630052 75 4.3
0.629859 75 4.31
0.629085 75 4.32
0.628312 75 4.33
0.627732 75 4.34
0.627151 75 4.35
0.626765 75 4.36
0.626184 75 4.37
0.626184 74 4.39
0.625991 72 4.4
0.625411 72 4.41
0.624831 72 4.42
0.624251 72 4.43
0.623477 72 4.44
0.622704 71 4.45
0.622317 71 4.46
0.621543 71 4.47
0.621156 69 4.48
0.620963 69 4.49
0.619609 69 4.5
0.618642 68 4.51
0.617869 67 4.52
0.617289 67 4.53
0.616128 66 4.54
0.615935 65 4.55
0.615548 62 4.56
0.614195 62 4.57
0.613614 62 4.58
0.613421 61 4.59
0.612647 61 4.6
0.612454 61 4.61
0.612261 61 4.62
0.611294 61 4.63
0.610133 61 4.64
0.608973 61 4.65
0.608006 61 4.66
0.607813 61 4.67
0.606846 61 4.68
0.606459 61 4.69
0.605686 61 4.7
0.605492 60 4.71
0.604719 60 4.72
0.604525 59 4.73
0.603558 59 4.74
0.602398 58 4.75
0.601624 56 4.76
0.600658 56 4.77
0.600271 56 4.78
0.600077 55 4.79
0.599497 55 4.8
0.598337 55 4.81
0.597757 55 4.82
0.596596 54 4.83
0.596016 54 4.84
0.595629 54 4.85
0.595243 54 4.86
0.594276 54 4.87
0.593309 54 4.88
0.592922 53 4.89
0.592149 53 4.9
0.591568 52 4.91
0.590988 52 4.92
0.589441 52 4.93
0.589054 52 4.94
0.588281 50 4.95
0.587894 50 4.96
0.587507 50 4.97
0.586734 50 4.98
0.586154 48 4.99
0.585187 47 5
0.5848 47 5.01
0.584026 47 5.02
0.582866 46 5.03
0.582286 46 5.04
0.582092 45 5.05
0.581706 45 5.06
0.580739 45 5.07
0.580739 43 5.08
0.579385 43 5.09
0.578998 43 5.1
0.578225 42 5.11
0.578031 42 5.12
0.577838 42 5.13
0.577064 42 5.14
0.576484 42 5.15
0.575711 42 5.16
0.573777 42 5.17
0.572423 42 5.18
0.571843 42 5.19
0.571069 41 5.2
0.570489 41 5.21
0.569909 41 5.22
0.569329 41 5.23
0.569136 41 5.24
0.568749 41 5.25
0.567782 41 5.26
0.567008 41 5.27
0.565655 41 5.28
0.564881 41 5.29
0.563334 41 5.3
0.562367 41 5.31
0.561787 41 5.32
0.5614 40 5.33
0.561013 39 5.34
0.560433 38 5.35
0.558886 38 5.36
0.558499 38 5.37
0.557919 37 5.38
0.556759 37 5.39
0.555985 37 5.4
0.555212 37 5.41
0.554438 37 5.42
0.554051 37 5.43
0.552891 36 5.44
0.552311 36 5.45
0.551344 36 5.46
0.54999 36 5.47
0.549023 36 5.48
0.548056 36 5.49
0.547476 36 5.5
0.546123 36 5.51
0.544576 36 5.52
0.544189 36 5.53
0.543028 36 5.54
0.542642 36 5.55
0.542061 36 5.56
0.541288 35 5.57
0.540514 35 5.58
0.538967 35 5.59
0.537807 35 5.6
0.537033 35 5.61
0.535873 35 5.62
0.5351 34 5.63
0.534519 33 5.64
0.533359 33 5.65
0.532972 32 5.66
0.532779 32 5.67
0.532199 32 5.68
0.531038 32 5.69
0.530458 32 5.7
0.529491 31 5.71
0.528718 31 5.72
0.527944 31 5.73
0.527751 31 5.74
0.527364 31 5.75
0.526591 30 5.76
0.526204 30 5.77
0.52485 30 5.78
0.524077 28 5.79
0.523496 28 5.8
0.52311 27 5.81
0.522529 27 5.82
0.521756 26 5.83
0.521176 26 5.84
0.520596 26 5.85
0.519822 26 5.86
0.519242 26 5.87
0.518662 26 5.88
0.517308 26 5.89
0.516728 26 5.9
0.516148 26 5.91
0.515374 26 5.92
0.514407 26 5.93
0.513634 26 5.94
0.513054 25 5.95
0.512087 25 5.96
0.510926 25 5.97
0.509186 25 5.98
0.508799 25 5.99
0.507832 25 6
0.507252 24 6.01
0.506285 23 6.02
0.504931 23 6.03
0.504351 23 6.04
0.503771 23 6.05
0.502804 22 6.06
0.502031 21 6.07
0.501644 20 6.08
0.50087 20 6.09
0.50029 20 6.1
0.499517 20 6.11
0.498743 20 6.12
0.498163 20 6.13
0.497969 20 6.14
0.496616 20 6.15
0.495455 20 6.16
0.494295 20 6.17
0.492361 20 6.18
0.491588 20 6.19
0.490427 19 6.2
0.490041 19 6.21
0.489267 19 6.22
0.488687 19 6.23
0.487527 19 6.24
0.486753 19 6.25
0.48656 19 6.26
0.485593 18 6.27
0.485013 17 6.28
0.484046 17 6.29
0.483659 17 6.3
0.482499 17 6.31
0.481725 17 6.32
0.480951 17 6.33
0.479598 17 6.34
0.478244 17 6.35
0.477664 17 6.36
0.477471 17 6.37
0.477277 17 6.38
0.475923 17 6.39
0.474376 17 6.4
0.473796 16 6.41
0.473216 16 6.42
0.471669 16 6.43
0.470315 16 6.44
0.469155 16 6.45
0.468188 16 6.46
0.467221 16 6.47
0.466447 15 6.48
0.465287 15 6.49
0.464514 15 6.5
0.46316 15 6.51
0.462 15 6.52
0.461033 15 6.53
0.459872 15 6.54
0.458712 15 6.55
0.457358 15 6.56
0.456391 14 6.57
0.455424 14 6.58
0.454458 14 6.59
0.453297 14 6.6
0.452524 14 6.61
0.45117 14 6.62
0.44943 14 6.63
0.448076 14 6.64
0.446915 14 6.65
0.446335 14 6.66
0.445175 14 6.67
0.443821 14 6.68
0.443628 14 6.69
0.442661 14 6.7
0.440147 14 6.71
0.439567 14 6.72
0.438793 14 6.73
0.43744 14 6.74
0.436666 14 6.75
0.435312 14 6.76
0.434152 14 6.77
0.432992 14 6.78
0.431638 14 6.79
0.429317 14 6.8
0.42835 13 6.81
0.42777 13 6.82
0.426803 13 6.83
0.42603 13 6.84
0.423709 13 6.85
0.423322 13 6.86
0.422162 13 6.87
0.421002 13 6.88
0.419648 13 6.89
0.418874 13 6.9
0.417134 13 6.91
0.416167 13 6.92
0.4152 13 6.93
0.413266 13 6.94
0.412686 13 6.95
0.411719 13 6.96
0.410559 13 6.97
0.409205 13 6.98
0.407465 13 6.99
0.406498 13 7
0.404951 12 7.01
0.403597 12 7.02
0.401857 12 7.03
0.40089 12 7.04
0.400696 12 7.05
0.398956 12 7.06
0.397989 12 7.07
0.397022 12 7.08
0.396055 12 7.09
0.395281 12 7.1
0.393928 12 7.11
0.392381 12 7.12
0.391994 12 7.13
0.391414 12 7.14
0.389867 11 7.15
0.389093 11 7.16
0.388706 11 7.17
0.387546 11 7.18
0.386579 11 7.19
0.384839 11 7.2
0.383872 10 7.21
0.381938 10 7.22
0.380971 10 7.23
0.379424 10 7.24
0.376716 10 7.25
0.374782 9 7.26
0.374396 9 7.27
0.373429 9 7.28
0.371688 9 7.29
0.370721 9 7.3
0.370141 9 7.31
0.369368 8 7.32
0.368014 8 7.33
0.367047 8 7.34
0.3655 8 7.35
0.364146 8 7.36
0.363179 8 7.37
0.362019 8 7.38
0.359892 7 7.39
0.358731 6 7.4
0.357184 6 7.41
0.355444 6 7.42
0.354864 6 7.43
0.353703 6 7.44
0.352156 5 7.45
0.350803 5 7.46
0.349642 5 7.47
0.349255 5 7.48
0.348289 5 7.49
0.347322 5 7.5
0.346355 5 7.51
0.345775 5 7.52
0.344421 5 7.53
0.344034 5 7.54
0.343454 5 7.55
0.341907 5 7.56
0.340746 5 7.57
0.33978 5 7.58
0.338039 5 7.59
0.336492 5 7.6
0.335912 5 7.61
0.334365 5 7.62
0.333591 5 7.63
0.331464 5 7.64
0.33069 5 7.65
0.329917 5 7.66
0.328757 5 7.67
0.328176 5 7.68
0.326049 5 7.69
0.324502 5 7.7
0.322375 5 7.71
0.320828 5 7.72
0.318894 5 7.73
0.31754 4 7.74
0.316573 4 7.75
0.3158 4 7.76
0.315219 4 7.77
0.312512 4 7.78
0.311352 4 7.79
0.308838 4 7.8
0.308064 4 7.81
0.306324 4 7.82
0.30497 4 7.83
0.30323 4 7.84
0.302843 4 7.85
0.302069 4 7.86
0.300522 4 7.87
0.299942 4 7.88
0.298782 4 7.89
0.297235 4 7.9
0.295881 4 7.91
0.294721 4 7.92
0.29414 4 7.93
0.292207 4 7.94
0.29124 4 7.95
0.290466 4 7.96
0.289306 4 7.97
0.288339 4 7.98
0.286598 4 7.99
0.285631 4 8
0.283698 4 8.01
0.283311 4 8.02
0.282537 4 8.03
0.281377 4 8.04
0.280603 4 8.05
0.279636 4 8.06
0.27867 4 8.07
0.276929 4 8.08
0.275769 4 8.09
0.274995 4 8.1
0.273448 4 8.11
0.272868 4 8.12
0.272288 4 8.13
0.271127 4 8.14
0.269967 4 8.15
0.268807 4 8.16
0.268227 4 8.17
0.26668 3 8.18
0.265713 3 8.19
0.264552 3 8.2
0.263005 3 8.21
0.262038 3 8.22
0.261458 3 8.23
0.261071 3 8.24
0.260298 3 8.25
0.259718 3 8.26
0.258364 3 8.27
0.25701 3 8.28
0.25585 3 8.29
0.254496 3 8.3
0.253529 3 8.31
0.252562 3 8.32
0.251789 3 8.33
0.250629 3 8.34
0.249855 3 8.35
0.248888 2 8.36
0.248114 2 8.37
0.246374 2 8.38
0.245214 2 8.39
0.24444 2 8.4
0.242506 2 8.41
0.241539 2 8.42
0.240379 2 8.43
0.239605 2 8.44
0.238639 2 8.45
0.236898 2 8.46
0.235544 2 8.47
0.235158 2 8.48
0.234384 2 8.49
0.233417 2 8.5
0.232837 2 8.51
0.232063 2 8.52
0.230516 2 8.53
0.229743 2 8.54
0.228776 2 8.55
0.228582 2 8.56
0.227422 2 8.57
0.226842 2 8.58
0.224715 2 8.59
0.223748 2 8.6
0.222394 2 8.61
0.221427 2 8.62
0.22104 2 8.63
0.2193 2 8.64
0.217753 2 8.65
0.216593 2 8.66
0.215819 2 8.67
0.214272 2 8.68
0.212145 2 8.69
0.210404 2 8.7
0.209631 2 8.71
0.208084 2 8.72
0.206923 2 8.73
0.20557 2 8.74
0.203636 2 8.75
0.203249 2 8.76
0.202475 2 8.77
0.201702 2 8.78
0.200541 2 8.79
0.199188 2 8.8
0.198414 2 8.81
0.197834 2 8.82
0.197061 2 8.83
0.195513 2 8.84
0.19416 2 8.85
0.19358 2 8.86
0.191839 2 8.87
0.191066 2 8.88
0.189905 1 8.89
0.188745 1 8.9
0.187778 1 8.91
0.186038 0 8.92
0.183717 0 8.93
0.18217 0 8.94
0.180816 0 8.95
0.179849 0 8.96
0.178495 0 8.97
0.177335 0 8.98
0.175788 0 8.99
0.173661 0 9
0.172694 0 9.01
0.171147 0 9.02
0.169213 0 9.03
0.168826 0 9.04
0.168246 0 9.05
0.167279 0 9.06
0.165732 0 9.07
0.164378 0 9.08
0.163218 0 9.09
0.162251 0 9.1
0.161864 0 9.11
0.160704 0 9.12
0.160124 0 9.13
0.158963 0 9.14
0.158383 0 9.15
0.15761 0 9.16
0.156836 0 9.17
0.155676 0 9.18
0.154902 0 9.19
0.153935 0 9.2
0.152388 0 9.21
0.150648 0 9.22
0.150068 0 9.23
0.149874 0 9.24
0.149681 0 9.25
0.148714 0 9.26
0.148327 0 9.27
0.147747 0 9.28
0.146393 0 9.29
0.14562 0 9.3
0.144846 0 9.31
0.144073 0 9.32
0.142912 0 9.33
0.142719 0 9.34
0.142139 0 9.35
0.141559 0 9.36
0.140592 0 9.37
0.139238 0 9.38
0.138465 0 9.39
0.137691 0 9.4
0.136724 0 9.41
0.136337 0 9.42
0.13537 0 9.43
0.135177 0 9.44
0.133823 0 9.45
0.132856 0 9.46
0.132276 0 9.47
0.131889 0 9.48
0.131116 0 9.49
0.130342 0 9.5
0.128989 0 9.51
0.127635 0 9.52
0.127248 0 9.53
0.127055 0 9.54
0.126861 0 9.55
0.125894 0 9.56
0.125121 0 9.57
0.124541 0 9.58
0.123574 0 9.59
0.1228 0 9.6
0.12164 0 9.61
0.120286 0 9.62
0.118933 0 9.63
0.117966 0 9.64
0.117385 0 9.65
0.116225 0 9.66
0.115645 0 9.67
0.114871 0 9.68
0.114098 0 9.69
0.112744 0 9.7
0.112357 0 9.71
0.111584 0 9.73
0.111197 0 9.74
0.111004 0 9.75
0.10965 0 9.76
0.108683 0 9.77
0.107523 0 9.78
0.106943 0 9.79
0.105976 0 9.8
0.104622 0 9.81
0.103462 0 9.82
0.102881 0 9.83
0.102495 0 9.84
0.102301 0 9.85
0.101915 0 9.86
0.100948 0 9.87
0.0994005 0 9.88
0.0980468 0 9.89
0.0978534 0 9.9
0.0968865 0 9.91
0.0959196 0 9.92
0.0949526 0 9.93
0.0945658 0 9.94
0.0934055 0 9.95
0.0924386 0 9.96
0.0918584 0 9.97
0.0916651 0 9.98
0.0908915 0 9.99
0.0895378 0 10
0.0885709 0 10.01
0.0881841 0 10.02
0.0874106 0 10.03
0.0870238 0 10.04
0.0868304 0 10.05
0.0864436 0 10.06
0.0860569 0 10.07
0.0854767 0 10.08
0.0848965 0 10.1
0.084123 0 10.11
0.0821891 0 10.12
0.0812222 0 10.13
0.0802553 0 10.14
0.0794817 0 10.15
0.0783214 0 10.16
0.0775479 0 10.17
0.0769677 0 10.18
0.0760008 0 10.19
0.075614 0 10.2
0.0752272 0 10.21
0.0750338 0 10.22
0.0744537 0 10.23
0.0742603 0 10.24
0.0740669 0 10.25
0.0736801 0 10.26
0.0731 0 10.27
0.0725198 0 10.28
0.0723264 0 10.29
0.0719397 0 10.3
0.0703926 0 10.31
0.0700058 0 10.32
0.0694256 0 10.33
0.0686521 0 10.34
0.0684587 0 10.36
0.0680719 0 10.37
0.0674918 0 10.38
0.0672984 0 10.39
0.0669116 0 10.4
0.0665249 0 10.41
0.0661381 0 10.42
0.0655579 0 10.43
0.0651711 0 10.44
0.0643976 0 10.45
0.0642042 0 10.46
0.0636241 0 10.47
0.0630439 0 10.48
0.0624637 0 10.5
0.0614968 0 10.51
0.0605299 0 10.52
0.0595629 0 10.53
0.0589828 0 10.54
0.0584026 0 10.55
0.0578225 0 10.56
0.0572423 0 10.57
0.0566622 0 10.58
0.056082 0 10.59
0.0558886 0 10.61
0.0555018 0 10.62
0.0549217 0 10.63
0.0537614 0 10.64
0.053568 0 10.65
0.0531812 0 10.66
0.0527944 0 10.67
0.0524077 0 10.68
0.0516341 0 10.69
0.0508606 0 10.7
0.0498936 0 10.71
0.0497003 0 10.72
0.0495069 0 10.73
0.0489267 0 10.74
0.0487333 0 10.75
0.0481532 0 10.76
0.047573 0 10.77
0.0467995 0 10.78
0.0466061 0 10.79
0.0464127 0 10.8
0.0458325 0 10.82
0.0454458 0 10.83
0.045059 0 10.84
0.0448656 0 10.85
0.0442854 0 10.86
0.0438987 0 10.87
0.0433185 0 10.88
0.0431251 0 10.89
0.0423516 0 10.9
0.041578 0 10.91
0.0411913 0 10.92
0.0408045 0 10.93
0.0402243 0 10.95
0.0394508 0 10.96
0.0392574 0 10.97
0.0388706 0 10.98
0.0386772 0 10.99
0.0379037 0 11
0.0371301 0 11.01
0.0367434 0 11.03
0.03655 0 11.04
0.0361632 0 11.05
0.0359698 0 11.06
0.0353897 0 11.07
0.0351963 0 11.08
0.0348095 0 11.09
0.0342294 0 11.13
0.0334558 0 11.14
0.033069 0 11.15
0.0328757 0 11.17
0.0324889 0 11.19
0.0322955 0 11.2
0.0319087 0 11.21
0.0315219 0 11.22
0.0313286 0 11.23
0.0309418 0 11.25
0.0301682 0 11.26
0.0290079 0 11.28
0.0284278 0 11.29
0.0282344 0 11.3
0.0278476 0 11.31
0.0276542 0 11.34
0.0272675 0 11.36
0.0268807 0 11.37
0.0266873 0 11.38
0.0263005 0 11.39
0.0261071 0 11.4
0.0251402 0 11.41
0.02456 0 11.42
0.0235931 0 11.43
0.0228196 0 11.45
0.0226262 0 11.46
0.0222394 0 11.49
0.0218526 0 11.5
0.0216593 0 11.51
0.0212725 0 11.52
0.0208857 0 11.53
0.0206923 0 11.54
0.0203056 0 11.55
0.0201122 0 11.57
0.0199188 0 11.58
0.019532 0 11.59
0.0193386 0 11.61
0.0189518 0 11.62
0.0183717 0 11.65
0.0181783 0 11.66
0.0177915 0 11.67
0.0175981 0 11.68
0.0172114 0 11.7
0.017018 0 11.71
0.0166312 0 11.73
0.0160511 0 11.77
0.0158577 0 11.78
0.0156643 0 11.79
0.0154709 0 11.8
0.0152775 0 11.81
0.0148907 0 11.84
0.014504 0 11.85
0.0143106 0 11.87
0.0139238 0 11.9
0.013537 0 11.91
0.0133436 0 11.92
0.0131503 0 11.93
0.0129569 0 11.95
0.0125701 0 11.96
0.0123767 0 11.97
0.0119899 0 11.99
0.0117966 0 12
0.0116032 0 12.03
0.0114098 0 12.04
0.0112164 0 12.05
0.0108296 0 12.07
0.0106362 0 12.09
0.0104429 0 12.13
0.0102495 0 12.18
0.0100561 0 12.19
0.0098627 0 12.2
0.00966931 0 12.23
0.00928254 0 12.24
0.00908915 0 12.25
0.00889576 0 12.27
0.00870238 0 12.32
0.00850899 0 12.37
0.00812222 0 12.38
0.00792883 0 12.39
0.00773545 0 12.42
0.00754206 0 12.47
0.00715529 0 12.49
0.0069619 0 12.53
0.00676852 0 12.54
0.00638174 0 12.56
0.00618836 0 12.58
0.00599497 0 12.64
0.00580159 0 12.65
0.00541481 0 12.68
0.00502804 0 12.74
0.00483465 0 12.78
0.00444788 0 12.8
0.0042545 0 12.91
0.00406111 0 12.92
0.00386772 0 12.99
0.00348095 0 13.01
0.00309418 0 13.07
0.00290079 0 13.08
0.00270741 0 13.1
0.00251402 0 13.11
0.00232063 0 13.18
0.00212725 0 13.23
0.00193386 0 13.24
0.00174048 0 13.28
0.00154709 0 13.29
0.0013537 0 13.34
0.00116032 0 13.49
0.000966931 0 13.5
0.000773545 0 13.51
0.000580159 0 13.8
0.000386772 0 13.86
0.000193386 0 14.13
0 0 1.79769e+308
