0.481386 622
0.481386 621
0.481386 620
0.481386 619
0.481279 619
0.481279 618
0.481279 617
0.481279 616
0.481279 615
0.481279 614
0.481161 614
0.481161 613
0.481161 611
0.481161 610
0.481161 609
0.481037 609
0.481037 607
0.481037 606
0.481037 605
0.481037 604
0.481037 603
0.481037 601
0.481037 600
0.481037 599
0.480904 599
0.480904 598
0.480809 596
0.480809 595
0.480809 594
0.480809 593
0.480675 593
0.480675 592
0.480546 592
0.480457 590
0.480403 589
0.480277 588
0.480277 586
0.480277 585
0.480277 584
0.480157 584
0.480157 583
0.480157 582
0.480157 581
0.480157 579
0.480157 578
0.480157 577
0.480157 576
0.48004 576
0.480018 576
0.480018 575
0.480018 574
0.479917 573
0.479799 573
0.479799 572
0.479799 570
0.479799 569
0.479799 567
0.479799 565
0.479799 563
0.47968 560
0.47954 560
0.47954 559
0.47954 558
0.47954 557
0.47954 556
0.47954 554
0.479378 553
0.479378 551
0.479378 550
0.479249 550
0.479028 549
0.479028 548
0.479028 546
0.479028 544
0.479028 542
0.479028 541
0.478778 540
0.478574 535
0.478443 533
0.478435 529
0.478307 527
0.478307 526
0.478307 525
0.478127 524
0.478122 522
0.478122 521
0.477998 521
0.477998 518
0.477881 518
0.477881 516
0.477765 512
0.477765 511
0.477657 510
0.477657 509
0.477418 509
0.477385 507
0.477385 506
0.477385 504
0.47727 503
0.47727 502
0.477017 500
0.477017 499
0.477017 498
0.476874 498
0.476776 496
0.476649 495
0.476525 494
0.476286 492
0.476286 491
0.476286 490
0.476286 489
0.47617 488
0.47617 485
0.47617 484
0.47617 483
0.476052 480
0.476052 479
0.476052 477
0.476045 476
0.476045 475
0.475913 474
0.475791 473
0.475791 472
0.475656 469
0.475656 468
0.475656 466
0.475656 464
0.475525 464
0.475242 463
0.475242 462
0.475242 461
0.475225 460
0.475121 460
0.475121 458
0.475017 456
0.475017 453
0.475017 452
0.475017 451
0.47478 451
0.47478 450
0.47478 449
0.47478 448
0.474695 446
0.474695 444
0.474695 442
0.474566 441
0.474419 439
0.47431 438
0.47431 436
0.474236 433
0.474116 433
0.473989 431
0.473876 429
0.473876 427
0.473759 425
0.47364 425
0.473558 424
0.473558 422
0.473432 421
0.473186 420
0.472804 418
0.472804 416
0.472804 414
0.472804 413
0.472804 412
0.472804 410
0.472678 410
0.472446 410
0.472223 408
0.472223 407
0.472139 404
0.471892 400
0.471629 399
0.471629 398
0.471555 396
0.471434 395
0.471434 394
0.471312 390
0.471312 388
0.471312 386
0.471186 386
0.471128 385
0.471003 382
0.471003 381
0.470641 380
0.470636 378
0.470515 378
0.470385 378
0.470141 376
0.469765 374
0.46949 374
0.46949 372
0.469349 371
0.469254 368
0.469249 366
0.469249 363
0.469028 359
0.468589 356
0.46845 354
0.46845 352
0.468268 351
0.468017 351
0.467939 347
0.467939 345
0.467664 345
0.467546 343
0.467546 341
0.467299 340
0.467106 338
0.466989 338
0.466989 337
0.466989 336
0.466728 335
0.466596 331
0.466596 329
0.466596 327
0.466495 326
0.466495 324
0.466495 322
0.466495 321
0.466231 320
0.466083 315
0.465962 315
0.465962 314
0.465962 312
0.465827 310
0.465827 309
0.465772 308
0.465772 307
0.465531 306
0.465324 306
0.465062 302
0.464803 302
0.464803 301
0.464803 300
0.464668 300
0.464569 299
0.464342 299
0.464073 299
0.463943 299
0.463943 298
0.463688 298
0.463557 298
0.46343 296
0.463294 296
0.463032 293
0.462921 293
0.462921 292
0.462806 292
0.462466 287
0.462203 287
0.462203 286
0.461956 285
0.461691 284
0.461336 282
0.461222 279
0.461222 275
0.460949 274
0.460557 270
0.460557 269
0.460425 269
0.460184 268
0.460184 266
0.460184 265
0.460057 265
0.460057 264
0.459929 263
0.459806 260
0.459806 259
0.459806 258
0.459419 257
0.459213 254
0.458966 253
0.458917 252
0.458773 248
0.458517 246
0.458128 245
0.458128 243
0.457754 241
0.457636 240
0.457518 239
0.456604 238
0.456097 236
0.455466 233
0.455331 232
0.454959 229
0.454833 228
0.454701 227
0.454575 227
0.454436 226
0.4542 226
0.454076 225
0.453708 225
0.453604 224
0.453499 224
0.453023 223
0.452749 220
0.452642 219
0.452558 217
0.452285 217
0.451929 215
0.451682 215
0.451682 214
0.451425 213
0.451301 211
0.451064 210
0.450819 207
0.450372 205
0.450001 204
0.44976 201
0.449631 199
0.449247 197
0.449139 195
0.44875 193
0.448502 193
0.448247 192
0.44787 190
0.447612 188
0.447492 186
0.447157 185
0.446853 183
0.446662 182
0.446551 182
0.44633 177
0.445571 177
0.445468 177
0.445232 176
0.444976 175
0.444834 175
0.444451 174
0.444069 173
0.443544 173
0.443314 173
0.442861 172
0.442446 168
0.442123 167
0.441779 167
0.441675 167
0.441194 167
0.440855 167
0.440473 166
0.440238 164
0.440116 164
0.43986 163
0.439281 162
0.438797 161
0.438422 161
0.438187 160
0.437934 160
0.437538 160
0.437308 160
0.437036 159
0.436412 157
0.436145 157
0.436062 156
0.435818 155
0.435573 153
0.435557 151
0.435217 149
0.434617 149
0.434376 149
0.433894 147
0.433387 147
0.433257 147
0.433006 146
0.432753 146
0.432626 144
0.432031 143
0.431443 141
0.430944 141
0.430548 141
0.429926 140
0.429721 139
0.429616 139
0.42929 138
0.429045 136
0.428618 132
0.42799 131
0.427734 131
0.427493 131
0.427124 131
0.426718 131
0.426586 131
0.426206 129
0.426102 129
0.425867 129
0.425658 127
0.425276 125
0.424868 124
0.42463 124
0.424379 124
0.424119 122
0.423754 121
0.423529 121
0.423288 120
0.423227 119
0.423096 117
0.42298 117
0.4227 116
0.422462 114
0.422106 112
0.421983 111
0.421749 110
0.421428 109
0.421167 109
0.420456 109
0.420182 108
0.419787 108
0.419421 107
0.419284 103
0.419032 103
0.418958 102
0.418485 102
0.418111 102
0.417862 101
0.417612 101
0.417004 101
0.416382 101
0.415881 101
0.415526 101
0.415171 101
0.414448 99
0.413188 99
0.413055 99
0.41244 99
0.412034 97
0.41167 97
0.411292 97
0.411185 96
0.410561 95
0.410349 93
0.409972 93
0.409628 91
0.409128 90
0.408885 90
0.408384 86
0.408136 86
0.407562 85
0.407041 85
0.406651 85
0.40616 85
0.40616 84
0.405946 83
0.405087 83
0.404602 82
0.404091 82
0.403244 80
0.402761 80
0.402021 79
0.401888 79
0.401416 79
0.401061 79
0.40042 78
0.399662 78
0.399215 78
0.398953 77
0.398703 77
0.397448 76
0.39696 75
0.396572 73
0.395702 73
0.395559 73
0.395062 72
0.394696 71
0.394081 71
0.393049 71
0.392334 71
0.392065 70
0.391435 69
0.391181 68
0.390492 67
0.390184 66
0.389815 66
0.38956 66
0.388395 65
0.388014 64
0.387773 62
0.387654 62
0.38714 62
0.386646 60
0.386281 60
0.385546 59
0.384736 57
0.383307 57
0.382964 56
0.382385 55
0.382116 55
0.38162 55
0.381029 55
0.380278 53
0.380161 53
0.379658 53
0.379402 53
0.37829 52
0.378018 52
0.377304 51
0.376908 51
0.37626 51
0.375877 51
0.375368 51
0.375266 50
0.374799 49
0.37442 49
0.373737 49
0.373392 49
0.373138 49
0.372738 48
0.371751 47
0.370357 47
0.36977 45
0.369263 45
0.368792 44
0.368328 44
0.367847 44
0.366717 44
0.365934 43
0.365308 43
0.364681 42
0.363546 42
0.363297 42
0.362281 42
0.362026 42
0.36168 41
0.361147 40
0.360533 40
0.360172 40
0.35991 40
0.359255 39
0.359123 39
0.358587 39
0.357962 39
0.357111 38
0.356213 38
0.355552 37
0.355306 37
0.354274 36
0.353366 36
0.352547 35
0.352055 35
0.351912 35
0.351654 33
0.350993 33
0.350364 33
0.349616 33
0.348127 33
0.347339 33
0.34632 33
0.345821 33
0.344963 33
0.344564 33
0.34419 33
0.343187 33
0.341749 33
0.341113 33
0.340305 31
0.3397 31
0.338943 31
0.338317 31
0.337738 30
0.336411 29
0.335926 29
0.335409 29
0.33464 29
0.334385 28
0.333908 28
0.333263 28
0.332353 28
0.331973 28
0.33107 28
0.330434 28
0.329924 28
0.329146 28
0.328882 28
0.328511 28
0.327586 28
0.326705 28
0.326209 28
0.324948 28
0.324551 28
0.32421 28
0.323687 28
0.323041 28
0.322799 28
0.322055 28
0.321676 28
0.321187 28
0.320799 28
0.319792 28
0.319046 27
0.318773 27
0.318255 27
0.317253 27
0.316994 27
0.316739 27
0.315873 27
0.315426 27
0.314164 26
0.313738 25
0.312745 25
0.312101 25
0.311586 25
0.310937 25
0.310182 25
0.309679 25
0.308757 25
0.308012 25
0.307368 24
0.306815 23
0.30568 23
0.305555 23
0.304827 22
0.304179 21
0.303655 20
0.303151 19
0.302119 19
0.301247 19
0.300206 19
0.299581 19
0.298803 19
0.297546 18
0.297165 17
0.296311 17
0.295433 15
0.295318 15
0.294685 15
0.293811 15
0.29301 15
0.29226 15
0.291123 15
0.289972 15
0.289297 15
0.288395 15
0.287791 15
0.287018 15
0.286736 14
0.285637 14
0.284403 13
0.28347 12
0.282697 12
0.282315 12
0.281538 12
0.280662 12
0.279783 12
0.279251 11
0.278346 11
0.277743 11
0.277237 11
0.276717 11
0.276339 11
0.275221 11
0.273969 11
0.272966 11
0.272147 11
0.27137 11
0.270583 11
0.269779 11
0.269269 11
0.268764 11
0.267391 11
0.266763 11
0.265731 11
0.264994 11
0.264876 11
0.264134 11
0.263626 11
0.262891 11
0.262768 11
0.2616 11
0.259921 11
0.259124 11
0.257997 10
0.257469 10
0.256691 10
0.255311 10
0.254505 9
0.253231 9
0.252737 9
0.25175 8
0.251223 8
0.250187 8
0.249574 8
0.248449 8
0.247063 8
0.246691 8
0.246558 7
0.245406 7
0.244379 6
0.243457 6
0.242852 6
0.242125 6
0.241586 6
0.241213 6
0.240172 6
0.238732 6
0.237026 6
0.236504 6
0.235684 6
0.234687 6
0.234163 6
0.23315 6
0.232623 6
0.232135 6
0.231478 6
0.231061 6
0.230184 6
0.229789 6
0.228775 6
0.228017 6
0.226777 5
0.22577 5
0.225094 5
0.224585 5
0.223581 5
0.222823 5
0.222068 5
0.221415 5
0.220482 5
0.219331 5
0.218696 5
0.218175 5
0.217638 5
0.21689 5
0.216376 5
0.215262 5
0.213313 5
0.212445 5
0.211557 5
0.210925 5
0.209491 5
0.208585 5
0.208072 5
0.207281 5
0.206032 5
0.205663 5
0.205411 5
0.204097 5
0.203563 5
0.202815 5
0.201797 5
0.201531 5
0.200252 5
0.199235 5
0.198185 5
0.197822 5
0.196781 5
0.195387 5
0.194806 5
0.19442 5
0.194026 5
0.193405 5
0.192632 5
0.191588 5
0.191088 5
0.190185 5
0.188542 5
0.187784 5
0.186849 5
0.18575 4
0.185147 4
0.184746 4
0.184249 4
0.183115 4
0.182395 4
0.181606 4
0.179844 3
0.178928 3
0.178052 3
0.177172 3
0.176277 3
0.175394 3
0.174662 3
0.174393 3
0.173465 3
0.172725 3
0.172331 3
0.171312 3
0.17068 3
0.169656 3
0.168755 2
0.167621 2
0.166685 2
0.166319 2
0.165805 2
0.164684 2
0.164173 2
0.163537 2
0.163054 2
0.162434 2
0.161941 2
0.161321 2
0.160591 2
0.159819 2
0.15904 2
0.158692 2
0.157697 2
0.15704 2
0.156012 2
0.155373 2
0.154747 2
0.15374 2
0.152498 2
0.151202 2
0.150535 2
0.149637 2
0.149127 2
0.148368 2
0.14759 2
0.146953 2
0.146459 2
0.146061 2
0.145554 2
0.144898 2
0.144134 2
0.143757 2
0.14286 2
0.142079 2
0.14119 2
0.140431 2
0.139822 2
0.138623 2
0.137978 2
0.137463 2
0.136695 2
0.136088 2
0.135724 2
0.135225 2
0.134704 2
0.133773 2
0.132525 2
0.132019 2
0.131236 2
0.130732 1
0.13025 1
0.129131 1
0.128495 1
0.127734 1
0.12719 1
0.126084 1
0.125452 1
0.125079 1
0.12442 1
0.123629 1
0.123243 1
0.122369 1
0.121464 1
0.121201 1
0.120703 1
0.120238 1
0.119717 1
0.119457 1
0.119052 1
0.118624 1
0.117882 1
0.117386 1
0.116882 1
0.116366 1
0.116012 1
0.115235 1
0.114578 1
0.113964 1
0.113184 1
0.112137 1
0.111736 1
0.111125 1
0.110338 1
0.109463 1
0.108285 1
0.107521 1
0.107281 1
0.106782 1
0.105742 1
0.105094 1
0.104701 1
0.10408 1
0.103589 1
0.102971 1
0.102717 1
0.101822 1
0.100956 1
0.100589 1
0.0998468 1
0.0994676 1
0.0988093 1
0.0979041 1
0.0972232 1
0.0968579 1
0.0966186 1
0.0954493 1
0.0950917 1
0.0943126 1
0.0937896 1
0.0931633 1
0.0923745 1
0.091389 1
0.0906099 1
0.0904945 1
0.0900772 1
0.0894798 1
0.0892328 1
0.088842 1
0.0883392 1
0.0877334 1
0.0872205 1
0.0868248 1
0.0860427 1
0.0857901 1
0.085158 1
0.0847764 1
0.0842565 1
0.0839805 1
0.0832094 1
0.0826829 1
0.0819375 1
0.0816753 1
0.0813108 1
0.0805456 1
0.079899 1
0.0796393 1
0.0790166 1
0.0788798 1
0.0781244 1
0.0773849 1
0.0767487 1
0.0765006 1
0.0762444 1
0.075856 1
0.0753545 1
0.0745964 1
0.0740712 1
0.0738192 1
0.0730564 1
0.0725501 1
0.0719158 1
0.0715396 1
0.0709235 1
0.0705434 1
0.0702947 1
0.0699141 1
0.0696664 1
0.0694192 1
0.0689114 1
0.0684236 1
0.0681599 1
0.0679088 1
0.0675237 1
0.0670212 1
0.0661963 1
0.0657017 1
0.0653196 1
0.064537 1
0.0642949 1
0.0633985 1
0.0628886 1
0.0624057 1
0.0617512 1
0.0609634 1
0.0606934 1
0.0599401 1
0.0595653 1
0.0589336 1
0.0585533 1
0.0578871 1
0.0572418 1
0.0565817 1
0.0558258 1
0.0554373 1
0.0549065 1
0.0547718 1
0.0543698 1
0.0538583 1
0.0534532 1
0.0528312 1
0.0523133 1
0.0521743 1
0.0512657 1
0.0506272 1
0.0502315 1
0.0495979 1
0.0493356 1
0.0489296 1
0.0487985 1
0.048423 1
0.0475021 1
0.0473794 1
0.0469854 1
0.0464771 1
0.0459584 1
0.0452109 1
0.0445761 1
0.0441981 1
0.044078 1
0.0436059 1
0.0429751 1
0.0424908 1
0.0423555 1
0.0422319 1
0.0421005 1
0.0413158 1
0.0411933 1
0.040949 1
0.0408277 1
0.0403033 1
0.0400542 1
0.0399151 1
0.0395309 1
0.0388873 1
0.0387525 1
0.0383775 1
0.0382503 1
0.0379912 1
0.0372471 1
0.0369864 1
0.0361978 1
0.0360728 1
0.0355775 1
0.0353216 1
0.0347993 1
0.03454 1
0.0339038 1
0.033535 1
0.0334099 1
0.0332884 1
0.0330364 1
0.0329096 1
0.0322658 1
0.0320344 1
0.0318952 1
0.0316339 1
0.0314952 1
0.0313677 1
0.0312443 1
0.030861 1
0.0306109 1
0.0303466 1
0.0301062 1
0.0296173 1
0.0292221 1
0.0289701 1
0.0285909 1
0.0282313 0
0.0281078 0
0.0278432 0
0.0273281 0
0.0270738 0
0.0266966 0
0.0265674 0
0.0262917 0
0.0260404 0
0.0259062 0
0.0257725 0
0.0255067 0
0.0251235 0
0.024865 0
0.0245021 0
0.0243716 0
0.0239885 0
0.0238627 0
0.02335 0
0.0229546 0
0.022825 0
0.0226913 0
0.0224407 0
0.0219389 0
0.0214415 0
0.0213058 0
0.0211713 0
0.020663 0
0.0204022 0
0.0202866 0
0.0201577 0
0.0199003 0
0.0197752 0
0.0196372 0
0.0195062 0
0.0192485 0
0.0191252 0
0.0190007 0
0.0188739 0
0.0187419 0
0.018239 0
0.0178795 0
0.0177477 0
0.0174694 0
0.0172072 0
0.0170826 0
0.0169457 0
0.016536 0
0.0164095 0
0.0160322 0
0.0159102 0
0.0156539 0
0.0155184 0
0.0153932 0
0.0151271 0
0.0149986 0
0.014613 0
0.014487 0
0.0142383 0
0.014096 0
0.0139724 0
0.0137106 0
0.0135762 0
0.0134449 0
0.0133097 0
0.0130638 0
0.0127866 0
0.012659 0
0.0125442 0
0.0124263 0
0.0121647 0
0.0120367 0
0.0119054 0
0.0116674 0
0.0114043 0
0.0111507 0
0.0108855 0
0.0107525 0
0.0106236 0
0.0104944 0
0.010355 0
0.0102262 0
0.0101008 0
0.00997304 0
0.00971938 0
0.0095829 0
0.00944445 0
0.00905771 0
0.00894503 0
0.00873106 0
0.00859855 0
0.00845965 0
0.00833162 0
0.00820763 0
0.0080787 0
0.00794824 0
0.00781902 0
0.0076833 0
0.00742001 0
0.00728577 0
0.00715509 0
0.00701085 0
0.00688318 0
0.00675686 0
0.00663389 0
0.00650857 0
0.00638121 0
0.00624768 0
0.00613084 0
0.0060124 0
0.00587198 0
0.00563261 0
0.00550651 0
0.00537843 0
0.00525728 0
0.00513316 0
0.00501332 0
0.00488152 0
0.00449337 0
0.00436157 0
0.004238 0
0.00397186 0
0.00383837 0
0.00370718 0
0.00357191 0
0.00345057 0
0.00318339 0
0.00305192 0
0.00291761 0
0.00278897 0
0.00253552 0
0.00240656 0
0.00227145 0
0.00215511 0
0.00201666 0
0.00188994 0
0.00163704 0
0.00149726 0
0.00124407 0
0.00111718 0
0.00100941 0
0.000877114 0
0.00075268 0
0.000624375 0
0.000502307 0
0.000374857 0
0.000245358 0
0.000121955 0
0 0
