0.19035 1
0.190234 1
0.190118 1
0.189994 1
0.189869 1
0.189744 1
0.189607 1
0.189496 1
0.189377 1
0.189239 1
0.189103 1
0.18897 1
0.188851 1
0.188733 1
0.188601 1
0.188477 1
0.188355 1
0.188226 1
0.188116 1
0.187855 1
0.187726 1
0.18748 1
0.187365 1
0.186986 1
0.186857 1
0.18673 1
0.186598 1
0.186348 1
0.186209 1
0.186084 1
0.185849 1
0.185457 1
0.18519 1
0.185067 1
0.184826 1
0.184699 1
0.184583 1
0.184324 1
0.183968 1
0.183707 1
0.183578 1
0.183453 1
0.183341 1
0.182825 1
0.182491 1
0.181873 1
0.181609 1
0.181492 1
0.18136 1
0.181111 1
0.180871 1
0.180484 1
0.18036 1
0.180225 1
0.1801 1
0.179973 1
0.179706 1
0.179347 1
0.178449 1
0.178341 1
0.178076 1
0.177544 1
0.176918 1
0.17669 1
0.176313 1
0.17618 1
0.175773 1
0.175374 1
0.1751 1
0.174597 1
0.174363 1
0.17413 1
0.173993 1
0.173855 1
0.173207 1
0.172826 1
0.172328 1
0.17191 1
0.171536 1
0.171021 1
0.170507 1
0.170249 1
0.169996 1
0.169355 1
0.169003 0
0.168503 0
0.168369 0
0.168017 0
0.167756 0
0.167524 0
0.167255 0
0.167027 0
0.16676 0
0.166636 0
0.166255 0
0.165755 0
0.165386 0
0.165055 0
0.164814 0
0.163662 0
0.163279 0
0.163027 0
0.162245 0
0.162002 0
0.161624 0
0.161489 0
0.160442 0
0.160181 0
0.159553 0
0.158888 0
0.158764 0
0.158384 0
0.158115 0
0.157498 0
0.157115 0
0.156738 0
0.156118 0
0.155608 0
0.155349 0
0.15497 0
0.154064 0
0.153677 0
0.153293 0
0.152798 0
0.152076 0
0.151197 0
0.150797 0
0.149797 0
0.148767 0
0.148255 0
0.147509 0
0.146365 0
0.145446 0
0.144567 0
0.144185 0
0.143289 0
0.142775 0
0.141884 0
0.141631 0
0.140608 0
0.139974 0
0.138962 0
0.138307 0
0.137411 0
0.137168 0
0.136387 0
0.135621 0
0.134757 0
0.133998 0
0.133386 0
0.133263 0
0.132114 0
0.130845 0
0.130461 0
0.129704 0
0.129305 0
0.128632 0
0.128248 0
0.127985 0
0.127866 0
0.126841 0
0.126088 0
0.125828 0
0.124898 0
0.124024 0
0.123522 0
0.122794 0
0.121905 0
0.121268 0
0.12065 0
0.120249 0
0.119743 0
0.119124 0
0.118755 0
0.117857 0
0.117091 0
0.116455 0
0.115305 0
0.114656 0
0.113857 0
0.112843 0
0.112109 0
0.111591 0
0.111203 0
0.110163 0
0.109388 0
0.108641 0
0.107455 0
0.106698 0
0.105778 0
0.105004 0
0.104122 0
0.103474 0
0.102568 0
0.101663 0
0.100618 0
0.0998656 0
0.0993698 0
0.0984676 0
0.0975558 0
0.0966616 0
0.0960499 0
0.095389 0
0.0951253 0
0.0933395 0
0.0928317 0
0.0921674 0
0.0917836 0
0.0900055 0
0.0897629 0
0.0892596 0
0.0887971 0
0.0884256 0
0.0877762 0
0.087267 0
0.0864908 0
0.0858371 0
0.0849283 0
0.0845493 0
0.0836393 0
0.0828738 0
0.0822285 0
0.0814212 0
0.0810498 0
0.0805202 0
0.0797387 0
0.0784449 0
0.0775477 0
0.0766604 0
0.0752324 0
0.074851 0
0.0739235 0
0.0730058 0
0.0717073 0
0.0709408 0
0.0705744 0
0.0698068 0
0.06917 0
0.0687672 0
0.0682717 0
0.0678953 0
0.0673888 0
0.06687 0
0.0663749 0
0.0657082 0
0.065197 0
0.0646871 0
0.0641673 0
0.0632809 0
0.0622738 0
0.0620279 0
0.061777 0
0.0612536 0
0.0603854 0
0.0595961 0
0.0585502 0
0.0578817 0
0.0571364 0
0.0563633 0
0.0555826 0
0.0549288 0
0.0541663 0
0.0533951 0
0.0530289 0
0.0519929 0
0.0513447 0
0.0505875 0
0.0498064 0
0.049282 0
0.0487612 0
0.0483535 0
0.0474527 0
0.0469596 0
0.0461902 0
0.0458017 0
0.0452933 0
0.0446776 0
0.0436628 0
0.0429102 0
0.0421274 0
0.0416311 0
0.0411336 0
0.0403731 0
0.0393349 0
0.038413 0
0.0377657 0
0.0372322 0
0.0367087 0
0.0362138 0
0.0358252 0
0.0351934 0
0.0338189 0
0.0331716 0
0.0330543 0
0.0326533 0
0.0324083 0
0.0322804 0
0.0318913 0
0.0310033 0
0.0306087 0
0.0299711 0
0.0291973 0
0.0285653 0
0.0279487 0
0.0276737 0
0.0268887 0
0.0262752 0
0.026024 0
0.0257876 0
0.0254039 0
0.0252902 0
0.0249016 0
0.0247673 0
0.0242507 0
0.0239975 0
0.0234957 0
0.0231018 0
0.0225861 0
0.021844 0
0.0217105 0
0.0210617 0
0.0208081 0
0.0202948 0
0.0195475 0
0.0193045 0
0.0189363 0
0.0184096 0
0.0181215 0
0.0179982 0
0.0177329 0
0.0174691 0
0.0169446 0
0.0168284 0
0.0165547 0
0.0162956 0
0.015776 0
0.0152529 0
0.0150191 0
0.0146542 0
0.0143919 0
0.0138804 0
0.0137545 0
0.0134875 0
0.0132221 0
0.0130906 0
0.0128463 0
0.012719 0
0.0125801 0
0.0122058 0
0.0120737 0
0.0118151 0
0.0115728 0
0.0111873 0
0.0110661 0
0.010931 0
0.0106848 0
0.010416 0
0.0101446 0
0.00975811 0
0.0093957 0
0.00887224 0
0.00876 0
0.00837217 0
0.00823764 0
0.00771093 0
0.00757823 0
0.00706709 0
0.00694374 0
0.00681302 0
0.00668484 0
0.00656011 0
0.00631149 0
0.00590977 0
0.0057769 0
0.00551962 0
0.00538653 0
0.00526032 0
0.00512599 0
0.00486685 0
0.00473163 0
0.00434518 0
0.0040817 0
0.0039447 0
0.00382222 0
0.00357086 0
0.00343451 0
0.00317754 0
0.00304724 0
0.00291387 0
0.00277907 0
0.00265058 0
0.00251851 0
0.00225468 0
0.00212149 0
0.00198911 0
0.00185457 0
0.00172108 0
0.0015833 0
0.00145009 0
0.00132011 0
0.00119015 0
0.00106453 0
0.000924015 0
0.00079362 0
0.000657149 0
0.000397294 0
0.000270758 0
0.000128305 0
0 0
