0.448324 78
0.448324 77
0.448188 77
0.448063 77
0.447948 76
0.44783 76
0.447713 76
0.447713 75
0.447713 74
0.447583 74
0.447566 73
0.447566 71
0.447454 71
0.447164 71
0.446927 71
0.446591 70
0.446285 67
0.446149 67
0.446027 67
0.445653 66
0.445573 65
0.4453 64
0.444837 63
0.444598 63
0.444132 62
0.444003 60
0.443748 59
0.443396 59
0.442908 59
0.44277 59
0.442317 58
0.441916 57
0.441652 57
0.441652 56
0.441326 55
0.44094 55
0.440596 54
0.440483 54
0.440367 54
0.439881 54
0.439405 54
0.439284 54
0.438796 52
0.437972 52
0.437715 52
0.437273 50
0.436653 49
0.436118 49
0.435614 49
0.435346 49
0.434727 49
0.43409 49
0.433747 49
0.433505 49
0.433233 49
0.432365 49
0.432238 49
0.431473 49
0.430946 49
0.429973 49
0.429308 49
0.428974 47
0.428569 47
0.427838 46
0.427506 45
0.426587 45
0.426195 45
0.425428 45
0.424155 45
0.423158 45
0.42252 45
0.421183 44
0.420053 44
0.418937 43
0.417985 42
0.416467 41
0.41569 41
0.414935 41
0.413946 41
0.412525 40
0.411386 38
0.410594 38
0.409481 38
0.408127 37
0.407216 36
0.406725 36
0.405978 36
0.405031 36
0.403489 36
0.403106 35
0.402394 34
0.401091 34
0.400032 33
0.39885 33
0.398205 32
0.396816 31
0.395485 30
0.394485 30
0.393713 30
0.391991 29
0.390484 29
0.389218 28
0.387556 27
0.386569 26
0.385139 26
0.383578 26
0.382118 26
0.380334 26
0.378824 25
0.377146 25
0.375613 22
0.374578 21
0.372607 21
0.371202 20
0.369182 20
0.367625 20
0.366063 20
0.364056 20
0.362301 18
0.360108 18
0.358601 18
0.356574 17
0.35376 17
0.351918 17
0.350789 17
0.348683 16
0.346537 14
0.343302 14
0.341179 12
0.338542 12
0.336411 12
0.33291 12
0.331263 12
0.328882 12
0.326786 11
0.324631 11
0.321727 11
0.318737 11
0.31723 11
0.315068 11
0.311753 11
0.310078 11
0.307452 10
0.305301 10
0.303161 10
0.301456 9
0.299542 9
0.297034 8
0.295499 8
0.292901 8
0.290028 8
0.28775 8
0.285519 8
0.283585 8
0.282033 8
0.279316 8
0.277001 7
0.274453 7
0.271949 7
0.269046 7
0.266605 7
0.264221 6
0.261475 5
0.259336 5
0.256009 4
0.25362 3
0.250538 3
0.247978 3
0.245701 3
0.243328 3
0.241178 3
0.237382 3
0.234969 3
0.231604 3
0.22937 3
0.226255 3
0.221534 3
0.219196 2
0.216746 2
0.213654 2
0.21061 1
0.208437 1
0.205778 1
0.203888 1
0.200572 1
0.198026 1
0.195514 1
0.192828 1
0.190027 1
0.187509 1
0.184568 1
0.182296 1
0.179947 1
0.178109 1
0.175342 1
0.173 1
0.170301 1
0.167929 0
0.164829 0
0.162404 0
0.160852 0
0.159151 0
0.156765 0
0.154107 0
0.152264 0
0.149342 0
0.146584 0
0.144787 0
0.142968 0
0.140659 0
0.138596 0
0.136246 0
0.133308 0
0.129988 0
0.127577 0
0.124828 0
0.122944 0
0.12126 0
0.118949 0
0.116732 0
0.113511 0
0.111426 0
0.109708 0
0.108708 0
0.106635 0
0.105189 0
0.103424 0
0.10127 0
0.0993454 0
0.0970457 0
0.0956245 0
0.0944886 0
0.0932352 0
0.0915976 0
0.0899442 0
0.0887875 0
0.0862053 0
0.083943 0
0.0820458 0
0.0810266 0
0.0796167 0
0.0774235 0
0.0741662 0
0.07277 0
0.071444 0
0.0696545 0
0.068217 0
0.066941 0
0.0650192 0
0.0636077 0
0.0624643 0
0.0608152 0
0.0587243 0
0.0578174 0
0.0564086 0
0.054732 0
0.0532852 0
0.0519956 0
0.0509863 0
0.0502304 0
0.0489634 0
0.0481868 0
0.0467909 0
0.0453536 0
0.0438032 0
0.042026 0
0.0410985 0
0.0396537 0
0.0385172 0
0.0377442 0
0.0368713 0
0.0362303 0
0.0353265 0
0.033992 0
0.0329929 0
0.0322087 0
0.0303638 0
0.0295985 0
0.028356 0
0.0277241 0
0.0265454 0
0.0255039 0
0.0248597 0
0.0243494 0
0.0241029 0
0.0238517 0
0.0232402 0
0.0221926 0
0.0219294 0
0.0210383 0
0.0207774 0
0.0203817 0
0.0194714 0
0.018835 0
0.0180581 0
0.0173885 0
0.0165956 0
0.0160909 0
0.0156767 0
0.0150557 0
0.0143056 0
0.0140425 0
0.0135007 0
0.0125898 0
0.0121881 0
0.0116808 0
0.0112813 0
0.0108885 0
0.0107549 0
0.0104961 0
0.00984927 0
0.00906821 0
0.00840784 0
0.00828159 0
0.00815929 0
0.00790829 0
0.00750608 0
0.00737349 0
0.0072321 0
0.00695625 0
0.00657097 0
0.00631528 0
0.00604437 0
0.00566476 0
0.00553696 0
0.00541694 0
0.00529446 0
0.00454848 0
0.00441152 0
0.00428135 0
0.00349715 0
0.00336734 0
0.00311591 0
0.00272292 0
0.00259733 0
0.00221046 0
0.00207667 0
0.00183433 0
0.00170143 0
0.00157524 0
0.0013115 0
0.00117944 0
0.000920762 0
0.000787969 0
0.000658487 0
0.000521702 0
0.000402937 0
0.000264001 0
0.000127951 0
0 0
