0.428577 77
0.428577 76
0.428459 76
0.4282 76
0.428075 76
0.427953 76
0.427818 76
0.427717 76
0.427611 76
0.427489 76
0.427369 75
0.427369 74
0.427236 74
0.427236 72
0.427102 72
0.426976 72
0.426976 71
0.426848 71
0.426582 71
0.426486 70
0.426359 70
0.426241 70
0.425994 70
0.425994 68
0.425877 68
0.425268 66
0.424894 65
0.424887 64
0.424776 64
0.424563 64
0.424055 64
0.423805 64
0.423293 63
0.422424 63
0.421806 63
0.421806 62
0.421672 61
0.421136 61
0.420638 61
0.420516 61
0.420057 60
0.419792 60
0.419583 59
0.419337 59
0.418962 59
0.418503 58
0.417917 58
0.417155 58
0.416497 58
0.415882 58
0.415523 58
0.414824 56
0.414299 56
0.413573 55
0.413061 54
0.412148 54
0.412028 54
0.411378 54
0.410998 54
0.410385 53
0.409647 53
0.408649 51
0.407556 51
0.406674 51
0.405537 51
0.404661 50
0.403968 49
0.402896 49
0.402391 49
0.400913 49
0.399983 47
0.399003 47
0.398229 47
0.397607 47
0.396656 46
0.395669 46
0.394924 46
0.393918 46
0.393061 46
0.391702 46
0.390818 45
0.389407 43
0.387056 41
0.385862 40
0.384187 40
0.382638 40
0.381452 40
0.38065 40
0.379614 39
0.378475 37
0.376917 36
0.37514 34
0.374557 33
0.372005 32
0.369853 32
0.368738 32
0.367227 32
0.365809 32
0.364587 31
0.362486 30
0.36168 30
0.360437 29
0.359024 27
0.357655 26
0.35678 26
0.35478 26
0.35264 25
0.350781 24
0.348954 22
0.34738 22
0.345219 21
0.343993 21
0.34141 21
0.339077 21
0.337841 20
0.336044 18
0.334276 18
0.332125 18
0.330214 18
0.328705 18
0.327598 18
0.326244 18
0.324239 18
0.321665 16
0.318952 16
0.317032 16
0.315018 16
0.313637 16
0.311248 16
0.308664 16
0.30668 16
0.304954 15
0.30255 14
0.300337 13
0.297154 13
0.29561 13
0.294248 13
0.291523 12
0.289896 12
0.287703 12
0.286712 12
0.283987 11
0.281637 10
0.279073 10
0.275898 8
0.27341 8
0.271662 8
0.268923 7
0.265791 7
0.263666 7
0.261468 7
0.258466 7
0.255133 7
0.252896 7
0.250708 7
0.248221 7
0.245638 7
0.243119 7
0.240881 7
0.239266 7
0.235687 7
0.232144 7
0.230008 7
0.226794 7
0.22347 7
0.220325 7
0.217048 7
0.214244 7
0.211374 7
0.208282 7
0.20589 7
0.203513 6
0.199861 6
0.19685 6
0.193643 6
0.18971 6
0.186424 6
0.183785 5
0.181606 5
0.179702 5
0.17765 5
0.174381 4
0.171214 4
0.169536 4
0.166504 3
0.163624 3
0.160473 3
0.158947 3
0.156719 2
0.154362 2
0.151901 2
0.148624 2
0.146583 2
0.143586 2
0.139538 2
0.136497 2
0.1347 2
0.132252 2
0.129685 2
0.127652 2
0.124793 2
0.121081 2
0.118617 2
0.116865 2
0.114154 2
0.111864 2
0.110701 2
0.108467 1
0.106453 1
0.104899 1
0.102888 1
0.101066 1
0.0996855 1
0.0976543 0
0.09586 0
0.0934279 0
0.091558 0
0.0897418 0
0.0879381 0
0.0862204 0
0.0844429 0
0.082222 0
0.0806481 0
0.0788841 0
0.0770874 0
0.0759327 0
0.0735821 0
0.0717999 0
0.0703904 0
0.069259 0
0.0675997 0
0.0655142 0
0.0642362 0
0.0628277 0
0.0618068 0
0.060002 0
0.0583254 0
0.0571878 0
0.0563098 0
0.0547162 0
0.0530431 0
0.0514968 0
0.0505848 0
0.0496553 0
0.0480067 0
0.0465679 0
0.0452086 0
0.0441771 0
0.0428904 0
0.0410144 0
0.0402291 0
0.0394633 0
0.0381937 0
0.0369239 0
0.0356132 0
0.0348435 0
0.033695 0
0.032809 0
0.032558 0
0.0318231 0
0.0309237 0
0.0298803 0
0.0288374 0
0.0283257 0
0.0276767 0
0.0262805 0
0.0252211 0
0.0247246 0
0.0243617 0
0.0237276 0
0.0228439 0
0.0222106 0
0.0219464 0
0.0206545 0
0.0201301 0
0.0195009 0
0.0185974 0
0.0178118 0
0.0172994 0
0.0165224 0
0.0159874 0
0.0149702 0
0.013655 0
0.0127672 0
0.0126283 0
0.0123687 0
0.0117256 0
0.0115124 0
0.0110369 0
0.0104297 0
0.00991926 0
0.00965794 0
0.00938382 0
0.00925082 0
0.00899572 0
0.00847513 0
0.00782165 0
0.00769214 0
0.00743471 0
0.00730342 0
0.00692858 0
0.00642328 0
0.00601169 0
0.00587375 0
0.00552323 0
0.00525048 0
0.00472625 0
0.00403669 0
0.00389323 0
0.00364685 0
0.00338856 0
0.00314272 0
0.00288309 0
0.00261365 0
0.00223147 0
0.00208572 0
0.00196281 0
0.00184563 0
0.00173241 0
0.00160302 0
0.00133385 0
0.00119669 0
0.00106659 0
0.000919366 0
0.000785481 0
0.000649026 0
0.000516706 0
0.000389662 0
0.00026609 0
0.000130156 0
0 0
