0.420755 65
0.420636 65
0.420502 65
0.42038 65
0.420245 65
0.420143 65
0.420038 65
0.419915 65
0.419915 64
0.419915 63
0.419788 63
0.419522 63
0.419425 62
0.419298 62
0.41918 62
0.419049 62
0.419049 61
0.41844 59
0.418066 58
0.418006 57
0.417895 57
0.417682 57
0.417174 57
0.416923 57
0.416425 57
0.415803 57
0.4153 57
0.4153 56
0.415166 55
0.41463 55
0.414131 55
0.41401 55
0.41368 54
0.413415 54
0.413207 53
0.41296 53
0.412704 53
0.412357 52
0.411875 52
0.411113 52
0.410455 52
0.409839 52
0.409597 52
0.409001 51
0.408475 51
0.40775 50
0.407238 49
0.406325 49
0.406205 49
0.405691 49
0.405438 49
0.404958 48
0.404589 48
0.40382 48
0.402839 48
0.402092 48
0.400955 48
0.400079 47
0.399386 46
0.398449 46
0.397944 46
0.396588 46
0.395658 45
0.394678 45
0.393905 45
0.393282 45
0.392454 44
0.391468 44
0.390722 44
0.389716 44
0.388859 44
0.387619 44
0.386873 43
0.385579 41
0.383494 39
0.3823 38
0.380625 38
0.378951 38
0.377765 38
0.376963 38
0.375927 37
0.374868 36
0.373812 35
0.372116 34
0.371534 33
0.368981 32
0.366834 32
0.36572 32
0.364334 32
0.362916 32
0.361694 31
0.359592 30
0.358787 30
0.357544 29
0.356271 27
0.354902 26
0.354027 26
0.352164 26
0.350024 25
0.348165 24
0.346577 22
0.344999 22
0.342997 21
0.34187 21
0.339288 21
0.337072 21
0.335836 20
0.33416 18
0.332393 18
0.330459 18
0.328548 18
0.32716 18
0.326053 18
0.3247 18
0.322695 18
0.320248 16
0.317672 16
0.315754 16
0.313741 16
0.312359 16
0.30997 16
0.307387 16
0.305402 16
0.303676 15
0.301272 14
0.29906 13
0.295876 13
0.294455 13
0.293094 13
0.290368 12
0.288742 12
0.286549 12
0.285557 12
0.282829 11
0.280478 10
0.277916 10
0.274741 8
0.272253 8
0.270505 8
0.267766 7
0.264634 7
0.262509 7
0.260317 7
0.257315 7
0.253982 7
0.251745 7
0.249557 7
0.24707 7
0.244486 7
0.242214 7
0.239976 7
0.238372 7
0.234935 7
0.231392 7
0.229257 7
0.226042 7
0.222719 7
0.219586 7
0.216308 7
0.213505 7
0.210764 7
0.207672 7
0.205279 7
0.202908 6
0.199256 6
0.196245 6
0.19316 6
0.189354 6
0.186068 6
0.183429 5
0.18125 5
0.179346 5
0.177294 5
0.174025 4
0.170858 4
0.16918 4
0.166149 3
0.163268 3
0.160117 3
0.158591 3
0.156363 2
0.154005 2
0.151544 2
0.148268 2
0.146226 2
0.14323 2
0.139182 2
0.13614 2
0.134343 2
0.132021 2
0.129453 2
0.12742 2
0.12456 2
0.120851 2
0.118387 2
0.116635 2
0.113924 2
0.111745 2
0.110582 2
0.108348 1
0.106334 1
0.10478 1
0.102769 1
0.100947 1
0.0995665 1
0.0975354 0
0.0957411 0
0.093309 0
0.0914391 0
0.0896228 0
0.0878168 0
0.0860992 0
0.0843217 0
0.0821008 0
0.0805269 0
0.0787629 0
0.0769661 0
0.0758114 0
0.0734609 0
0.0717968 0
0.0703873 0
0.0692559 0
0.0675966 0
0.0655111 0
0.0642332 0
0.0628247 0
0.0618037 0
0.0599989 0
0.0583223 0
0.0571847 0
0.0563067 0
0.0547131 0
0.05304 0
0.0514938 0
0.0505817 0
0.0496522 0
0.0480036 0
0.0465701 0
0.0452109 0
0.0441794 0
0.0428927 0
0.0410137 0
0.0402284 0
0.0394626 0
0.0381931 0
0.0369232 0
0.0356125 0
0.0348428 0
0.0336943 0
0.0328083 0
0.0325573 0
0.0318224 0
0.030923 0
0.0298796 0
0.0288367 0
0.028325 0
0.027676 0
0.0262805 0
0.0252211 0
0.0247246 0
0.0243617 0
0.0237276 0
0.0228439 0
0.0222106 0
0.0219464 0
0.0206545 0
0.0201301 0
0.0195009 0
0.0185974 0
0.0178118 0
0.0172994 0
0.0165224 0
0.0159874 0
0.0149702 0
0.013655 0
0.0127672 0
0.0126283 0
0.0123687 0
0.0117256 0
0.0115124 0
0.0110369 0
0.0104297 0
0.00991926 0
0.00965794 0
0.00938382 0
0.00925082 0
0.00899572 0
0.00847513 0
0.00782165 0
0.00769214 0
0.00743471 0
0.00730342 0
0.00692858 0
0.00642328 0
0.00601169 0
0.00587375 0
0.00552323 0
0.00525048 0
0.00472625 0
0.00403669 0
0.00389323 0
0.00364685 0
0.00338856 0
0.00314272 0
0.00288309 0
0.00261365 0
0.00223147 0
0.00208572 0
0.00196281 0
0.00184563 0
0.00173241 0
0.00160302 0
0.00133385 0
0.00119669 0
0.00106659 0
0.000919366 0
0.000785481 0
0.000649026 0
0.000516706 0
0.000389662 0
0.00026609 0
0.000130156 0
0 0
