0.428031 224
0.427913 224
0.427913 223
0.42781 223
0.427711 223
0.427711 222
0.427711 221
0.427711 220
0.427574 219
0.427574 218
0.427458 218
0.427458 217
0.42731 217
0.427213 217
0.427213 216
0.427098 215
0.427098 214
0.426977 214
0.42685 214
0.42685 213
0.426717 213
0.426717 212
0.426717 211
0.426717 210
0.426599 210
0.426599 209
0.426589 208
0.426589 207
0.426589 206
0.426455 206
0.426334 206
0.426334 205
0.426334 204
0.426206 204
0.426093 204
0.426093 203
0.426091 202
0.426091 200
0.426091 199
0.426091 198
0.426091 197
0.426091 196
0.425977 194
0.425852 194
0.425729 194
0.425729 193
0.425729 192
0.425729 191
0.425664 190
0.425538 189
0.425406 189
0.425406 188
0.425275 186
0.425157 185
0.42492 184
0.424792 184
0.424792 183
0.424678 183
0.424562 183
0.424246 181
0.424246 180
0.424246 178
0.424015 177
0.423906 177
0.423906 176
0.423781 176
0.423683 176
0.423554 176
0.423554 175
0.423297 175
0.423032 175
0.422803 175
0.422683 175
0.4222 175
0.4222 174
0.4222 173
0.422084 173
0.421874 172
0.421647 172
0.42139 172
0.421253 171
0.421253 170
0.421143 170
0.42091 168
0.420904 166
0.420784 165
0.420661 164
0.420661 163
0.420426 163
0.420295 163
0.420142 161
0.420027 161
0.419915 161
0.419804 161
0.419692 161
0.419572 159
0.419451 159
0.419322 159
0.418946 159
0.41883 159
0.41883 158
0.418691 157
0.418602 156
0.418336 156
0.418106 156
0.417976 156
0.417889 155
0.417702 155
0.417702 154
0.417442 154
0.417343 154
0.417213 154
0.417213 153
0.416977 152
0.416847 152
0.416711 152
0.416711 151
0.416711 150
0.41645 150
0.416203 150
0.415942 149
0.415214 147
0.414981 147
0.41472 147
0.41435 146
0.414294 145
0.414209 143
0.414078 143
0.41381 142
0.41381 141
0.413682 140
0.413426 139
0.413029 139
0.413029 138
0.412684 137
0.412408 137
0.411966 135
0.411966 134
0.411534 133
0.411534 132
0.411449 131
0.411344 131
0.411224 130
0.411136 129
0.410895 129
0.41077 128
0.41068 126
0.410207 124
0.410075 124
0.409731 123
0.409731 121
0.409614 121
0.409488 121
0.409249 121
0.409249 120
0.40899 120
0.40899 119
0.408885 116
0.408885 115
0.408765 114
0.408445 113
0.408325 113
0.407672 113
0.407557 112
0.407209 111
0.406965 110
0.406865 110
0.406865 109
0.406613 109
0.406368 108
0.406129 108
0.40599 108
0.405865 107
0.405739 106
0.405635 106
0.405507 106
0.405384 106
0.405384 105
0.405249 105
0.404861 102
0.404626 101
0.404499 101
0.404088 101
0.403644 100
0.403511 100
0.403243 97
0.403115 97
0.402987 95
0.402987 94
0.402748 94
0.402477 93
0.402355 93
0.401993 93
0.401771 93
0.401517 93
0.401427 91
0.401221 91
0.400977 91
0.400977 90
0.400674 89
0.400451 88
0.400059 88
0.399944 88
0.399696 88
0.399471 86
0.399351 86
0.39886 86
0.398735 85
0.398381 85
0.398131 85
0.397636 84
0.397057 83
0.396914 81
0.396768 81
0.396129 79
0.39574 78
0.394911 78
0.394308 77
0.394049 77
0.393929 77
0.39357 77
0.393099 77
0.39272 77
0.391965 77
0.391838 77
0.391432 77
0.391157 76
0.391038 76
0.390814 74
0.390399 74
0.390034 74
0.389784 74
0.389173 74
0.388708 73
0.388464 73
0.387958 73
0.387716 72
0.387612 72
0.386859 72
0.386325 71
0.38592 71
0.385681 71
0.384925 71
0.384787 70
0.384553 67
0.383848 67
0.383446 67
0.383223 66
0.382749 66
0.382531 65
0.382405 65
0.381669 65
0.38093 65
0.380122 65
0.379602 65
0.379388 65
0.378745 65
0.378365 65
0.377876 65
0.377612 64
0.377149 64
0.377019 63
0.376437 63
0.375686 61
0.375208 59
0.374593 59
0.374342 59
0.374188 58
0.373795 58
0.373066 58
0.372527 58
0.371509 57
0.371139 57
0.370917 57
0.370677 57
0.370068 57
0.36941 57
0.369175 56
0.368829 56
0.368108 55
0.367743 55
0.366899 55
0.366647 55
0.366014 54
0.365756 54
0.365497 54
0.365047 53
0.364748 51
0.364251 51
0.364131 51
0.363614 51
0.362818 50
0.362347 49
0.362347 48
0.362098 48
0.3615 48
0.361394 46
0.36078 46
0.36053 46
0.359758 44
0.359629 44
0.359502 44
0.359005 44
0.358667 44
0.358127 44
0.356827 44
0.356117 44
0.355862 44
0.355355 43
0.355004 43
0.35465 43
0.354298 43
0.354053 43
0.353804 43
0.353047 43
0.352588 43
0.351768 43
0.351264 43
0.350396 43
0.349781 42
0.349555 42
0.349398 41
0.349157 40
0.348775 40
0.347793 40
0.347521 40
0.34713 39
0.346371 39
0.345881 39
0.345358 39
0.344987 39
0.344729 39
0.344102 38
0.343736 38
0.34321 38
0.342454 38
0.341826 38
0.341205 38
0.340804 38
0.339872 38
0.339092 38
0.338817 38
0.338157 38
0.338032 38
0.337909 38
0.337665 37
0.337283 37
0.336505 37
0.335742 37
0.334906 36
0.334049 36
0.333521 35
0.333059 34
0.33228 34
0.332026 33
0.331904 33
0.331781 33
0.331272 33
0.33089 33
0.330213 32
0.3297 32
0.329186 32
0.329065 32
0.328708 32
0.328158 31
0.327671 31
0.326788 31
0.326418 29
0.326276 29
0.326033 28
0.32568 28
0.325082 27
0.324816 27
0.324416 27
0.32393 27
0.323434 27
0.323047 27
0.322125 27
0.321366 27
0.321118 27
0.320633 27
0.320137 27
0.319485 27
0.319108 27
0.318503 27
0.31763 27
0.316622 27
0.316358 27
0.31572 27
0.31525 26
0.314735 25
0.313997 25
0.313608 25
0.313236 25
0.312538 24
0.312086 23
0.3115 22
0.311144 22
0.310871 22
0.310341 22
0.30997 22
0.309839 22
0.309714 22
0.308717 22
0.307953 22
0.307174 22
0.305962 22
0.305321 22
0.304638 21
0.304232 21
0.303615 21
0.303239 21
0.302586 21
0.302218 21
0.302094 21
0.301569 20
0.301188 19
0.300547 19
0.300297 19
0.299667 19
0.299056 19
0.298667 19
0.29781 19
0.29709 19
0.296711 19
0.296582 19
0.296447 19
0.295554 19
0.294528 19
0.29416 18
0.293767 18
0.29273 18
0.291853 18
0.291099 18
0.290339 18
0.289795 18
0.289278 17
0.288398 17
0.288015 17
0.287139 17
0.286545 17
0.285636 17
0.284874 17
0.284124 17
0.283253 17
0.282657 16
0.282024 16
0.28138 16
0.280726 16
0.280264 15
0.279329 15
0.278362 15
0.277368 15
0.276887 15
0.276532 15
0.275875 15
0.27498 15
0.274847 15
0.274102 15
0.272431 15
0.271915 15
0.271545 15
0.270687 15
0.270036 15
0.2694 15
0.268634 15
0.267887 15
0.267012 15
0.265489 15
0.264985 14
0.264586 14
0.263954 14
0.263485 14
0.262136 13
0.261885 13
0.261256 13
0.26065 13
0.259738 13
0.259209 13
0.258029 13
0.257391 13
0.256869 13
0.255691 13
0.255072 13
0.25443 13
0.253808 13
0.253046 13
0.252037 13
0.251533 13
0.250382 12
0.24967 12
0.248509 12
0.248004 12
0.247876 12
0.246714 12
0.246099 12
0.245481 12
0.244782 11
0.244283 11
0.243518 11
0.242516 11
0.242269 11
0.241877 11
0.241001 10
0.24038 10
0.24015 10
0.23951 10
0.238881 10
0.237868 10
0.237284 9
0.236026 9
0.235393 9
0.234491 9
0.232992 9
0.231641 8
0.231264 8
0.230741 8
0.229567 8
0.228927 8
0.228577 8
0.227986 7
0.227129 7
0.226516 7
0.225395 7
0.224494 7
0.223866 7
0.223226 7
0.221721 6
0.220748 5
0.219748 5
0.218738 5
0.218501 5
0.217846 5
0.216692 4
0.2158 4
0.215144 4
0.214888 4
0.214386 4
0.213756 4
0.213123 4
0.212735 4
0.212092 4
0.211846 4
0.211366 4
0.210537 4
0.209759 4
0.209248 4
0.208097 4
0.207082 4
0.206692 4
0.205588 4
0.205087 4
0.203941 4
0.203537 4
0.203013 4
0.202534 4
0.202168 4
0.200908 4
0.199781 4
0.198665 4
0.197663 4
0.196545 4
0.195713 3
0.19506 3
0.194595 3
0.194195 3
0.192565 3
0.191773 3
0.190234 3
0.189615 3
0.188404 3
0.187503 3
0.186739 3
0.18635 3
0.185861 3
0.184868 3
0.184505 3
0.183759 3
0.182623 3
0.181734 3
0.180994 3
0.18074 3
0.17942 3
0.178785 3
0.178141 3
0.177523 3
0.177152 3
0.176002 3
0.175383 3
0.17406 3
0.173808 3
0.173298 3
0.172647 3
0.17203 3
0.171376 3
0.170628 3
0.169693 3
0.169201 3
0.168817 3
0.168042 3
0.167644 3
0.167403 3
0.16669 3
0.166055 3
0.165326 3
0.164962 3
0.164239 2
0.163612 2
0.162832 2
0.161681 2
0.161034 2
0.160636 2
0.160254 2
0.159877 2
0.159127 2
0.15822 2
0.157441 2
0.156563 2
0.15605 2
0.155425 2
0.155059 2
0.154309 2
0.153806 2
0.153301 2
0.152782 2
0.152004 2
0.151364 2
0.150726 2
0.149436 2
0.148915 2
0.148262 2
0.147725 2
0.147067 2
0.145942 2
0.145075 2
0.144668 2
0.144273 2
0.143516 2
0.143139 2
0.142633 2
0.141886 2
0.141369 2
0.140748 2
0.140607 2
0.139744 2
0.139338 2
0.137926 2
0.13726 2
0.136358 2
0.135842 2
0.135584 2
0.134426 2
0.133392 2
0.132741 2
0.132195 2
0.131027 2
0.129574 2
0.128545 2
0.128163 2
0.127432 2
0.126791 2
0.12601 2
0.124595 2
0.124334 2
0.123922 2
0.123405 2
0.122615 2
0.121698 2
0.121186 2
0.120794 2
0.120275 2
0.119266 2
0.118267 2
0.117879 2
0.116742 2
0.116227 2
0.115608 1
0.114841 1
0.114238 1
0.113157 0
0.111749 0
0.11083 0
0.109922 0
0.109282 0
0.108391 0
0.107632 0
0.106747 0
0.105599 0
0.10519 0
0.104156 0
0.103021 0
0.102751 0
0.102501 0
0.10199 0
0.101221 0
0.10045 0
0.0998302 0
0.0991996 0
0.0989247 0
0.0981494 0
0.0977719 0
0.0969962 0
0.0965932 0
0.0962157 0
0.0958325 0
0.095205 0
0.0946789 0
0.0940413 0
0.0932716 0
0.0921423 0
0.0917755 0
0.0916511 0
0.0914009 0
0.0906209 0
0.0903676 0
0.0900079 0
0.0891571 0
0.0887752 0
0.0884077 0
0.0877605 0
0.0869782 0
0.0868541 0
0.0864628 0
0.0860594 0
0.085412 0
0.0845155 0
0.0839978 0
0.0834747 0
0.082953 0
0.0826973 0
0.0821912 0
0.0820644 0
0.0813065 0
0.0806696 0
0.0804095 0
0.0801479 0
0.0797587 0
0.0793723 0
0.0784979 0
0.0777356 0
0.0774844 0
0.0773571 0
0.0765927 0
0.0761054 0
0.0757303 0
0.0751947 0
0.0746918 0
0.0739413 0
0.0730617 0
0.0722838 0
0.071664 0
0.071272 0
0.0706404 0
0.0702516 0
0.0700094 0
0.0695146 0
0.0687238 0
0.0686176 0
0.0683882 0
0.0682511 0
0.0681308 0
0.0673569 0
0.0667229 0
0.0659376 0
0.0655438 0
0.0649307 0
0.0641428 0
0.0635024 0
0.0631312 0
0.0628677 0
0.0627376 0
0.0624869 0
0.061872 0
0.0611067 0
0.0603215 0
0.0601984 0
0.0595901 0
0.0589461 0
0.0583471 0
0.0580958 0
0.0573389 0
0.0567205 0
0.0563245 0
0.056194 0
0.0556898 0
0.0550468 0
0.0546536 0
0.0545191 0
0.0540264 0
0.0537705 0
0.0536308 0
0.0533597 0
0.05311 0
0.0528495 0
0.0524576 0
0.0519439 0
0.0506837 0
0.0501815 0
0.0495152 0
0.0490113 0
0.0482417 0
0.0478481 0
0.0476005 0
0.0469704 0
0.0465943 0
0.0463331 0
0.0461989 0
0.0458119 0
0.0456961 0
0.0455611 0
0.0452956 0
0.0448912 0
0.0443803 0
0.0442529 0
0.0440374 0
0.0430375 0
0.0427816 0
0.0425198 0
0.0421243 0
0.0419857 0
0.041838 0
0.0415765 0
0.0411818 0
0.0410568 0
0.0407756 0
0.0405169 0
0.0402761 0
0.0399188 0
0.0396488 0
0.0392547 0
0.0391384 0
0.0388743 0
0.0385109 0
0.0381422 0
0.0375079 0
0.0368698 0
0.03634 0
0.0360939 0
0.0356965 0
0.0352897 0
0.0350413 0
0.0346607 0
0.0342605 0
0.0341423 0
0.0338771 0
0.0335037 0
0.0326312 0
0.0325014 0
0.0322332 0
0.0319726 0
0.0317103 0
0.0311875 0
0.0306698 0
0.0301688 0
0.03003 0
0.0298958 0
0.0295252 0
0.0294021 0
0.0290164 0
0.0286354 0
0.0282517 0
0.0281241 0
0.0279987 0
0.0276234 0
0.0273788 0
0.0271207 0
0.0269914 0
0.0266125 0
0.0263617 0
0.0262407 0
0.026104 0
0.0255858 0
0.0250701 0
0.0248171 0
0.0246805 0
0.0242916 0
0.0237673 0
0.023626 0
0.0233452 0
0.0232215 0
0.0227082 0
0.022187 0
0.0219279 0
0.0217947 0
0.0216709 0
0.0213165 0
0.0211798 0
0.0209265 0
0.0205443 0
0.0200131 0
0.0197423 0
0.019469 0
0.0193448 0
0.0190928 0
0.0188421 0
0.0187065 0
0.0184525 0
0.0179503 0
0.0173033 0
0.0169405 0
0.0167988 0
0.0165277 0
0.0163894 0
0.016127 0
0.0158734 0
0.0157441 0
0.0154876 0
0.0153432 0
0.0146929 0
0.0144289 0
0.0137963 0
0.0132729 0
0.012997 0
0.0127515 0
0.0126258 0
0.0123715 0
0.0121154 0
0.0120084 0
0.0118728 0
0.0117534 0
0.0116297 0
0.0113663 0
0.0112415 0
0.0109879 0
0.0107299 0
0.0105943 0
0.0103447 0
0.0102186 0
0.00996557 0
0.00983804 0
0.00958325 0
0.00920234 0
0.00907347 0
0.00895042 0
0.00882239 0
0.00869762 0
0.00845281 0
0.00833195 0
0.00820375 0
0.00795075 0
0.00781426 0
0.00767827 0
0.0075437 0
0.00741892 0
0.00715416 0
0.00689749 0
0.00677336 0
0.0066472 0
0.00652106 0
0.00640702 0
0.00627812 0
0.0061424 0
0.00600452 0
0.00587064 0
0.00574172 0
0.00562199 0
0.00537125 0
0.00523593 0
0.00510714 0
0.00497392 0
0.00483644 0
0.00457372 0
0.00444119 0
0.00418853 0
0.00406175 0
0.0039246 0
0.00365501 0
0.00352109 0
0.00339244 0
0.00327867 0
0.0030092 0
0.00276667 0
0.00264675 0
0.00239623 0
0.00227283 0
0.00215384 0
0.00203087 0
0.0019071 0
0.00165596 0
0.0015265 0
0.00139532 0
0.00127305 0
0.00115072 0
0.00101785 0
0.000895649 0
0.000755548 0
0.000630898 0
0.000502542 0
0.000384501 0
0.000261319 0
0.00013118 0
0 0
