0.444782 78
0.444782 77
0.444646 77
0.444521 77
0.444406 76
0.444287 76
0.444171 76
0.444171 75
0.444171 74
0.444041 74
0.444024 73
0.444024 71
0.443912 71
0.443622 71
0.443385 71
0.443049 70
0.442743 67
0.442607 67
0.442485 67
0.442111 66
0.442031 65
0.441763 64
0.441301 63
0.441062 63
0.440595 62
0.440466 60
0.440211 59
0.439859 59
0.439371 59
0.439234 59
0.43878 58
0.43838 57
0.43812 57
0.43812 56
0.437933 55
0.437547 55
0.437203 54
0.43709 54
0.436974 54
0.436488 54
0.436012 54
0.435891 54
0.435404 52
0.434579 52
0.434455 52
0.434013 50
0.433393 49
0.432858 49
0.432354 49
0.432086 49
0.431467 49
0.43083 49
0.430487 49
0.430245 49
0.429973 49
0.429107 48
0.428981 48
0.428216 48
0.427689 48
0.42683 48
0.426166 48
0.425831 46
0.425427 46
0.424696 45
0.424363 44
0.423444 44
0.423052 44
0.422286 44
0.421012 44
0.420152 44
0.419514 44
0.418177 43
0.417047 43
0.415931 42
0.414979 41
0.413597 40
0.412821 40
0.41233 40
0.411483 40
0.410062 39
0.408923 37
0.408131 37
0.407018 37
0.405664 36
0.404754 35
0.404262 35
0.403512 35
0.402564 35
0.401167 35
0.400783 35
0.40007 34
0.398767 34
0.397709 33
0.396526 33
0.395881 32
0.394492 31
0.393162 30
0.392161 30
0.39139 30
0.389674 29
0.388297 29
0.387031 28
0.385499 27
0.384511 26
0.383082 26
0.381655 26
0.380195 26
0.378535 26
0.377026 25
0.375348 25
0.373814 22
0.37278 21
0.370808 21
0.369403 20
0.367383 20
0.365826 20
0.364265 20
0.362257 20
0.360502 18
0.358309 18
0.356802 18
0.354775 17
0.351961 17
0.35025 17
0.34913 17
0.347024 16
0.344877 14
0.341648 14
0.339525 12
0.336888 12
0.334757 12
0.331255 12
0.329609 12
0.327228 12
0.325132 11
0.322977 11
0.320075 11
0.317189 11
0.315682 11
0.31352 11
0.31021 11
0.308535 11
0.305908 10
0.303769 10
0.301731 10
0.300026 9
0.298112 9
0.295603 8
0.294068 8
0.291471 8
0.288614 8
0.286337 8
0.284105 8
0.282172 8
0.28062 8
0.277903 8
0.275588 7
0.27304 7
0.270545 7
0.267767 7
0.265455 7
0.263071 6
0.260326 5
0.2583 5
0.254973 4
0.252584 3
0.249502 3
0.246943 3
0.244665 3
0.242293 3
0.240143 3
0.236347 3
0.233934 3
0.230807 3
0.228573 3
0.225459 3
0.220875 3
0.218537 2
0.216087 2
0.212994 2
0.20995 1
0.207777 1
0.205118 1
0.203227 1
0.199916 1
0.19737 1
0.194984 1
0.192297 1
0.189497 1
0.186978 1
0.184037 1
0.181765 1
0.179417 1
0.177579 1
0.174812 1
0.17247 1
0.169773 1
0.167401 0
0.164301 0
0.161876 0
0.160324 0
0.158623 0
0.156237 0
0.153579 0
0.151736 0
0.148814 0
0.146056 0
0.144531 0
0.142713 0
0.140404 0
0.13834 0
0.13599 0
0.133052 0
0.129732 0
0.127322 0
0.124572 0
0.122688 0
0.121004 0
0.118693 0
0.116477 0
0.113255 0
0.111171 0
0.10945 0
0.10845 0
0.106377 0
0.104931 0
0.103166 0
0.101015 0
0.0990903 0
0.0967907 0
0.0953694 0
0.0942336 0
0.0929802 0
0.0913426 0
0.0896892 0
0.0885325 0
0.0859502 0
0.0836879 0
0.0817908 0
0.0807716 0
0.0793617 0
0.0771685 0
0.0739111 0
0.0726262 0
0.0713002 0
0.0695107 0
0.0680752 0
0.0667992 0
0.0650198 0
0.0636083 0
0.0624649 0
0.0608152 0
0.0587243 0
0.0578174 0
0.0564086 0
0.054732 0
0.0532852 0
0.0519956 0
0.0509863 0
0.0502304 0
0.0489634 0
0.0481868 0
0.0467909 0
0.0453536 0
0.0438032 0
0.042026 0
0.0410985 0
0.0396537 0
0.0385172 0
0.0377442 0
0.0368713 0
0.0362303 0
0.0353265 0
0.033992 0
0.0329929 0
0.0322087 0
0.0303638 0
0.0295985 0
0.028356 0
0.0277241 0
0.0265454 0
0.0255039 0
0.0248597 0
0.0243494 0
0.0241029 0
0.0238517 0
0.0232402 0
0.0221926 0
0.0219294 0
0.0210383 0
0.0207774 0
0.0203817 0
0.0194714 0
0.018835 0
0.0180581 0
0.0173885 0
0.0165956 0
0.0160909 0
0.0156767 0
0.0150557 0
0.0143056 0
0.0140425 0
0.0135007 0
0.0125898 0
0.0121881 0
0.0116808 0
0.0112813 0
0.0108885 0
0.0107549 0
0.0104961 0
0.00984927 0
0.00906821 0
0.00840784 0
0.00828159 0
0.00815929 0
0.00790829 0
0.00750608 0
0.00737349 0
0.0072321 0
0.00695625 0
0.00657097 0
0.00631528 0
0.00604437 0
0.00566476 0
0.00553696 0
0.00541694 0
0.00529446 0
0.00454848 0
0.00441152 0
0.00428135 0
0.00349715 0
0.00336734 0
0.00311591 0
0.00272292 0
0.00259733 0
0.00221046 0
0.00207667 0
0.00183433 0
0.00170143 0
0.00157524 0
0.0013115 0
0.00117944 0
0.000920762 0
0.000787969 0
0.000658487 0
0.000521702 0
0.000402937 0
0.000264001 0
0.000127951 0
0 0
