0.299555 5 0.8
0.299362 5 0.95
0.299168 5 1.1
0.298975 5 1.12
0.298782 5 1.13
0.298395 5 1.2
0.298202 5 1.27
0.298008 4 1.3
0.297815 4 1.37
0.297235 4 1.39
0.297041 4 1.4
0.296654 4 1.41
0.296461 4 1.48
0.296268 4 1.52
0.296074 4 1.53
0.295881 4 1.54
0.295687 4 1.55
0.295494 4 1.61
0.295301 4 1.62
0.295107 4 1.63
0.294914 4 1.65
0.294527 4 1.68
0.294334 4 1.71
0.29356 4 1.73
0.293367 4 1.74
0.292787 4 1.75
0.292593 4 1.76
0.2924 4 1.79
0.292013 4 1.8
0.29182 4 1.84
0.29124 4 1.87
0.291046 4 1.88
0.290853 4 1.89
0.290659 4 1.9
0.290466 4 1.91
0.290079 4 1.93
0.289886 4 1.94
0.289693 4 1.96
0.289306 4 1.97
0.288919 4 1.98
0.288532 4 1.99
0.287372 4 2
0.286985 4 2.02
0.286598 4 2.04
0.286405 4 2.05
0.286212 4 2.06
0.285438 4 2.07
0.284858 4 2.08
0.284664 4 2.09
0.284471 4 2.1
0.284084 4 2.13
0.283504 4 2.14
0.283117 4 2.15
0.282731 4 2.16
0.282537 4 2.17
0.281764 4 2.19
0.28099 4 2.2
0.280603 4 2.21
0.27983 4 2.22
0.278863 4 2.23
0.278283 4 2.25
0.277896 4 2.26
0.277703 4 2.27
0.277316 4 2.28
0.277122 4 2.29
0.276542 4 2.3
0.276155 4 2.31
0.275769 4 2.32
0.275575 4 2.33
0.274995 4 2.34
0.274802 4 2.35
0.274608 4 2.36
0.274415 4 2.37
0.273255 4 2.38
0.273061 4 2.39
0.271514 4 2.41
0.271321 4 2.42
0.270741 4 2.43
0.269967 4 2.44
0.269 4 2.45
0.268033 4 2.46
0.26726 4 2.47
0.267066 4 2.49
0.26668 4 2.5
0.266293 4 2.51
0.265519 4 2.52
0.264939 4 2.53
0.264552 4 2.54
0.264359 4 2.55
0.263972 4 2.56
0.263585 4 2.57
0.262812 4 2.58
0.262232 4 2.59
0.261265 4 2.6
0.260878 4 2.61
0.260104 4 2.62
0.259137 4 2.63
0.258171 4 2.64
0.25759 4 2.65
0.25701 4 2.66
0.256043 4 2.67
0.255657 3 2.68
0.25469 3 2.69
0.254109 3 2.7
0.253143 3 2.71
0.252756 3 2.72
0.252562 3 2.73
0.252176 3 2.74
0.251789 3 2.75
0.251402 3 2.76
0.251015 3 2.77
0.250435 3 2.78
0.249662 3 2.8
0.249275 3 2.81
0.248308 3 2.82
0.247534 3 2.83
0.245794 3 2.84
0.245214 3 2.85
0.24444 3 2.86
0.24328 3 2.87
0.242893 3 2.88
0.242313 3 2.89
0.241733 3 2.91
0.240186 3 2.92
0.239799 3 2.93
0.239025 3 2.94
0.237865 3 2.95
0.237672 3 2.96
0.236898 3 2.97
0.236511 2 2.98
0.235738 2 2.99
0.234964 2 3
0.233997 1 3.01
0.232644 1 3.02
0.232063 1 3.03
0.231677 1 3.04
0.231096 1 3.05
0.229549 1 3.06
0.228969 1 3.07
0.228196 1 3.08
0.227229 1 3.09
0.226262 1 3.1
0.224908 1 3.11
0.224521 1 3.12
0.222781 1 3.13
0.22104 1 3.14
0.220267 1 3.15
0.218913 1 3.16
0.216786 1 3.17
0.215626 1 3.18
0.214079 1 3.19
0.213305 1 3.2
0.212145 1 3.21
0.211178 1 3.22
0.210017 1 3.23
0.209631 1 3.24
0.20847 1 3.25
0.207503 1 3.26
0.206343 1 3.27
0.20557 1 3.28
0.204022 1 3.29
0.203249 1 3.3
0.201702 1 3.31
0.201122 1 3.32
0.199575 1 3.33
0.198608 1 3.34
0.197447 1 3.35
0.197254 1 3.36
0.195513 1 3.37
0.19358 1 3.38
0.192806 1 3.39
0.191839 1 3.4
0.190872 1 3.41
0.190099 1 3.42
0.189518 1 3.43
0.188938 1 3.44
0.188552 1 3.45
0.186811 1 3.46
0.185071 1 3.47
0.184684 1 3.48
0.183137 1 3.49
0.181783 1 3.5
0.181009 1 3.51
0.180043 1 3.52
0.178689 1 3.53
0.177722 1 3.54
0.176562 1 3.55
0.176175 1 3.56
0.175208 1 3.57
0.174241 1 3.58
0.173274 1 3.59
0.172114 1 3.6
0.170567 1 3.61
0.169213 1 3.62
0.167666 1 3.63
0.166699 1 3.64
0.165539 1 3.65
0.163991 1 3.66
0.162638 1 3.67
0.162058 1 3.68
0.160704 1 3.69
0.159157 1 3.7
0.15819 1 3.71
0.157223 1 3.72
0.155869 1 3.73
0.154516 1 3.74
0.153355 1 3.75
0.152195 1 3.76
0.151035 1 3.77
0.150068 1 3.78
0.148714 1 3.79
0.14736 1 3.8
0.14562 1 3.81
0.144266 1 3.82
0.143686 1 3.83
0.142139 1 3.84
0.140785 1 3.85
0.139431 1 3.86
0.137884 1 3.87
0.136724 1 3.88
0.136144 1 3.89
0.133436 1 3.9
0.132663 0 3.91
0.131696 0 3.92
0.130922 0 3.93
0.128215 0 3.94
0.127635 0 3.95
0.126088 0 3.96
0.125314 0 3.97
0.124734 0 3.98
0.123961 0 3.99
0.12338 0 4
0.122607 0 4.01
0.121833 0 4.02
0.12048 0 4.03
0.119899 0 4.04
0.118739 0 4.05
0.117579 0 4.06
0.116612 0 4.07
0.115838 0 4.08
0.115452 0 4.09
0.114871 0 4.1
0.113711 0 4.11
0.111971 0 4.12
0.111004 0 4.13
0.10965 0 4.14
0.107716 0 4.15
0.107136 0 4.16
0.105589 0 4.17
0.104429 0 4.18
0.102301 0 4.19
0.101528 0 4.2
0.100948 0 4.21
0.0997873 0 4.22
0.0984336 0 4.23
0.0974666 0 4.24
0.0966931 0 4.25
0.0961129 0 4.26
0.0953394 0 4.27
0.0945658 0 4.28
0.0937923 0 4.29
0.0930188 0 4.3
0.0920518 0 4.31
0.0914717 0 4.32
0.0906981 0 4.33
0.0893444 0 4.34
0.0879907 0 4.35
0.0876039 0 4.36
0.0874106 0 4.37
0.0868304 0 4.38
0.0854767 0 4.39
0.0845098 0 4.4
0.0829627 0 4.41
0.0818024 0 4.42
0.0808354 0 4.43
0.0796751 0 4.44
0.0787082 0 4.45
0.0775479 0 4.46
0.0765809 0 4.47
0.0752272 0 4.48
0.0748405 0 4.49
0.0732934 0 4.5
0.072133 0 4.51
0.0709727 0 4.53
0.069619 0 4.54
0.0688455 0 4.55
0.0680719 0 4.56
0.0674918 0 4.57
0.0661381 0 4.58
0.0653645 0 4.59
0.0642042 0 4.6
0.0636241 0 4.61
0.0628505 0 4.62
0.062077 0 4.63
0.0605299 0 4.64
0.0603365 0 4.65
0.0593696 0 4.66
0.0582092 0 4.67
0.0576291 0 4.68
0.0568555 0 4.69
0.0558886 0 4.7
0.0543415 0 4.71
0.0531812 0 4.72
0.0524077 0 4.73
0.0516341 0 4.74
0.0508606 0 4.75
0.0502804 0 4.76
0.0497003 0 4.77
0.0491201 0 4.78
0.0471862 0 4.79
0.0464127 0 4.8
0.0462193 0 4.81
0.0456391 0 4.82
0.0452524 0 4.83
0.045059 0 4.84
0.0444788 0 4.85
0.0435119 0 4.86
0.0429317 0 4.87
0.0421582 0 4.88
0.0409979 0 4.89
0.0398376 0 4.9
0.0388706 0 4.91
0.0382905 0 4.92
0.0373235 0 4.93
0.0367434 0 4.95
0.0363566 0 4.96
0.0357764 0 4.97
0.0351963 0 4.98
0.0350029 0 4.99
0.0344227 0 5
0.0342294 0 5.01
0.0334558 0 5.02
0.033069 0 5.04
0.0324889 0 5.06
0.0321021 0 5.07
0.0313286 0 5.08
0.0303616 0 5.09
0.0301682 0 5.1
0.0290079 0 5.11
0.0286212 0 5.12
0.0282344 0 5.13
0.0270741 0 5.14
0.0266873 0 5.15
0.0261071 0 5.17
0.0253336 0 5.19
0.0249468 0 5.2
0.0247534 0 5.21
0.0243667 0 5.22
0.0239799 0 5.23
0.0232063 0 5.24
0.023013 0 5.25
0.0226262 0 5.26
0.0222394 0 5.27
0.0212725 0 5.28
0.0206923 0 5.29
0.0203056 0 5.3
0.0197254 0 5.31
0.0193386 0 5.32
0.0187585 0 5.33
0.0185651 0 5.34
0.0181783 0 5.35
0.0177915 0 5.36
0.0175981 0 5.37
0.0172114 0 5.38
0.017018 0 5.39
0.0168246 0 5.4
0.0162444 0 5.43
0.0160511 0 5.44
0.0156643 0 5.45
0.0150841 0 5.46
0.0148907 0 5.49
0.0146974 0 5.52
0.0143106 0 5.53
0.0139238 0 5.56
0.0133436 0 5.57
0.0127635 0 5.58
0.0119899 0 5.59
0.0117966 0 5.6
0.0114098 0 5.61
0.0112164 0 5.62
0.0104429 0 5.63
0.0102495 0 5.64
0.00966931 0 5.66
0.00947592 0 5.69
0.00928254 0 5.7
0.00908915 0 5.71
0.00889576 0 5.72
0.00870238 0 5.75
0.00812222 0 5.78
0.00792883 0 5.8
0.00754206 0 5.83
0.00734868 0 5.85
0.00715529 0 5.86
0.0069619 0 5.91
0.00676852 0 5.92
0.00657513 0 5.93
0.00599497 0 5.94
0.0056082 0 5.99
0.00541481 0 6.04
0.00522143 0 6.07
0.00483465 0 6.08
0.00464127 0 6.09
0.0042545 0 6.1
0.00406111 0 6.11
0.00386772 0 6.13
0.00367434 0 6.15
0.00348095 0 6.16
0.00328757 0 6.2
0.00309418 0 6.24
0.00290079 0 6.25
0.00270741 0 6.27
0.00251402 0 6.35
0.00232063 0 6.36
0.00212725 0 6.37
0.00193386 0 6.43
0.00174048 0 6.56
0.00154709 0 6.61
0.0013537 0 6.63
0.00116032 0 6.67
0.000966931 0 6.7
0.000580159 0 6.87
0.000386772 0 6.96
0.000193386 0 7.16
0 0 1.79769e+308
