0.676465 70 54.36
0.676465 69 54.66
0.676272 69 54.74
0.675885 69 54.76
0.675691 69 54.79
0.675498 69 54.89
0.675305 69 54.92
0.675111 69 54.96
0.674918 69 54.98
0.674724 69 55
0.674531 68 55.01
0.674531 67 55.04
0.674338 67 55.06
0.674338 65 55.07
0.673951 65 55.08
0.673757 65 55.1
0.673757 64 55.11
0.673564 64 55.12
0.673177 64 55.13
0.673177 63 55.14
0.672984 63 55.15
0.672791 63 55.17
0.672597 63 55.18
0.67221 63 55.19
0.67221 61 55.2
0.672017 61 55.21
0.671243 60 55.22
0.670663 59 55.23
0.670663 58 55.24
0.67047 58 55.25
0.670083 58 55.26
0.66931 58 55.27
0.668923 58 55.28
0.668149 57 55.29
0.666796 57 55.3
0.665635 57 55.31
0.665442 56 55.32
0.665249 55 55.33
0.664668 55 55.34
0.663895 55 55.35
0.663701 55 55.36
0.663121 54 55.37
0.662734 54 55.38
0.662541 53 55.39
0.662154 53 55.4
0.661574 53 55.41
0.661187 52 55.42
0.66022 52 55.43
0.65906 52 55.44
0.658673 52 55.45
0.657706 52 55.46
0.656546 52 55.47
0.655966 52 55.48
0.654419 50 55.49
0.653645 50 55.5
0.652485 49 55.51
0.651518 47 55.52
0.649971 47 55.53
0.649778 47 55.54
0.649004 47 55.55
0.648617 47 55.56
0.648231 46 55.57
0.64707 46 55.58
0.645716 45 55.59
0.644363 45 55.6
0.643009 45 55.61
0.641462 45 55.62
0.640688 44 55.63
0.640108 43 55.64
0.638948 43 55.65
0.637981 42 55.66
0.635467 42 55.67
0.634307 41 55.68
0.632566 41 55.69
0.631406 41 55.7
0.630246 41 55.71
0.628699 40 55.72
0.627345 40 55.73
0.625991 40 55.74
0.624637 40 55.75
0.62309 40 55.76
0.62077 40 55.77
0.619609 39 55.78
0.617095 37 55.79
0.613228 35 55.8
0.611874 34 55.81
0.60936 34 55.82
0.607039 34 55.83
0.605299 34 55.84
0.603945 34 55.85
0.602398 33 55.86
0.600658 31 55.87
0.59853 30 55.88
0.596403 28 55.89
0.595629 28 55.9
0.591955 27 55.91
0.588474 27 55.92
0.586734 27 55.93
0.584026 27 55.94
0.581899 27 55.95
0.580159 26 55.96
0.577258 25 55.97
0.576097 25 55.98
0.574164 24 55.99
0.572423 22 56
0.570489 21 56.01
0.568942 21 56.02
0.565655 21 56.03
0.56256 20 56.04
0.56024 19 56.05
0.557146 18 56.06
0.554825 18 56.07
0.551537 18 56.08
0.54941 18 56.09
0.545736 18 56.1
0.542448 18 56.11
0.540514 17 56.12
0.53742 16 56.13
0.534713 16 56.14
0.531425 16 56.15
0.528524 16 56.16
0.526397 16 56.17
0.524463 16 56.18
0.521949 16 56.19
0.518468 16 56.2
0.513827 15 56.21
0.509379 15 56.22
0.506478 15 56.23
0.502804 15 56.24
0.50029 15 56.25
0.496422 15 56.26
0.492941 15 56.27
0.490041 15 56.28
0.486753 14 56.29
0.483079 13 56.3
0.479598 12 56.31
0.474183 12 56.32
0.471862 12 56.33
0.469735 12 56.34
0.465867 11 56.35
0.462773 11 56.36
0.459872 11 56.37
0.457939 11 56.38
0.454071 10 56.39
0.450396 9 56.4
0.446529 9 56.41
0.442081 7 56.42
0.438406 7 56.43
0.435312 7 56.44
0.431251 6 56.45
0.42545 6 56.46
0.421969 6 56.47
0.418681 6 56.48
0.414233 6 56.49
0.409592 6 56.5
0.406111 6 56.51
0.40263 6 56.52
0.398956 6 56.53
0.394895 6 56.54
0.391027 6 56.55
0.386772 6 56.56
0.384452 6 56.57
0.379424 6 56.58
0.373429 6 56.59
0.369368 6 56.6
0.363953 6 56.61
0.358925 6 56.62
0.353897 6 56.63
0.349062 6 56.64
0.344808 6 56.65
0.341133 6 56.66
0.336492 6 56.67
0.332624 6 56.68
0.329143 5 56.69
0.322762 5 56.7
0.31812 5 56.71
0.313286 5 56.72
0.307291 5 56.73
0.301682 5 56.74
0.297621 4 56.75
0.293754 4 56.76
0.290466 4 56.77
0.286985 4 56.78
0.281957 3 56.79
0.276736 3 56.8
0.274028 3 56.81
0.26958 2 56.82
0.264746 2 56.83
0.259718 2 56.84
0.256817 2 56.85
0.253336 1 56.86
0.249662 1 56.87
0.2456 1 56.88
0.240766 1 56.89
0.237478 1 56.9
0.233224 1 56.91
0.226649 1 56.92
0.221814 1 56.93
0.21872 1 56.94
0.215045 1 56.95
0.210984 1 56.96
0.207697 1 56.97
0.203829 1 56.98
0.198027 1 56.99
0.19358 1 57
0.190292 1 57.01
0.186038 1 57.02
0.18217 1 57.03
0.180236 1 57.04
0.177142 0 57.05
0.173854 0 57.06
0.171534 0 57.07
0.167859 0 57.08
0.164765 0 57.09
0.162444 0 57.1
0.159157 0 57.11
0.156063 0 57.12
0.152195 0 57.13
0.149101 0 57.14
0.1462 0 57.15
0.143299 0 57.16
0.140398 0 57.17
0.137691 0 57.18
0.134597 0 57.19
0.131503 0 57.2
0.128602 0 57.21
0.125894 0 57.22
0.123961 0 57.23
0.120286 0 57.24
0.117192 0 57.25
0.114678 0 57.26
0.112551 0 57.27
0.109843 0 57.28
0.106556 0 57.29
0.104429 0 57.3
0.102108 0 57.31
0.100561 0 57.32
0.0978534 0 57.33
0.0953394 0 57.34
0.0932121 0 57.35
0.0910849 0 57.36
0.0887643 0 57.37
0.0860569 0 57.38
0.0835428 0 57.39
0.0821891 0 57.4
0.0810288 0 57.41
0.0785148 0 57.42
0.0763875 0 57.43
0.0740669 0 57.44
0.0725198 0 57.45
0.0703926 0 57.46
0.0674918 0 57.47
0.0661381 0 57.48
0.0649778 0 57.49
0.0630439 0 57.5
0.0609167 0 57.51
0.0589828 0 57.52
0.0572423 0 57.53
0.0555018 0 57.54
0.0537614 0 57.55
0.0533746 0 57.56
0.0518275 0 57.57
0.0502804 0 57.58
0.0487333 0 57.59
0.0471862 0 57.6
0.0462193 0 57.61
0.0452524 0 57.62
0.0431251 0 57.63
0.0413846 0 57.64
0.0404177 0 57.65
0.0398376 0 57.66
0.0388706 0 57.67
0.0375169 0 57.68
0.0361632 0 57.69
0.0355831 0 57.7
0.0336492 0 57.71
0.0328757 0 57.72
0.0317153 0 57.73
0.0303616 0 57.74
0.0293947 0 57.75
0.0284278 0 57.76
0.0272675 0 57.77
0.0264939 0 57.78
0.0249468 0 57.79
0.023013 0 57.8
0.0210791 0 57.81
0.0206923 0 57.82
0.0203056 0 57.83
0.0193386 0 57.84
0.0189518 0 57.85
0.0181783 0 57.86
0.0172114 0 57.87
0.0162444 0 57.88
0.0158577 0 57.89
0.0154709 0 57.9
0.0152775 0 57.91
0.0148907 0 57.92
0.0141172 0 57.93
0.0131503 0 57.94
0.0129569 0 57.95
0.0125701 0 57.96
0.0123767 0 57.97
0.0116032 0 57.98
0.0106362 0 57.99
0.0098627 0 58.01
0.00947592 0 58.02
0.00889576 0 58.03
0.00812222 0 58.04
0.00734868 0 58.05
0.00638174 0 58.06
0.00618836 0 58.08
0.00580159 0 58.09
0.00541481 0 58.11
0.00483465 0 58.14
0.00444788 0 58.15
0.00406111 0 58.16
0.00348095 0 58.18
0.00328757 0 58.19
0.00309418 0 58.2
0.00290079 0 58.22
0.00270741 0 58.23
0.00251402 0 58.24
0.00212725 0 58.25
0.00193386 0 58.29
0.00174048 0 58.32
0.00154709 0 58.38
0.0013537 0 58.39
0.00116032 0 58.47
0.000966931 0 58.5
0.000773545 0 58.51
0.000580159 0 58.54
0.000386772 0 58.55
0.000193386 0 58.68
0 0 1.79769e+308
