0.675885 78 106.35
0.675885 77 106.46
0.675691 77 106.64
0.675498 77 106.65
0.675305 76 106.67
0.675111 76 106.68
0.674918 76 106.72
0.674918 75 106.79
0.674918 74 106.81
0.674724 74 106.84
0.674724 73 106.85
0.674724 71 106.89
0.674531 71 106.9
0.674144 71 106.95
0.673757 71 106.96
0.673371 70 106.98
0.673177 67 106.99
0.672984 67 107.02
0.672791 67 107.03
0.67221 66 107.04
0.67221 65 107.05
0.671824 64 107.06
0.671243 63 107.07
0.670857 63 107.08
0.670083 62 107.1
0.66989 60 107.12
0.669503 59 107.14
0.668923 59 107.15
0.668149 59 107.16
0.667956 59 107.17
0.667376 58 107.18
0.666796 57 107.19
0.666409 57 107.21
0.666409 56 107.22
0.666022 55 107.23
0.665442 55 107.24
0.664862 54 107.25
0.664668 54 107.26
0.664475 54 107.27
0.663701 54 107.28
0.662928 54 107.29
0.662734 54 107.3
0.661961 52 107.31
0.660607 52 107.32
0.66022 52 107.33
0.659834 50 107.34
0.65906 49 107.35
0.658287 49 107.36
0.657513 49 107.37
0.657126 49 107.38
0.656159 49 107.39
0.655192 49 107.4
0.654612 49 107.41
0.654225 49 107.42
0.653839 49 107.43
0.652485 49 107.44
0.652292 49 107.45
0.651131 49 107.46
0.650358 49 107.47
0.648811 49 107.48
0.647844 49 107.49
0.647264 47 107.5
0.646683 47 107.51
0.645716 46 107.52
0.645136 45 107.53
0.643783 45 107.54
0.643202 45 107.55
0.642042 45 107.56
0.639915 45 107.57
0.638368 45 107.58
0.637401 45 107.59
0.635467 44 107.6
0.633727 44 107.61
0.631986 43 107.62
0.630632 42 107.63
0.628312 41 107.64
0.627151 41 107.65
0.625991 41 107.66
0.624444 41 107.67
0.622317 40 107.68
0.620576 38 107.69
0.619416 38 107.7
0.617675 38 107.71
0.615548 37 107.72
0.614195 36 107.73
0.613421 36 107.74
0.612261 36 107.75
0.610714 36 107.76
0.608393 36 107.77
0.607813 35 107.78
0.606652 34 107.79
0.604719 34 107.8
0.603172 33 107.81
0.601431 33 107.82
0.600464 32 107.83
0.598337 31 107.84
0.596403 30 107.85
0.594856 30 107.86
0.593696 30 107.87
0.591182 29 107.88
0.588861 29 107.89
0.586927 28 107.9
0.584606 27 107.91
0.583253 26 107.92
0.580932 26 107.93
0.578611 26 107.94
0.576291 26 107.95
0.573583 26 107.96
0.571456 25 107.97
0.568749 25 107.98
0.566622 22 107.99
0.565074 21 108
0.562174 21 108.01
0.56024 20 108.02
0.557146 20 108.03
0.554825 20 108.04
0.552504 20 108.05
0.54941 20 108.06
0.546896 18 108.07
0.543609 18 108.08
0.541288 18 108.09
0.538194 17 108.1
0.533939 17 108.11
0.531232 17 108.12
0.529491 17 108.13
0.526397 16 108.14
0.523303 14 108.15
0.518275 14 108.16
0.515374 12 108.17
0.511313 12 108.18
0.508026 12 108.19
0.502611 12 108.2
0.500097 12 108.21
0.496422 12 108.22
0.493328 11 108.23
0.490041 11 108.24
0.485593 11 108.25
0.480951 11 108.26
0.478631 11 108.27
0.475343 11 108.28
0.470315 11 108.29
0.467801 11 108.3
0.46374 10 108.31
0.460453 10 108.32
0.457165 10 108.33
0.454651 9 108.34
0.45175 9 108.35
0.448076 8 108.36
0.445755 8 108.37
0.441887 8 108.38
0.43744 8 108.39
0.433959 8 108.4
0.430478 8 108.41
0.427577 8 108.42
0.425063 8 108.43
0.421002 8 108.44
0.417714 7 108.45
0.413653 7 108.46
0.409785 7 108.47
0.405337 7 108.48
0.401663 7 108.49
0.398182 6 108.5
0.393928 5 108.51
0.39064 5 108.52
0.385612 4 108.53
0.382131 3 108.54
0.37749 3 108.55
0.373622 3 108.56
0.370141 3 108.57
0.36666 3 108.58
0.363373 3 108.59
0.357571 3 108.6
0.353897 3 108.61
0.348675 3 108.62
0.345194 3 108.63
0.340553 3 108.64
0.333398 3 108.65
0.33011 2 108.66
0.326436 2 108.67
0.321795 2 108.68
0.317347 1 108.69
0.314059 1 108.7
0.309998 1 108.71
0.307097 1 108.72
0.302069 1 108.73
0.298202 1 108.74
0.294334 1 108.75
0.290273 1 108.76
0.286018 1 108.77
0.28215 1 108.78
0.277703 1 108.79
0.274222 1 108.8
0.270741 1 108.81
0.268033 1 108.82
0.263779 1 108.83
0.260298 1 108.84
0.256237 1 108.85
0.252756 0 108.86
0.248114 0 108.87
0.24444 0 108.88
0.24212 0 108.89
0.239412 0 108.9
0.235738 0 108.91
0.231677 0 108.92
0.228969 0 108.93
0.224521 0 108.94
0.22046 0 108.95
0.217753 0 108.96
0.215045 0 108.97
0.211564 0 108.98
0.20847 0 108.99
0.204989 0 109
0.200541 0 109.01
0.195513 0 109.02
0.191839 0 109.03
0.187585 0 109.04
0.184684 0 109.05
0.18217 0 109.06
0.178689 0 109.07
0.175401 0 109.08
0.170567 0 109.09
0.167472 0 109.1
0.164958 0 109.11
0.163411 0 109.12
0.160317 0 109.13
0.15819 0 109.14
0.155482 0 109.15
0.152195 0 109.16
0.149294 0 109.17
0.145813 0 109.18
0.143686 0 109.19
0.141945 0 109.2
0.140012 0 109.21
0.137498 0 109.22
0.134984 0 109.23
0.133243 0 109.24
0.129375 0 109.25
0.125894 0 109.26
0.122994 0 109.27
0.121447 0 109.28
0.119319 0 109.29
0.116032 0 109.3
0.111197 0 109.31
0.10907 0 109.32
0.107136 0 109.33
0.104429 0 109.34
0.102301 0 109.35
0.100367 0 109.36
0.0974666 0 109.37
0.0953394 0 109.38
0.0935989 0 109.39
0.0910849 0 109.4
0.0879907 0 109.41
0.086637 0 109.42
0.0845098 0 109.43
0.0819957 0 109.44
0.0798685 0 109.45
0.0779346 0 109.46
0.0763875 0 109.47
0.0752272 0 109.48
0.0732934 0 109.49
0.072133 0 109.5
0.0700058 0 109.51
0.0678786 0 109.52
0.0655579 0 109.53
0.0628505 0 109.54
0.0614968 0 109.55
0.0593696 0 109.56
0.0576291 0 109.57
0.0564688 0 109.58
0.0551151 0 109.59
0.0541481 0 109.6
0.0527944 0 109.61
0.0508606 0 109.62
0.0493135 0 109.63
0.0481532 0 109.64
0.0454458 0 109.65
0.0442854 0 109.66
0.0423516 0 109.67
0.0413846 0 109.68
0.0396442 0 109.69
0.0380971 0 109.7
0.0371301 0 109.71
0.0363566 0 109.72
0.0359698 0 109.73
0.0355831 0 109.74
0.0346161 0 109.75
0.033069 0 109.76
0.0326823 0 109.77
0.0313286 0 109.78
0.0309418 0 109.79
0.0303616 0 109.8
0.0290079 0 109.81
0.028041 0 109.82
0.0268807 0 109.83
0.0259137 0 109.84
0.0247534 0 109.85
0.0239799 0 109.86
0.0233997 0 109.87
0.0224328 0 109.88
0.0212725 0 109.9
0.0208857 0 109.91
0.0201122 0 109.92
0.0187585 0 109.93
0.0181783 0 109.94
0.0174048 0 109.95
0.0168246 0 109.96
0.0162444 0 109.98
0.0160511 0 110
0.0156643 0 110.01
0.0146974 0 110.02
0.013537 0 110.03
0.0125701 0 110.04
0.0123767 0 110.05
0.0121833 0 110.06
0.0117966 0 110.07
0.0112164 0 110.08
0.011023 0 110.09
0.0108296 0 110.1
0.0104429 0 110.11
0.0098627 0 110.12
0.00947592 0 110.13
0.00908915 0 110.14
0.00850899 0 110.15
0.00831561 0 110.16
0.00812222 0 110.18
0.00792883 0 110.2
0.00676852 0 110.21
0.00657513 0 110.22
0.00638174 0 110.23
0.00522143 0 110.26
0.00502804 0 110.28
0.00464127 0 110.3
0.00406111 0 110.35
0.00386772 0 110.37
0.00328757 0 110.41
0.00309418 0 110.43
0.00270741 0 110.44
0.00251402 0 110.45
0.00232063 0 110.46
0.00193386 0 110.47
0.00174048 0 110.48
0.0013537 0 110.56
0.00116032 0 110.64
0.000966931 0 110.65
0.000773545 0 110.66
0.000580159 0 110.92
0.000386772 0 110.99
0.000193386 0 111.01
0 0 1.79769e+308
