0.462411 171
0.462272 171
0.462272 170
0.46217 170
0.46217 169
0.46217 168
0.462037 168
0.461907 167
0.461781 167
0.461642 167
0.461642 166
0.461642 165
0.461642 164
0.461507 164
0.461385 164
0.461384 162
0.461128 162
0.461128 160
0.46096 158
0.46096 157
0.460852 157
0.460852 156
0.460722 156
0.460649 155
0.460649 154
0.460649 151
0.460436 150
0.460309 150
0.460309 149
0.460309 148
0.459676 148
0.459676 147
0.45967 145
0.459547 145
0.459265 143
0.459265 142
0.459265 141
0.459169 140
0.459082 139
0.459082 138
0.459082 136
0.458685 132
0.458321 131
0.458122 129
0.457881 126
0.457309 125
0.456945 122
0.456945 121
0.456679 120
0.456152 119
0.455932 118
0.455797 117
0.455797 116
0.455652 114
0.45539 114
0.455052 112
0.454888 109
0.454658 108
0.454031 108
0.453889 108
0.453505 107
0.453386 106
0.453264 105
0.45315 103
0.453031 102
0.4528 102
0.452217 101
0.45142 98
0.450994 98
0.450542 96
0.450425 96
0.449823 96
0.449427 96
0.448827 96
0.44856 93
0.447619 92
0.447143 91
0.446187 90
0.44512 88
0.444505 87
0.444253 87
0.443994 86
0.443212 84
0.442439 82
0.441608 81
0.441111 81
0.440363 78
0.439341 76
0.438585 76
0.437717 74
0.436936 74
0.436238 74
0.43533 74
0.434457 72
0.433834 71
0.433507 69
0.432525 68
0.430577 67
0.429294 67
0.428038 64
0.427309 64
0.426263 63
0.425047 62
0.423582 62
0.422337 60
0.420527 59
0.420409 58
0.41951 57
0.418496 55
0.417606 54
0.416375 54
0.416165 54
0.414485 54
0.41345 52
0.41247 51
0.411391 50
0.409477 46
0.407546 45
0.405656 44
0.403459 43
0.401766 41
0.400505 40
0.39894 37
0.397582 37
0.396238 37
0.394985 37
0.393581 36
0.391792 36
0.39058 35
0.389037 34
0.388071 33
0.386606 31
0.384421 29
0.383859 28
0.382142 28
0.380181 27
0.378477 26
0.376836 24
0.374706 24
0.372655 24
0.370809 23
0.368984 21
0.367423 21
0.366042 21
0.363809 20
0.363049 20
0.361469 19
0.359495 19
0.357882 19
0.356538 17
0.355172 17
0.35369 16
0.351776 16
0.349399 16
0.347847 16
0.345583 14
0.343259 13
0.341335 13
0.33803 13
0.335978 12
0.333855 12
0.330983 12
0.327365 12
0.325354 12
0.32352 11
0.322137 11
0.320006 11
0.317344 10
0.315414 10
0.313573 10
0.311567 10
0.308542 10
0.305798 10
0.30307 10
0.30218 10
0.299561 10
0.296156 10
0.292505 10
0.289635 10
0.286824 9
0.28396 9
0.282835 9
0.28057 9
0.277681 8
0.275006 8
0.273064 7
0.270872 7
0.268732 7
0.265446 7
0.262491 7
0.259502 5
0.257227 5
0.254224 5
0.251927 5
0.248959 5
0.24612 5
0.242702 5
0.240331 5
0.237128 5
0.234954 5
0.23186 4
0.228306 4
0.225913 4
0.223251 4
0.22008 3
0.216972 3
0.214211 3
0.211219 3
0.208258 3
0.204781 3
0.201945 3
0.199483 3
0.197468 3
0.195005 3
0.192159 3
0.189964 3
0.187063 3
0.183816 3
0.180126 2
0.177167 2
0.174522 2
0.172018 2
0.169426 2
0.166623 2
0.164732 2
0.161733 2
0.159829 2
0.157023 2
0.155199 2
0.152657 2
0.14998 2
0.147314 2
0.144081 2
0.142292 2
0.140382 2
0.136789 2
0.135011 2
0.132706 2
0.130556 1
0.127897 1
0.125319 1
0.123314 1
0.1214 1
0.118927 1
0.116867 1
0.114579 1
0.112738 1
0.110162 1
0.10785 1
0.106592 1
0.10458 1
0.102114 1
0.100178 1
0.097612 0
0.0960694 0
0.09456 0
0.0922507 0
0.0901869 0
0.0881217 0
0.0864839 0
0.0841347 0
0.0822716 0
0.0811328 0
0.0782284 0
0.0760509 0
0.0746497 0
0.0736089 0
0.0720634 0
0.069907 0
0.0674 0
0.0659904 0
0.0638337 0
0.062589 0
0.0606876 0
0.0592998 0
0.0580103 0
0.0566087 0
0.0552078 0
0.0540514 0
0.0532924 0
0.0514549 0
0.0497928 0
0.0476919 0
0.0461605 0
0.04472 0
0.0432456 0
0.0415672 0
0.0409136 0
0.0389961 0
0.0372116 0
0.0357978 0
0.0340192 0
0.0330018 0
0.031733 0
0.031476 0
0.030577 0
0.0292781 0
0.0278309 0
0.0267769 0
0.0258791 0
0.0248147 0
0.0238895 0
0.0231084 0
0.0227185 0
0.0219262 0
0.0211428 0
0.0201108 0
0.0194688 0
0.0190828 0
0.0187043 0
0.0183151 0
0.0176857 0
0.0172791 0
0.016392 0
0.0156441 0
0.0150011 0
0.0144629 0
0.0139222 0
0.0133996 0
0.0125936 0
0.0114406 0
0.0113218 0
0.0108052 0
0.010687 0
0.0105541 0
0.0097935 0
0.0095371 0
0.00927607 0
0.00888474 0
0.00875204 0
0.00807958 0
0.00782755 0
0.00731238 0
0.00692726 0
0.0064148 0
0.00615998 0
0.00588888 0
0.00562578 0
0.00511701 0
0.00485532 0
0.00443592 0
0.00431613 0
0.00402609 0
0.00390064 0
0.00377831 0
0.0033878 0
0.00312101 0
0.00285424 0
0.00260239 0
0.00234797 0
0.00210263 0
0.00184923 0
0.00171454 0
0.0015741 0
0.00144147 0
0.00119591 0
0.00106358 0
0.000930987 0
0.000660932 0
0.000536874 0
0.000397744 0
0.000264725 0
0.000139603 0
0 0
