0.450059 206
0.44994 206
0.44994 205
0.449838 205
0.449738 205
0.449738 204
0.449738 203
0.449738 202
0.449738 201
0.449601 200
0.449601 199
0.449485 199
0.449485 198
0.449338 198
0.449241 198
0.449241 197
0.449126 196
0.449126 195
0.449005 195
0.448878 195
0.448878 194
0.448745 194
0.448745 193
0.448745 192
0.448745 191
0.448627 191
0.448627 190
0.448617 189
0.448617 188
0.448617 187
0.448483 187
0.448483 186
0.448483 185
0.448355 185
0.448241 185
0.448241 184
0.448241 182
0.448241 181
0.448241 180
0.448241 179
0.448241 178
0.448127 176
0.448003 176
0.44788 176
0.44788 175
0.44788 174
0.44788 173
0.44788 172
0.447815 171
0.447689 170
0.447556 170
0.447556 169
0.447425 167
0.447307 166
0.447167 166
0.447039 166
0.447039 165
0.446925 165
0.446809 165
0.446493 163
0.446493 162
0.446493 160
0.446262 159
0.446262 158
0.446137 158
0.445903 158
0.445774 158
0.445774 157
0.445517 157
0.445252 157
0.44515 157
0.444921 157
0.444437 157
0.444324 156
0.444324 155
0.444208 155
0.443998 154
0.443771 154
0.443514 154
0.443377 153
0.443252 152
0.443143 152
0.443053 151
0.442925 151
0.442919 149
0.442798 148
0.442798 147
0.442798 146
0.442555 146
0.442425 146
0.442271 144
0.442157 144
0.442045 144
0.441933 144
0.441821 144
0.441702 142
0.441341 142
0.441212 142
0.440836 142
0.44072 142
0.440595 141
0.440346 141
0.440257 140
0.439991 140
0.439884 140
0.439754 140
0.439646 140
0.439559 139
0.43948 139
0.43948 138
0.43922 138
0.439122 138
0.438992 138
0.438992 137
0.438755 136
0.438626 136
0.438626 135
0.438626 134
0.438507 134
0.438244 134
0.437865 134
0.437604 133
0.436876 131
0.436617 131
0.436355 131
0.435985 130
0.43593 129
0.435842 127
0.435711 127
0.435442 126
0.435442 125
0.435177 124
0.434923 123
0.434532 123
0.434291 122
0.433947 121
0.433671 121
0.433313 120
0.433313 119
0.432881 118
0.432881 117
0.432796 116
0.432691 116
0.432571 115
0.432467 115
0.432114 115
0.431988 114
0.431899 112
0.431426 110
0.431294 110
0.43095 109
0.43095 107
0.430832 107
0.430706 107
0.430467 107
0.430467 106
0.430209 106
0.430099 106
0.430099 105
0.429994 102
0.429994 101
0.429874 100
0.429649 100
0.429529 100
0.428876 100
0.428761 99
0.428413 98
0.428169 97
0.428069 97
0.428069 96
0.427817 96
0.427817 95
0.427577 95
0.427439 95
0.427439 94
0.427312 93
0.427209 93
0.42708 93
0.426958 93
0.426825 92
0.426689 92
0.426315 89
0.42608 88
0.425952 88
0.425415 88
0.425296 88
0.424851 87
0.424718 87
0.42445 84
0.424322 84
0.424194 82
0.424194 81
0.423955 81
0.423684 80
0.423562 80
0.4232 80
0.422978 80
0.422725 80
0.422597 79
0.422388 79
0.422005 79
0.421875 78
0.421618 78
0.421353 78
0.421097 78
0.420982 78
0.420735 78
0.42051 76
0.42027 76
0.419779 76
0.419654 75
0.419156 75
0.418906 75
0.418411 74
0.417952 73
0.417805 71
0.41766 71
0.417264 69
0.416876 68
0.416046 68
0.415668 68
0.415543 68
0.415423 68
0.41494 68
0.414331 68
0.413951 68
0.413572 68
0.413445 68
0.413039 68
0.413039 67
0.412816 65
0.412401 65
0.412035 65
0.411656 65
0.411176 65
0.410612 64
0.410369 64
0.409746 64
0.409504 63
0.4094 63
0.408511 63
0.407843 62
0.407319 62
0.406955 61
0.406199 61
0.406061 60
0.405825 57
0.404992 57
0.404591 57
0.40436 57
0.403886 57
0.403759 57
0.40313 57
0.402392 57
0.401584 57
0.401069 57
0.400953 57
0.400422 57
0.400166 57
0.399677 57
0.399542 56
0.399079 56
0.398949 55
0.398367 55
0.3976 54
0.396984 52
0.39637 52
0.396119 51
0.395964 50
0.395572 50
0.394842 50
0.394468 50
0.393675 49
0.393304 49
0.393082 49
0.392843 49
0.392234 49
0.391575 49
0.391201 48
0.390733 48
0.390253 47
0.389888 47
0.388914 47
0.388663 47
0.38803 46
0.387772 46
0.387516 46
0.38688 46
0.386639 45
0.386142 45
0.386023 45
0.385506 45
0.384848 44
0.38446 44
0.384337 43
0.38408 43
0.38348 43
0.38348 41
0.382632 41
0.382388 41
0.381838 40
0.381709 40
0.381586 40
0.3811 40
0.380762 40
0.380126 39
0.37896 39
0.378116 39
0.37775 39
0.377235 38
0.376862 38
0.376511 38
0.376158 38
0.376049 38
0.375803 38
0.375016 38
0.374558 38
0.373723 38
0.373221 38
0.372225 38
0.371699 38
0.371358 38
0.371077 37
0.370833 36
0.370446 36
0.369492 36
0.36922 36
0.368829 35
0.368088 35
0.367598 35
0.367075 35
0.366592 35
0.366333 35
0.365593 34
0.365227 34
0.364626 34
0.363928 34
0.363299 34
0.362677 34
0.362276 34
0.361361 34
0.360299 34
0.360027 34
0.359334 34
0.359069 34
0.358715 34
0.358183 33
0.357692 33
0.35678 33
0.356012 33
0.355497 33
0.354778 33
0.35425 32
0.353788 31
0.352871 31
0.352619 30
0.352497 30
0.352112 30
0.351471 30
0.351089 30
0.350413 29
0.349902 29
0.349388 29
0.349267 29
0.349031 29
0.348497 28
0.348266 28
0.347382 28
0.346896 26
0.34652 26
0.346277 25
0.34592 25
0.345322 24
0.345057 24
0.344518 24
0.344033 24
0.343644 24
0.343262 24
0.342339 24
0.341829 24
0.341446 24
0.340951 24
0.340237 24
0.339719 24
0.339343 24
0.338743 24
0.337998 24
0.336848 24
0.336584 24
0.335946 24
0.3356 23
0.334967 22
0.334101 22
0.333713 22
0.333343 22
0.332642 21
0.332085 20
0.331734 19
0.331378 19
0.330962 19
0.330438 19
0.330067 19
0.329694 19
0.329568 19
0.32868 19
0.327898 19
0.32711 19
0.325991 19
0.325486 19
0.324684 18
0.324417 18
0.323926 18
0.32355 18
0.322898 18
0.322407 18
0.322282 18
0.321625 17
0.321253 16
0.320612 16
0.32036 16
0.319573 16
0.319086 16
0.318552 16
0.317688 16
0.316716 16
0.316338 16
0.316208 16
0.316073 16
0.315187 16
0.314162 16
0.313794 15
0.313395 15
0.312366 15
0.31149 15
0.310725 15
0.310086 15
0.309401 15
0.308885 14
0.308123 14
0.307626 14
0.306755 14
0.306039 14
0.305397 14
0.304635 14
0.303886 14
0.302989 14
0.302269 13
0.301637 13
0.300993 13
0.30021 13
0.299739 13
0.298803 13
0.29769 13
0.296826 13
0.295965 13
0.295586 13
0.294801 13
0.293906 13
0.293773 13
0.29315 13
0.29149 13
0.291097 13
0.290592 13
0.289706 13
0.289176 13
0.288297 13
0.28753 13
0.286755 13
0.285882 13
0.284368 13
0.283724 12
0.283324 12
0.282693 12
0.282224 12
0.2807 12
0.280436 12
0.279663 12
0.278786 12
0.277875 12
0.277353 12
0.276172 12
0.275535 12
0.274896 12
0.273589 12
0.273215 12
0.272561 12
0.271803 12
0.270913 12
0.269755 12
0.269121 12
0.2681 11
0.26727 11
0.266093 11
0.265588 11
0.26546 11
0.264298 11
0.263683 11
0.263058 11
0.262447 11
0.261947 11
0.261056 11
0.260057 11
0.25981 11
0.259427 11
0.258427 10
0.257919 10
0.257688 10
0.256922 10
0.256294 10
0.255166 10
0.254458 9
0.253208 9
0.252556 9
0.25152 9
0.249758 9
0.248407 8
0.248145 8
0.247501 8
0.246325 8
0.245684 8
0.245337 8
0.244746 7
0.243889 7
0.243262 7
0.242251 7
0.241345 7
0.240718 7
0.239932 7
0.238427 6
0.23757 5
0.236575 5
0.235556 5
0.235198 5
0.234272 5
0.233256 4
0.232347 4
0.231562 4
0.231306 4
0.230667 4
0.230042 4
0.22941 4
0.229029 4
0.228118 4
0.227872 4
0.227493 4
0.226536 4
0.225759 4
0.225248 4
0.224102 4
0.223088 4
0.222697 4
0.221742 4
0.22124 4
0.219978 4
0.219442 4
0.218908 4
0.218162 4
0.217796 4
0.216392 4
0.215375 4
0.214004 4
0.213007 4
0.211753 4
0.210784 3
0.210124 3
0.209648 3
0.209247 3
0.207372 3
0.206572 3
0.204916 3
0.204424 3
0.203213 3
0.202313 3
0.201135 3
0.200875 3
0.200381 3
0.199372 3
0.199008 3
0.198253 3
0.197235 3
0.196333 3
0.195587 3
0.195204 3
0.193889 3
0.193255 3
0.192725 3
0.191952 3
0.191306 3
0.190147 3
0.189537 3
0.188218 3
0.187966 3
0.187449 3
0.186683 3
0.186173 3
0.18552 3
0.184892 3
0.183719 3
0.183001 3
0.182497 3
0.181454 3
0.18105 3
0.180688 3
0.179976 3
0.179214 3
0.178488 3
0.178124 3
0.177027 2
0.1764 2
0.175629 2
0.17462 2
0.173973 2
0.173577 2
0.173298 2
0.172915 2
0.172524 2
0.171644 2
0.170725 2
0.169946 2
0.169072 2
0.168438 2
0.167815 2
0.167308 2
0.166551 2
0.166049 2
0.165426 2
0.164908 2
0.163631 2
0.162862 2
0.162364 2
0.161078 2
0.160416 2
0.159641 2
0.158979 2
0.158327 2
0.157187 2
0.156323 2
0.156051 2
0.155541 2
0.154921 2
0.154549 2
0.154046 2
0.153033 2
0.1525 2
0.151879 2
0.151742 2
0.151005 2
0.1506 2
0.149209 2
0.148549 2
0.147648 2
0.147003 2
0.146742 2
0.145567 2
0.144529 2
0.143747 2
0.143201 2
0.142169 2
0.14072 2
0.139565 2
0.139052 2
0.138037 2
0.137263 2
0.13636 2
0.135077 2
0.134811 2
0.134258 2
0.133741 2
0.132951 2
0.132034 2
0.131519 2
0.131127 2
0.1306 2
0.129597 2
0.128728 2
0.128339 2
0.127206 2
0.126692 2
0.125939 1
0.125195 1
0.124591 1
0.123382 0
0.121864 0
0.120805 0
0.119905 0
0.11926 0
0.11837 0
0.117611 0
0.116596 0
0.115163 0
0.114495 0
0.11345 0
0.11218 0
0.111913 0
0.111527 0
0.110891 0
0.109852 0
0.108942 0
0.108187 0
0.107557 0
0.107282 0
0.106501 0
0.106124 0
0.105353 0
0.104959 0
0.104439 0
0.103925 0
0.103158 0
0.10263 0
0.101993 0
0.100959 0
0.09983 0
0.0994633 0
0.0993389 0
0.0992183 0
0.0985763 0
0.0983247 0
0.097965 0
0.0971183 0
0.0966254 0
0.0961239 0
0.095609 0
0.0948208 0
0.0946966 0
0.0943118 0
0.0939084 0
0.0932628 0
0.0923699 0
0.0918522 0
0.0911945 0
0.0905208 0
0.0902651 0
0.0896308 0
0.0895041 0
0.0886204 0
0.0879831 0
0.0875931 0
0.0873311 0
0.0868163 0
0.0863003 0
0.0854259 0
0.084519 0
0.0842723 0
0.0841427 0
0.0840172 0
0.0833719 0
0.0828772 0
0.0824852 0
0.0818203 0
0.0812987 0
0.0805567 0
0.0796771 0
0.0787681 0
0.0781443 0
0.0777524 0
0.0769815 0
0.0765927 0
0.0760853 0
0.0755884 0
0.0746951 0
0.0744531 0
0.0739728 0
0.0737207 0
0.0736004 0
0.0726969 0
0.0720653 0
0.0712856 0
0.0708979 0
0.0702803 0
0.0693612 0
0.0684826 0
0.0681113 0
0.0678479 0
0.0677178 0
0.067467 0
0.0668521 0
0.0658286 0
0.0649259 0
0.0648027 0
0.0641925 0
0.0635485 0
0.0629497 0
0.0626985 0
0.0619415 0
0.0613231 0
0.0609283 0
0.0607979 0
0.060282 0
0.0593791 0
0.0587222 0
0.058454 0
0.0579647 0
0.0577119 0
0.0575722 0
0.0573052 0
0.0570567 0
0.0566811 0
0.0562891 0
0.0557755 0
0.0545154 0
0.0538956 0
0.0532398 0
0.0527368 0
0.0519715 0
0.0514399 0
0.0510682 0
0.05044 0
0.0501837 0
0.0499225 0
0.0497883 0
0.0494013 0
0.0492855 0
0.0491496 0
0.0488841 0
0.0484879 0
0.048097 0
0.0479711 0
0.0477393 0
0.0467357 0
0.0464798 0
0.0460879 0
0.0455677 0
0.0454291 0
0.0451676 0
0.0447728 0
0.0446563 0
0.0443752 0
0.0441165 0
0.0438757 0
0.0435214 0
0.0432514 0
0.0427312 0
0.0426148 0
0.0422171 0
0.0418537 0
0.041485 0
0.040841 0
0.0402102 0
0.0395544 0
0.0391836 0
0.0387921 0
0.0383884 0
0.0380129 0
0.0376322 0
0.037232 0
0.0371139 0
0.0368487 0
0.0364752 0
0.0357262 0
0.0355965 0
0.0353309 0
0.0350697 0
0.0348074 0
0.0342886 0
0.0337709 0
0.0331281 0
0.032992 0
0.0328578 0
0.0324891 0
0.0323661 0
0.0319804 0
0.0315994 0
0.0310773 0
0.0309498 0
0.0308244 0
0.0304507 0
0.0302068 0
0.0299486 0
0.0298193 0
0.0294428 0
0.029192 0
0.0288147 0
0.028678 0
0.0281657 0
0.0276499 0
0.0273969 0
0.027131 0
0.0267435 0
0.0262188 0
0.0260775 0
0.0258054 0
0.0256817 0
0.0251684 0
0.0246472 0
0.0243914 0
0.0242582 0
0.024008 0
0.0238847 0
0.0235303 0
0.0233936 0
0.0231403 0
0.0227581 0
0.0222274 0
0.0219566 0
0.0218336 0
0.0215774 0
0.0214532 0
0.0212109 0
0.0209561 0
0.0208206 0
0.020571 0
0.0200792 0
0.0193082 0
0.0189454 0
0.0188037 0
0.0185326 0
0.0183943 0
0.0181319 0
0.0178788 0
0.0177495 0
0.0174962 0
0.0173518 0
0.0167016 0
0.0163198 0
0.0156881 0
0.0151648 0
0.0150232 0
0.0147473 0
0.0145018 0
0.0143761 0
0.0141218 0
0.0138657 0
0.0137587 0
0.0134995 0
0.01338 0
0.0132564 0
0.0129929 0
0.0128682 0
0.0126205 0
0.0122357 0
0.0121 0
0.0118505 0
0.0117243 0
0.0114714 0
0.0113438 0
0.011089 0
0.0107129 0
0.0105819 0
0.0104543 0
0.0103312 0
0.0102032 0
0.0100784 0
0.00982865 0
0.00958431 0
0.00945611 0
0.00920311 0
0.00894181 0
0.00880582 0
0.00867126 0
0.00854647 0
0.0082818 0
0.00814475 0
0.00788808 0
0.00776396 0
0.0076378 0
0.00751357 0
0.00739953 0
0.00713847 0
0.00700475 0
0.00686687 0
0.00673541 0
0.00660359 0
0.00647467 0
0.00635701 0
0.0061089 0
0.00597358 0
0.0058448 0
0.00571738 0
0.0055846 0
0.00532484 0
0.00519451 0
0.00505561 0
0.00492308 0
0.0046716 0
0.00455045 0
0.0044133 0
0.00414965 0
0.00401573 0
0.00388708 0
0.00377332 0
0.00351164 0
0.00326911 0
0.00314919 0
0.00289867 0
0.00277527 0
0.00265628 0
0.00253331 0
0.00227836 0
0.00202722 0
0.00189984 0
0.00176865 0
0.00164638 0
0.00152133 0
0.001399 0
0.00127061 0
0.00114852 0
0.00101219 0
0.000887545 0
0.000754635 0
0.000626521 0
0.00050848 0
0.000385298 0
0.000255159 0
0.00013118 0
0 0
