0.456995 245
0.456995 244
0.456876 244
0.456876 243
0.456876 242
0.456876 241
0.456876 240
0.456876 239
0.456876 238
0.456876 237
0.456774 237
0.456639 237
0.45654 237
0.45654 236
0.45654 235
0.45654 234
0.45654 233
0.456403 232
0.456284 232
0.456284 231
0.456184 231
0.456068 231
0.456068 230
0.456068 229
0.45592 229
0.455823 229
0.455823 228
0.455708 227
0.455708 226
0.455588 226
0.45546 226
0.45546 225
0.455327 225
0.455327 224
0.455199 223
0.455199 221
0.455199 220
0.455199 219
0.45496 219
0.45496 218
0.45495 217
0.45495 216
0.45495 215
0.45495 214
0.45495 213
0.454806 212
0.454806 211
0.454806 209
0.454806 208
0.454806 207
0.454578 207
0.454465 207
0.454465 206
0.454465 204
0.454465 203
0.454465 202
0.454465 200
0.454465 199
0.45435 197
0.454226 197
0.454103 197
0.453981 197
0.453981 196
0.453981 195
0.453981 194
0.453981 193
0.453916 192
0.45379 191
0.453658 191
0.453658 190
0.453527 188
0.453527 187
0.453408 186
0.453268 186
0.45314 186
0.45314 185
0.453026 185
0.452911 185
0.452455 183
0.452455 182
0.452455 180
0.452223 179
0.452087 179
0.452087 178
0.451965 177
0.45184 177
0.451606 177
0.451488 177
0.451359 177
0.451359 176
0.451102 176
0.450837 175
0.450751 174
0.450649 174
0.45042 174
0.449936 174
0.449823 173
0.449823 172
0.449707 172
0.449497 171
0.44927 171
0.449013 171
0.448876 169
0.448751 168
0.448642 168
0.448552 167
0.448424 167
0.448418 165
0.448297 164
0.448297 163
0.448297 162
0.448054 162
0.447924 162
0.44777 160
0.447656 160
0.447544 160
0.447432 160
0.44732 160
0.447092 158
0.446594 158
0.446465 158
0.446089 158
0.445973 158
0.445848 157
0.4456 157
0.44551 156
0.445244 156
0.445138 156
0.445007 156
0.4449 156
0.444813 155
0.444734 155
0.444734 154
0.444474 154
0.444251 154
0.444121 154
0.444121 153
0.443885 151
0.443755 151
0.443755 150
0.443755 149
0.443636 149
0.443373 149
0.443245 149
0.442865 149
0.442605 148
0.441877 146
0.441617 146
0.441499 146
0.441238 146
0.440868 144
0.440859 143
0.44077 141
0.440523 141
0.440254 140
0.440254 139
0.439989 138
0.439735 137
0.439344 137
0.439103 136
0.438759 135
0.438483 135
0.438125 134
0.438125 133
0.437693 132
0.437693 131
0.437693 130
0.437608 129
0.437503 129
0.437383 128
0.437279 128
0.436926 128
0.4368 127
0.436711 125
0.436238 123
0.436106 123
0.435762 122
0.435762 120
0.435645 120
0.435519 120
0.43528 120
0.43528 119
0.435021 119
0.434911 119
0.434911 117
0.434806 114
0.434685 113
0.434564 112
0.434339 112
0.434219 112
0.433566 112
0.433451 110
0.433103 109
0.432859 108
0.432759 108
0.432759 107
0.432507 107
0.432385 106
0.432014 106
0.431875 106
0.431875 105
0.431749 104
0.431645 104
0.431517 104
0.431394 104
0.431261 103
0.431125 103
0.430751 100
0.430516 99
0.430388 99
0.429851 99
0.429732 99
0.429287 98
0.429025 98
0.428629 95
0.428501 95
0.428373 93
0.428373 92
0.428134 92
0.427863 91
0.427609 91
0.427248 90
0.427026 90
0.426636 90
0.426509 89
0.4263 89
0.425917 89
0.425787 88
0.42553 88
0.425265 88
0.425009 88
0.424894 88
0.424646 88
0.424422 86
0.424182 86
0.42369 86
0.423566 85
0.423068 85
0.422729 84
0.422134 83
0.421675 82
0.421528 80
0.421383 80
0.420987 78
0.420598 77
0.419769 77
0.419391 77
0.419266 77
0.419146 77
0.418663 77
0.418054 77
0.417674 77
0.417295 77
0.417046 77
0.41664 77
0.41664 76
0.416417 74
0.416001 74
0.415636 74
0.415257 74
0.414777 74
0.414213 73
0.413969 73
0.413346 73
0.413033 71
0.41293 71
0.41204 71
0.411373 70
0.410849 69
0.410484 68
0.409728 67
0.409591 66
0.409355 63
0.408522 63
0.408121 63
0.407889 63
0.407416 63
0.407288 63
0.40716 63
0.406532 63
0.405793 63
0.404985 63
0.40434 63
0.404223 63
0.403568 63
0.403312 63
0.402823 63
0.402688 62
0.402225 62
0.402095 61
0.401513 61
0.400746 60
0.400131 58
0.399516 58
0.399265 57
0.399111 56
0.398718 56
0.397988 56
0.397614 56
0.396821 55
0.396451 55
0.396229 55
0.395989 55
0.39538 55
0.394722 55
0.394347 54
0.393879 54
0.393399 53
0.393034 53
0.39206 53
0.391809 53
0.391176 51
0.390918 51
0.390662 51
0.390026 51
0.389665 49
0.389065 48
0.388817 48
0.3883 48
0.387642 47
0.387254 47
0.387132 46
0.386875 46
0.386274 46
0.386274 44
0.385427 44
0.385183 44
0.384632 43
0.384504 43
0.38438 43
0.383895 43
0.383557 43
0.382921 42
0.381636 42
0.380792 42
0.380426 42
0.379911 41
0.379538 41
0.379186 41
0.378834 41
0.378725 41
0.378478 41
0.377692 41
0.377233 41
0.376399 41
0.375896 41
0.3749 41
0.374255 41
0.373914 41
0.373633 40
0.373389 39
0.373003 38
0.372048 38
0.371776 38
0.371385 37
0.370644 37
0.370155 37
0.369632 37
0.369148 37
0.368782 37
0.368041 36
0.367675 36
0.367074 36
0.366248 36
0.36562 36
0.364997 36
0.364596 36
0.363682 36
0.362619 36
0.362348 36
0.361654 36
0.361389 36
0.361035 36
0.360504 35
0.360012 35
0.358966 35
0.358199 35
0.357683 35
0.356965 35
0.356437 34
0.355974 33
0.355058 33
0.354805 32
0.354683 32
0.354298 32
0.353552 32
0.35317 32
0.352493 31
0.351983 31
0.351469 31
0.351215 31
0.350978 31
0.350444 30
0.350213 30
0.34933 30
0.348844 28
0.348467 28
0.348225 27
0.347868 27
0.347269 26
0.346863 26
0.346324 26
0.345839 26
0.34545 26
0.345068 26
0.344146 26
0.343635 26
0.343252 26
0.342758 26
0.342043 26
0.341525 26
0.341149 25
0.340549 25
0.339804 25
0.338654 25
0.33839 25
0.337752 25
0.337406 24
0.336648 23
0.335783 23
0.335394 23
0.335024 23
0.334323 22
0.333766 21
0.333415 20
0.332944 20
0.332528 20
0.332003 20
0.331497 20
0.331124 20
0.330998 20
0.33011 20
0.329329 20
0.32854 20
0.327271 20
0.326627 20
0.325826 19
0.325558 19
0.325067 19
0.324692 19
0.323911 19
0.32342 19
0.323295 19
0.322638 18
0.322266 17
0.321625 17
0.321372 17
0.320586 17
0.320099 17
0.319565 17
0.318701 17
0.317729 17
0.317351 17
0.317221 17
0.317086 17
0.3162 17
0.315175 17
0.314807 16
0.314408 16
0.313379 16
0.312503 16
0.311738 16
0.311099 16
0.310414 16
0.309897 15
0.309136 15
0.308639 15
0.307768 15
0.307052 15
0.30641 15
0.305648 15
0.304899 15
0.304002 15
0.303282 14
0.30265 14
0.302006 14
0.301223 14
0.300752 14
0.299816 14
0.298702 14
0.297839 14
0.296978 14
0.296599 14
0.295813 14
0.294919 14
0.294786 14
0.294163 14
0.292503 14
0.29211 14
0.291605 14
0.290719 14
0.290189 14
0.28931 14
0.288543 14
0.287768 14
0.286895 14
0.285381 14
0.284737 13
0.284337 13
0.283706 13
0.283237 13
0.281713 13
0.281449 13
0.280676 13
0.279799 13
0.278888 13
0.278366 13
0.277185 13
0.276548 13
0.275909 13
0.274602 13
0.274228 13
0.273574 13
0.272816 13
0.271926 13
0.270768 13
0.270133 13
0.269113 12
0.268283 12
0.267106 12
0.266475 12
0.266347 12
0.265185 12
0.264571 12
0.263945 12
0.263334 12
0.262835 12
0.261943 12
0.260944 12
0.260697 12
0.260314 12
0.259315 11
0.258806 11
0.258576 11
0.257809 11
0.257181 11
0.256053 11
0.255345 10
0.254096 10
0.253443 10
0.252407 10
0.250645 10
0.249294 9
0.249032 9
0.248389 9
0.247212 9
0.246572 9
0.246224 9
0.245633 8
0.244776 8
0.24415 8
0.243139 8
0.242233 8
0.241605 8
0.240819 8
0.239315 7
0.238458 6
0.237463 6
0.236308 6
0.23595 6
0.235024 6
0.234008 5
0.233099 5
0.232313 5
0.232058 5
0.231418 5
0.230793 5
0.230161 5
0.229781 5
0.22875 5
0.228504 5
0.228125 5
0.227169 5
0.226391 5
0.225771 5
0.224625 5
0.223611 5
0.22322 5
0.222265 5
0.221763 5
0.220383 5
0.219847 5
0.219313 5
0.218567 5
0.218201 5
0.216798 5
0.215781 5
0.21441 5
0.213413 5
0.212159 5
0.21119 4
0.21053 4
0.209917 4
0.209516 4
0.207641 4
0.206841 4
0.205185 4
0.204693 4
0.203482 4
0.202582 4
0.201404 4
0.201144 4
0.20065 4
0.199641 4
0.199277 4
0.198522 4
0.197504 4
0.196603 4
0.195857 4
0.195474 4
0.194158 4
0.193524 4
0.192994 4
0.192221 4
0.191575 4
0.190416 4
0.189806 4
0.188487 4
0.188235 4
0.187718 4
0.186953 4
0.186442 4
0.185789 4
0.185162 4
0.183988 4
0.18327 4
0.182766 4
0.181723 4
0.181319 4
0.180958 4
0.180245 4
0.179483 4
0.178757 4
0.178393 4
0.177296 3
0.176669 3
0.175898 3
0.174889 3
0.174242 3
0.173846 3
0.173567 3
0.173054 3
0.172664 3
0.171783 3
0.170865 3
0.170085 3
0.169212 3
0.168577 3
0.167954 3
0.167447 3
0.166691 3
0.166188 3
0.165565 2
0.165047 2
0.16377 2
0.163002 2
0.162503 2
0.161217 2
0.160556 2
0.15978 2
0.159118 2
0.158466 2
0.157327 2
0.156463 2
0.15619 2
0.15568 2
0.15506 2
0.154689 2
0.154185 2
0.153173 2
0.152639 2
0.152019 2
0.151882 2
0.151144 2
0.150739 2
0.149348 2
0.148689 2
0.147787 2
0.147142 2
0.146882 2
0.145706 2
0.144668 2
0.143886 2
0.14334 2
0.142309 2
0.140859 2
0.139705 2
0.139191 2
0.138177 2
0.137402 2
0.136499 2
0.135216 2
0.134951 2
0.134397 2
0.13388 2
0.132951 2
0.132034 2
0.131519 2
0.131127 2
0.1306 2
0.129597 2
0.128728 2
0.128339 2
0.127206 2
0.126692 2
0.125939 1
0.125195 1
0.124591 1
0.123382 0
0.121864 0
0.120805 0
0.119905 0
0.11926 0
0.11837 0
0.117611 0
0.116596 0
0.115163 0
0.114495 0
0.11345 0
0.11218 0
0.111913 0
0.111527 0
0.110891 0
0.109852 0
0.108942 0
0.108187 0
0.107557 0
0.107282 0
0.106501 0
0.106124 0
0.105353 0
0.104959 0
0.104439 0
0.103925 0
0.103158 0
0.10263 0
0.101993 0
0.100959 0
0.09983 0
0.0994633 0
0.0993389 0
0.0992183 0
0.0985763 0
0.0983247 0
0.097965 0
0.0971183 0
0.0966254 0
0.0961239 0
0.095609 0
0.0948208 0
0.0946966 0
0.0943118 0
0.0939084 0
0.0932628 0
0.0923699 0
0.0918522 0
0.0911945 0
0.0905208 0
0.0902651 0
0.0896308 0
0.0895041 0
0.0886204 0
0.0879831 0
0.0875931 0
0.0873311 0
0.0868163 0
0.0863003 0
0.0854259 0
0.084519 0
0.0842723 0
0.0841427 0
0.0840172 0
0.0833719 0
0.0828772 0
0.0824852 0
0.0818203 0
0.0812987 0
0.0805567 0
0.0796771 0
0.0787681 0
0.0781443 0
0.0777524 0
0.0769815 0
0.0765927 0
0.0760853 0
0.0755884 0
0.0746951 0
0.0744531 0
0.0739728 0
0.0737207 0
0.0736004 0
0.0726969 0
0.0720653 0
0.0712856 0
0.0708979 0
0.0702803 0
0.0693612 0
0.0684826 0
0.0681113 0
0.0678479 0
0.0677178 0
0.067467 0
0.0668521 0
0.0658286 0
0.0649259 0
0.0648027 0
0.0641925 0
0.0635485 0
0.0629497 0
0.0626985 0
0.0619415 0
0.0613231 0
0.0609283 0
0.0607979 0
0.060282 0
0.0593791 0
0.0587222 0
0.058454 0
0.0579647 0
0.0577119 0
0.0575722 0
0.0573052 0
0.0570567 0
0.0566811 0
0.0562891 0
0.0557755 0
0.0545154 0
0.0538956 0
0.0532398 0
0.0527368 0
0.0519715 0
0.0514399 0
0.0510682 0
0.05044 0
0.0501837 0
0.0499225 0
0.0497883 0
0.0494013 0
0.0492855 0
0.0491496 0
0.0488841 0
0.0484879 0
0.048097 0
0.0479711 0
0.0477393 0
0.0467357 0
0.0464798 0
0.0460879 0
0.0455677 0
0.0454291 0
0.0451676 0
0.0447728 0
0.0446563 0
0.0443752 0
0.0441165 0
0.0438757 0
0.0435214 0
0.0432514 0
0.0427312 0
0.0426148 0
0.0422171 0
0.0418537 0
0.041485 0
0.040841 0
0.0402102 0
0.0395544 0
0.0391836 0
0.0387921 0
0.0383884 0
0.0380129 0
0.0376322 0
0.037232 0
0.0371139 0
0.0368487 0
0.0364752 0
0.0357262 0
0.0355965 0
0.0353309 0
0.0350697 0
0.0348074 0
0.0342886 0
0.0337709 0
0.0331281 0
0.032992 0
0.0328578 0
0.0324891 0
0.0323661 0
0.0319804 0
0.0315994 0
0.0310773 0
0.0309498 0
0.0308244 0
0.0304507 0
0.0302068 0
0.0299486 0
0.0298193 0
0.0294428 0
0.029192 0
0.0288147 0
0.028678 0
0.0281657 0
0.0276499 0
0.0273969 0
0.027131 0
0.0267435 0
0.0262188 0
0.0260775 0
0.0258054 0
0.0256817 0
0.0251684 0
0.0246472 0
0.0243914 0
0.0242582 0
0.024008 0
0.0238847 0
0.0235303 0
0.0233936 0
0.0231403 0
0.0227581 0
0.0222274 0
0.0219566 0
0.0218336 0
0.0215774 0
0.0214532 0
0.0212109 0
0.0209561 0
0.0208206 0
0.020571 0
0.0200792 0
0.0193082 0
0.0189454 0
0.0188037 0
0.0185326 0
0.0183943 0
0.0181319 0
0.0178788 0
0.0177495 0
0.0174962 0
0.0173518 0
0.0167016 0
0.0163198 0
0.0156881 0
0.0151648 0
0.0150232 0
0.0147473 0
0.0145018 0
0.0143761 0
0.0141218 0
0.0138657 0
0.0137587 0
0.0134995 0
0.01338 0
0.0132564 0
0.0129929 0
0.0128682 0
0.0126205 0
0.0122357 0
0.0121 0
0.0118505 0
0.0117243 0
0.0114714 0
0.0113438 0
0.011089 0
0.0107129 0
0.0105819 0
0.0104543 0
0.0103312 0
0.0102032 0
0.0100784 0
0.00982865 0
0.00958431 0
0.00945611 0
0.00920311 0
0.00894181 0
0.00880582 0
0.00867126 0
0.00854647 0
0.0082818 0
0.00814475 0
0.00788808 0
0.00776396 0
0.0076378 0
0.00751357 0
0.00739953 0
0.00713847 0
0.00700475 0
0.00686687 0
0.00673541 0
0.00660359 0
0.00647467 0
0.00635701 0
0.0061089 0
0.00597358 0
0.0058448 0
0.00571738 0
0.0055846 0
0.00532484 0
0.00519451 0
0.00505561 0
0.00492308 0
0.0046716 0
0.00455045 0
0.0044133 0
0.00414965 0
0.00401573 0
0.00388708 0
0.00377332 0
0.00351164 0
0.00326911 0
0.00314919 0
0.00289867 0
0.00277527 0
0.00265628 0
0.00253331 0
0.00227836 0
0.00202722 0
0.00189984 0
0.00176865 0
0.00164638 0
0.00152133 0
0.001399 0
0.00127061 0
0.00114852 0
0.00101219 0
0.000887545 0
0.000754635 0
0.000626521 0
0.00050848 0
0.000385298 0
0.000255159 0
0.00013118 0
0 0
