0.453854 79
0.453854 78
0.453854 77
0.453854 76
0.453738 76
0.453732 75
0.453473 75
0.453348 75
0.453229 75
0.453107 75
0.452995 75
0.452872 75
0.452768 75
0.452637 75
0.452502 75
0.452401 75
0.452296 75
0.452159 74
0.451929 73
0.451929 72
0.451796 72
0.451796 70
0.45169 70
0.451563 70
0.451563 69
0.451087 69
0.450703 69
0.450606 68
0.450487 68
0.45036 68
0.45036 67
0.450242 67
0.449995 67
0.449995 65
0.449878 65
0.449364 64
0.448854 63
0.44872 61
0.44861 61
0.448397 61
0.447889 61
0.447638 61
0.44713 60
0.446261 60
0.445524 60
0.445383 59
0.445249 58
0.444712 58
0.444214 58
0.444091 58
0.443617 57
0.443235 57
0.443128 56
0.442748 56
0.442087 56
0.44174 55
0.441258 55
0.440507 55
0.44012 55
0.439364 54
0.438614 54
0.438131 54
0.437171 53
0.436529 53
0.435804 52
0.435062 50
0.43401 50
0.433891 50
0.433242 50
0.432979 49
0.43261 48
0.432003 48
0.430973 47
0.429954 47
0.428936 47
0.427787 47
0.427267 46
0.426838 45
0.426044 45
0.425316 44
0.42371 44
0.422704 44
0.421471 44
0.420685 44
0.419813 44
0.41864 42
0.417497 42
0.416622 42
0.41562 42
0.414507 42
0.41295 41
0.412038 40
0.410255 38
0.407538 36
0.406564 35
0.404888 35
0.403215 35
0.401928 35
0.401021 35
0.399985 34
0.398589 32
0.397148 31
0.39547 29
0.394902 28
0.392471 27
0.390206 27
0.389084 27
0.387316 27
0.385901 27
0.384662 26
0.382553 25
0.381735 25
0.380259 24
0.379114 22
0.377755 21
0.376741 21
0.374636 21
0.372495 20
0.370741 19
0.36877 18
0.367306 18
0.365121 18
0.363748 18
0.361397 18
0.359183 18
0.357691 17
0.355581 16
0.353814 16
0.351886 16
0.349951 16
0.348567 16
0.347342 16
0.345719 16
0.343476 16
0.340408 15
0.337544 15
0.335625 15
0.333178 15
0.331539 15
0.328978 15
0.326776 15
0.324665 15
0.322449 14
0.31992 13
0.317572 12
0.313965 12
0.312397 12
0.310924 12
0.308307 11
0.306316 11
0.304379 11
0.303183 11
0.300597 10
0.297881 9
0.295319 9
0.292273 7
0.289904 7
0.287917 7
0.285168 6
0.281373 6
0.279095 6
0.276896 6
0.27399 6
0.270895 6
0.268633 6
0.266322 6
0.263916 6
0.261186 6
0.258672 6
0.255905 6
0.254303 6
0.251129 6
0.247212 6
0.244586 6
0.240981 6
0.237636 6
0.234358 6
0.231089 6
0.228312 6
0.225944 6
0.222848 6
0.220339 6
0.217968 5
0.213811 5
0.210783 5
0.207827 5
0.204005 5
0.20033 5
0.197568 4
0.194885 4
0.192724 4
0.190393 4
0.187006 3
0.183583 3
0.181785 3
0.178762 2
0.175483 2
0.172189 2
0.170273 2
0.167918 1
0.165536 1
0.162829 1
0.159561 1
0.157365 1
0.154495 1
0.15018 1
0.14704 1
0.144998 1
0.142675 1
0.139861 1
0.137679 1
0.135077 1
0.131223 1
0.12822 1
0.126068 1
0.123215 1
0.120757 1
0.119467 1
0.117365 0
0.115218 0
0.113654 0
0.111244 0
0.109165 0
0.107652 0
0.105472 0
0.103446 0
0.100878 0
0.0988761 0
0.0969227 0
0.0949887 0
0.0931142 0
0.0913452 0
0.0892618 0
0.0871644 0
0.0852689 0
0.0834826 0
0.082209 0
0.0798432 0
0.0778989 0
0.0762434 0
0.0748653 0
0.0730786 0
0.0708575 0
0.0694345 0
0.0678769 0
0.0668531 0
0.0650404 0
0.0633772 0
0.061974 0
0.0605517 0
0.0589591 0
0.0571479 0
0.0554682 0
0.0545562 0
0.0537725 0
0.0521251 0
0.050689 0
0.0491922 0
0.0481616 0
0.0467515 0
0.0448724 0
0.0439596 0
0.0431993 0
0.0419304 0
0.0405356 0
0.0392282 0
0.0380486 0
0.0369014 0
0.0357412 0
0.0354912 0
0.0345101 0
0.0334853 0
0.032455 0
0.0314221 0
0.030782 0
0.030133 0
0.0287446 0
0.0275523 0
0.0269178 0
0.026555 0
0.0259259 0
0.0250423 0
0.0241674 0
0.0237546 0
0.0224661 0
0.02194 0
0.0211846 0
0.0202942 0
0.0196414 0
0.0190072 0
0.0182302 0
0.0176952 0
0.0166832 0
0.0153703 0
0.0140926 0
0.0138175 0
0.0135594 0
0.0129169 0
0.0127038 0
0.0122282 0
0.011621 0
0.0109894 0
0.0107281 0
0.010454 0
0.010321 0
0.0100659 0
0.00954531 0
0.00889054 0
0.00876285 0
0.00850542 0
0.00837412 0
0.00786388 0
0.00722906 0
0.00668051 0
0.00640124 0
0.00605072 0
0.00549978 0
0.00497553 0
0.004289 0
0.00414554 0
0.00389917 0
0.00364087 0
0.00326745 0
0.00300782 0
0.00273838 0
0.0023562 0
0.00221045 0
0.00208753 0
0.00197276 0
0.00185954 0
0.00173016 0
0.00146098 0
0.00132382 0
0.00119372 0
0.0010465 0
0.000912819 0
0.000776364 0
0.000647679 0
0.000516706 0
0.000389662 0
0.00026609 0
0.000130156 0
0 0
