0.489446 783
0.489446 782
0.489402 781
0.489402 780
0.489402 779
0.489296 779
0.489296 778
0.489296 777
0.489296 776
0.489296 775
0.489296 774
0.489296 773
0.489296 772
0.489296 771
0.489296 770
0.489177 768
0.489177 767
0.489177 766
0.489177 765
0.489177 763
0.489177 762
0.489177 761
0.489053 761
0.489053 759
0.489053 757
0.489053 756
0.489053 755
0.489053 754
0.488924 754
0.488924 753
0.488924 751
0.488924 750
0.488924 749
0.488924 748
0.488791 748
0.488791 747
0.488697 745
0.488697 744
0.488697 743
0.488697 742
0.488563 742
0.488563 741
0.488434 740
0.488344 738
0.488344 737
0.488344 736
0.48829 735
0.48829 734
0.488165 733
0.488165 732
0.488165 731
0.488165 730
0.488165 728
0.488165 727
0.488165 726
0.488045 726
0.488045 725
0.488045 724
0.488045 723
0.488045 721
0.488045 719
0.488045 717
0.488014 714
0.487897 714
0.487875 714
0.487875 713
0.487875 712
0.487774 711
0.487656 711
0.487656 708
0.487656 706
0.487525 705
0.487525 703
0.487525 701
0.487525 700
0.487525 697
0.487406 694
0.487406 693
0.487266 693
0.487266 692
0.487266 691
0.487266 690
0.487173 688
0.487173 686
0.487173 685
0.487034 684
0.486873 683
0.486873 682
0.486873 681
0.486873 679
0.486873 678
0.486744 678
0.486523 676
0.486523 675
0.486523 673
0.486523 670
0.486523 668
0.486523 666
0.486523 664
0.486273 663
0.486069 658
0.485938 656
0.48593 651
0.485801 649
0.485801 648
0.485801 647
0.485622 646
0.485488 646
0.485483 643
0.485483 642
0.485358 642
0.485358 639
0.485241 639
0.485118 637
0.485002 633
0.485002 631
0.484894 630
0.484894 629
0.484655 629
0.484622 627
0.484622 626
0.484622 624
0.484507 623
0.484507 620
0.484254 618
0.484254 617
0.484254 616
0.48411 616
0.484012 614
0.483885 613
0.483885 612
0.483761 611
0.483522 609
0.483522 608
0.483522 607
0.483522 606
0.483406 604
0.483406 600
0.483406 599
0.483406 598
0.483406 597
0.483288 593
0.483288 592
0.483288 590
0.483281 587
0.483281 585
0.483149 582
0.483028 581
0.483028 578
0.482892 575
0.482892 574
0.482792 572
0.482792 570
0.482661 569
0.482384 568
0.482384 567
0.482373 565
0.482356 564
0.482252 564
0.482252 561
0.482148 559
0.482148 554
0.482148 552
0.482148 551
0.481912 551
0.481912 547
0.481912 546
0.481883 544
0.481883 543
0.481797 541
0.481668 538
0.481668 536
0.481539 535
0.481392 533
0.481283 532
0.481283 530
0.481093 527
0.480974 526
0.480846 524
0.480733 522
0.480733 520
0.480733 517
0.480616 514
0.480498 514
0.480416 512
0.480416 510
0.48029 509
0.480044 508
0.479662 506
0.479558 505
0.479558 503
0.47954 500
0.47954 499
0.47954 498
0.479458 495
0.479331 495
0.4791 495
0.478877 493
0.478877 491
0.478793 488
0.478545 484
0.478283 483
0.478268 481
0.478193 478
0.478072 476
0.478072 475
0.47795 471
0.47795 469
0.47795 467
0.477824 467
0.477767 466
0.477767 464
0.477642 461
0.477642 459
0.477279 458
0.477274 455
0.47709 453
0.47696 452
0.476851 451
0.476485 449
0.476108 447
0.475833 447
0.475833 443
0.475693 442
0.475598 439
0.475593 437
0.475593 434
0.475372 430
0.474933 427
0.474933 426
0.474793 423
0.474793 421
0.474611 419
0.47436 419
0.474282 415
0.474282 413
0.474008 413
0.473764 411
0.473764 408
0.473518 406
0.473325 404
0.473207 404
0.473207 403
0.473207 402
0.472946 401
0.472814 397
0.472814 395
0.472698 393
0.472597 392
0.472597 390
0.472597 388
0.472597 387
0.472334 386
0.472185 381
0.472005 379
0.472005 378
0.472005 376
0.471731 374
0.471731 372
0.471676 371
0.471676 369
0.471543 369
0.471301 368
0.471094 368
0.470832 364
0.470574 364
0.470574 363
0.470458 362
0.470323 362
0.470224 361
0.469997 361
0.469874 361
0.469744 361
0.469744 360
0.469489 360
0.469357 360
0.469104 358
0.468968 358
0.468706 355
0.468545 354
0.468545 353
0.468429 353
0.468015 348
0.467752 348
0.467752 347
0.467503 345
0.467237 344
0.466882 342
0.466768 339
0.466639 335
0.466229 334
0.466229 333
0.465837 329
0.465837 328
0.465624 327
0.465383 326
0.465383 323
0.465383 322
0.465257 322
0.465257 319
0.465129 318
0.464876 314
0.464876 313
0.464876 311
0.464574 310
0.464368 307
0.464121 306
0.464072 303
0.463928 299
0.463674 296
0.463286 295
0.463286 293
0.462911 291
0.462794 290
0.462676 289
0.461762 287
0.461244 285
0.460613 281
0.460478 280
0.460107 276
0.459869 275
0.459732 274
0.459606 274
0.459467 272
0.459231 272
0.459107 271
0.458739 271
0.458634 270
0.45853 270
0.458054 268
0.45778 264
0.457672 263
0.457589 261
0.457315 261
0.45696 258
0.456712 258
0.456712 257
0.456456 256
0.456332 254
0.456095 253
0.455849 250
0.455403 248
0.454798 247
0.454556 243
0.454427 241
0.454044 239
0.453935 237
0.453547 234
0.4533 234
0.453045 233
0.452667 231
0.45241 229
0.452289 226
0.451954 225
0.45165 223
0.451459 220
0.451348 220
0.451127 215
0.450368 215
0.450265 214
0.450142 213
0.449887 211
0.449744 211
0.449361 210
0.449117 209
0.448592 209
0.448362 207
0.447908 206
0.447494 202
0.447171 201
0.446827 201
0.44659 201
0.446037 200
0.445699 200
0.445314 199
0.445079 197
0.444957 197
0.44491 196
0.444658 195
0.444079 194
0.443596 193
0.443221 193
0.442985 191
0.442732 190
0.442251 189
0.442021 189
0.441749 188
0.441125 186
0.440858 186
0.440774 185
0.440531 184
0.440286 182
0.44027 180
0.43993 178
0.43933 178
0.439089 178
0.438607 176
0.4381 176
0.43797 176
0.437578 175
0.437074 174
0.436947 171
0.436235 170
0.435647 168
0.435151 167
0.434755 167
0.434133 166
0.433817 165
0.433712 165
0.433386 164
0.433142 162
0.432714 158
0.432086 157
0.43183 156
0.43159 156
0.431221 156
0.430814 156
0.430682 156
0.430303 154
0.430198 153
0.429964 152
0.429754 150
0.429366 148
0.428814 147
0.428576 147
0.428324 147
0.427935 145
0.42757 144
0.427345 144
0.426962 143
0.426901 142
0.42677 140
0.426654 140
0.426374 139
0.426136 137
0.42578 135
0.42555 134
0.425315 133
0.424994 132
0.424733 131
0.424023 131
0.423748 130
0.423353 130
0.422987 129
0.42285 125
0.422599 125
0.422525 124
0.422052 124
0.421677 124
0.421429 123
0.421179 123
0.42044 123
0.419818 123
0.419208 122
0.418852 122
0.418498 122
0.417775 120
0.416514 120
0.416382 119
0.415767 119
0.41536 116
0.414997 115
0.414619 115
0.414512 113
0.413888 112
0.413675 110
0.413299 110
0.412954 108
0.41246 107
0.412217 107
0.411716 103
0.41137 103
0.410797 102
0.410276 102
0.409879 102
0.409388 102
0.409388 101
0.409175 100
0.408316 100
0.407831 99
0.407319 99
0.406473 97
0.40599 97
0.405248 96
0.405116 96
0.404643 96
0.404288 94
0.403649 93
0.402891 93
0.402421 93
0.402159 92
0.401909 92
0.400654 91
0.400166 90
0.399778 88
0.398908 88
0.398765 88
0.398268 87
0.397902 86
0.397286 86
0.396114 86
0.395399 86
0.39524 85
0.394609 84
0.394356 83
0.393667 82
0.393359 81
0.39299 81
0.392735 81
0.39157 80
0.391075 79
0.390835 77
0.390716 77
0.390202 77
0.389692 76
0.389327 75
0.388719 74
0.387909 72
0.387909 71
0.38648 69
0.386137 68
0.385546 68
0.385278 68
0.384782 68
0.38419 68
0.383439 66
0.383322 66
0.38282 66
0.38244 66
0.381328 65
0.381056 65
0.380342 64
0.379807 64
0.37916 64
0.378777 64
0.378267 64
0.378166 63
0.377698 62
0.377319 62
0.376636 62
0.376291 62
0.376038 62
0.375611 60
0.374622 59
0.373228 59
0.37252 57
0.372014 57
0.371545 56
0.371081 55
0.3706 55
0.36947 55
0.368687 54
0.368061 54
0.367434 53
0.366299 53
0.36605 53
0.365034 53
0.364774 53
0.364428 52
0.363896 51
0.363281 51
0.362811 51
0.362549 51
0.361894 50
0.361763 50
0.361228 50
0.360595 49
0.359629 48
0.358473 48
0.357811 47
0.357564 47
0.356533 46
0.355625 46
0.354805 45
0.354314 45
0.35417 45
0.353912 43
0.353251 43
0.352621 43
0.351875 43
0.350386 43
0.349598 43
0.348579 43
0.348081 43
0.347222 43
0.346823 43
0.34645 43
0.345446 43
0.344004 43
0.343368 43
0.34243 41
0.341821 41
0.341064 41
0.340438 41
0.339936 41
0.338609 40
0.338124 40
0.337607 39
0.336836 39
0.336581 37
0.336096 36
0.335452 36
0.334541 36
0.334161 36
0.333259 35
0.332622 35
0.332112 35
0.331335 35
0.33107 34
0.330699 34
0.329774 34
0.328893 34
0.328397 34
0.327136 34
0.32674 34
0.326398 34
0.325875 34
0.325229 34
0.324987 34
0.324149 33
0.32377 33
0.323281 32
0.322893 32
0.321885 32
0.32114 31
0.320867 31
0.320215 31
0.319213 31
0.318954 30
0.318699 30
0.317833 30
0.317386 30
0.31612 28
0.315694 27
0.3147 27
0.314056 27
0.313542 27
0.312893 27
0.312138 27
0.311634 27
0.310712 27
0.309967 27
0.309324 26
0.308771 25
0.307635 25
0.30751 25
0.306783 24
0.306135 23
0.30561 22
0.305106 21
0.304075 21
0.303202 21
0.302161 21
0.301537 21
0.300759 21
0.299501 20
0.29912 19
0.298262 19
0.297384 17
0.297269 17
0.296636 17
0.295762 17
0.294961 17
0.294211 17
0.293074 16
0.291923 16
0.291248 16
0.290346 16
0.289742 16
0.288969 16
0.288687 15
0.287588 15
0.286245 14
0.285311 13
0.284538 13
0.28404 13
0.283263 13
0.282386 13
0.281507 13
0.280976 12
0.28007 12
0.279468 12
0.278961 12
0.278441 12
0.278064 12
0.276946 12
0.275694 12
0.274684 12
0.273867 12
0.27309 12
0.272303 12
0.271499 12
0.270872 12
0.270367 12
0.268995 12
0.268366 12
0.267334 12
0.266596 12
0.266477 12
0.265736 12
0.265228 12
0.264493 12
0.26437 12
0.263202 12
0.261523 12
0.260726 12
0.259599 11
0.259071 11
0.258292 11
0.256912 11
0.256107 10
0.254833 10
0.254339 10
0.253252 9
0.252725 9
0.251689 9
0.251068 9
0.249844 9
0.248451 9
0.24808 9
0.247947 8
0.246795 8
0.245768 7
0.244847 7
0.244242 7
0.243515 7
0.242977 7
0.242603 7
0.241563 7
0.240122 7
0.238417 7
0.237895 7
0.237075 7
0.236078 7
0.235553 7
0.23454 7
0.234013 7
0.233526 7
0.232868 7
0.232451 7
0.231575 7
0.231179 7
0.230165 7
0.229276 7
0.228036 6
0.226893 6
0.226102 6
0.225593 6
0.224589 6
0.223831 6
0.223076 6
0.222423 6
0.22149 6
0.220339 6
0.219704 6
0.219183 6
0.218646 6
0.217898 6
0.217384 6
0.21627 6
0.214321 6
0.213454 6
0.212565 6
0.211933 6
0.210499 6
0.209594 6
0.20908 6
0.208289 6
0.20704 6
0.206671 6
0.206419 6
0.205105 6
0.204569 6
0.203821 6
0.202803 6
0.202537 6
0.201258 6
0.200241 6
0.199191 6
0.198828 6
0.197787 6
0.196392 6
0.195811 6
0.195425 6
0.195031 6
0.194411 6
0.193638 6
0.192593 6
0.192094 6
0.19119 6
0.189548 6
0.188784 6
0.187849 6
0.18675 5
0.186148 5
0.185746 5
0.185249 5
0.184115 5
0.183395 5
0.182606 5
0.180844 4
0.179928 4
0.179053 4
0.178172 4
0.177278 4
0.176394 4
0.175662 4
0.175393 4
0.174465 4
0.173725 4
0.173331 4
0.172312 4
0.17168 4
0.170657 4
0.169755 3
0.168621 3
0.167685 3
0.16732 3
0.166672 3
0.16555 3
0.16504 3
0.164404 3
0.16392 3
0.163205 2
0.162712 2
0.162093 2
0.161362 2
0.16059 2
0.159811 2
0.159463 2
0.158468 2
0.157811 2
0.156783 2
0.156144 2
0.155518 2
0.154511 2
0.153269 2
0.151973 2
0.151306 2
0.150408 2
0.149898 2
0.149139 2
0.148361 2
0.147724 2
0.14723 2
0.146831 2
0.146178 2
0.145521 2
0.144758 2
0.144381 2
0.143357 2
0.142576 2
0.141687 2
0.140928 2
0.140319 2
0.13912 2
0.138475 2
0.13796 2
0.137192 2
0.136585 2
0.136221 2
0.135721 2
0.135201 2
0.13427 2
0.133022 2
0.132516 2
0.131733 2
0.131228 1
0.130747 1
0.129628 1
0.128992 1
0.128231 1
0.127687 1
0.126581 1
0.125949 1
0.125423 1
0.124764 1
0.123973 1
0.123587 1
0.122577 1
0.121672 1
0.121409 1
0.120911 1
0.120446 1
0.119925 1
0.119665 1
0.11926 1
0.118832 1
0.11809 1
0.117594 1
0.11709 1
0.116574 1
0.11622 1
0.115341 1
0.114684 1
0.11407 1
0.113289 1
0.112243 1
0.111842 1
0.111231 1
0.110444 1
0.109569 1
0.108391 1
0.107627 1
0.107387 1
0.106888 1
0.10585 1
0.105202 1
0.104809 1
0.104187 1
0.103697 1
0.103078 1
0.102824 1
0.101929 1
0.101064 1
0.100697 1
0.0999543 1
0.0995751 1
0.0989168 1
0.0980116 1
0.0973307 1
0.0969654 1
0.0967261 1
0.0955569 1
0.0951992 1
0.0944202 1
0.0938971 1
0.0932708 1
0.092482 1
0.0914966 1
0.0907174 1
0.090602 1
0.0901847 1
0.0895874 1
0.0893403 1
0.0889495 1
0.0884467 1
0.0878409 1
0.087328 1
0.0869323 1
0.0861503 1
0.0859008 1
0.0852687 1
0.0848871 1
0.0843671 1
0.0840912 1
0.0833201 1
0.0827936 1
0.0820482 1
0.081786 1
0.0814214 1
0.0806563 1
0.0800096 1
0.07975 1
0.0791273 1
0.0789905 1
0.078235 1
0.0774956 1
0.0768572 1
0.0766092 1
0.076353 1
0.0759645 1
0.075463 1
0.0747049 1
0.0741797 1
0.0739277 1
0.0731649 1
0.0726586 1
0.0720243 1
0.0716482 1
0.071032 1
0.0706519 1
0.0704033 1
0.0700226 1
0.0697749 1
0.0695277 1
0.06902 1
0.0685321 1
0.0682684 1
0.0680174 1
0.0675278 1
0.0670252 1
0.0662003 1
0.0657057 1
0.0653236 1
0.064541 1
0.0642989 1
0.0633985 1
0.0628886 1
0.0624057 1
0.0617512 1
0.0609634 1
0.0606934 1
0.0599401 1
0.0595653 1
0.0589336 1
0.0585533 1
0.0578871 1
0.0572418 1
0.0565817 1
0.0558258 1
0.0554373 1
0.0549065 1
0.0547718 1
0.0543698 1
0.0538583 1
0.0534532 1
0.0528312 1
0.0523133 1
0.0521743 1
0.0512657 1
0.0506272 1
0.0502315 1
0.0495979 1
0.0493356 1
0.0489296 1
0.0487985 1
0.048423 1
0.0475021 1
0.0473794 1
0.0469854 1
0.0464771 1
0.0459584 1
0.0452109 1
0.0445761 1
0.0441981 1
0.044078 1
0.0436059 1
0.0429751 1
0.0424908 1
0.0423555 1
0.0422319 1
0.0421005 1
0.0413158 1
0.0411933 1
0.040949 1
0.0408277 1
0.0403033 1
0.0400542 1
0.0399151 1
0.0395309 1
0.0388873 1
0.0387525 1
0.0383775 1
0.0382503 1
0.0379912 1
0.0372471 1
0.0369864 1
0.0361978 1
0.0360728 1
0.0355775 1
0.0353216 1
0.0347993 1
0.03454 1
0.0339038 1
0.033535 1
0.0334099 1
0.0332884 1
0.0330364 1
0.0329096 1
0.0322658 1
0.0320344 1
0.0318952 1
0.0316339 1
0.0314952 1
0.0313677 1
0.0312443 1
0.030861 1
0.0306109 1
0.0303466 1
0.0301062 1
0.0296173 1
0.0292221 1
0.0289701 1
0.0285909 1
0.0282313 0
0.0281078 0
0.0278432 0
0.0273281 0
0.0270738 0
0.0266966 0
0.0265674 0
0.0262917 0
0.0260404 0
0.0259062 0
0.0257725 0
0.0255067 0
0.0251235 0
0.024865 0
0.0245021 0
0.0243716 0
0.0239885 0
0.0238627 0
0.02335 0
0.0229546 0
0.022825 0
0.0226913 0
0.0224407 0
0.0219389 0
0.0214415 0
0.0213058 0
0.0211713 0
0.020663 0
0.0204022 0
0.0202866 0
0.0201577 0
0.0199003 0
0.0197752 0
0.0196372 0
0.0195062 0
0.0192485 0
0.0191252 0
0.0190007 0
0.0188739 0
0.0187419 0
0.018239 0
0.0178795 0
0.0177477 0
0.0174694 0
0.0172072 0
0.0170826 0
0.0169457 0
0.016536 0
0.0164095 0
0.0160322 0
0.0159102 0
0.0156539 0
0.0155184 0
0.0153932 0
0.0151271 0
0.0149986 0
0.014613 0
0.014487 0
0.0142383 0
0.014096 0
0.0139724 0
0.0137106 0
0.0135762 0
0.0134449 0
0.0133097 0
0.0130638 0
0.0127866 0
0.012659 0
0.0125442 0
0.0124263 0
0.0121647 0
0.0120367 0
0.0119054 0
0.0116674 0
0.0114043 0
0.0111507 0
0.0108855 0
0.0107525 0
0.0106236 0
0.0104944 0
0.010355 0
0.0102262 0
0.0101008 0
0.00997304 0
0.00971938 0
0.0095829 0
0.00944445 0
0.00905771 0
0.00894503 0
0.00873106 0
0.00859855 0
0.00845965 0
0.00833162 0
0.00820763 0
0.0080787 0
0.00794824 0
0.00781902 0
0.0076833 0
0.00742001 0
0.00728577 0
0.00715509 0
0.00701085 0
0.00688318 0
0.00675686 0
0.00663389 0
0.00650857 0
0.00638121 0
0.00624768 0
0.00613084 0
0.0060124 0
0.00587198 0
0.00563261 0
0.00550651 0
0.00537843 0
0.00525728 0
0.00513316 0
0.00501332 0
0.00488152 0
0.00449337 0
0.00436157 0
0.004238 0
0.00397186 0
0.00383837 0
0.00370718 0
0.00357191 0
0.00345057 0
0.00318339 0
0.00305192 0
0.00291761 0
0.00278897 0
0.00253552 0
0.00240656 0
0.00227145 0
0.00215511 0
0.00201666 0
0.00188994 0
0.00163704 0
0.00149726 0
0.00124407 0
0.00111718 0
0.00100941 0
0.000877114 0
0.00075268 0
0.000624375 0
0.000502307 0
0.000374857 0
0.000245358 0
0.000121955 0
0 0
