0.443177 61
0.443061 61
0.442926 61
0.442804 61
0.442669 61
0.442568 61
0.442462 61
0.44234 61
0.44234 60
0.44234 59
0.442099 59
0.441971 59
0.441705 59
0.441609 58
0.44149 58
0.441362 58
0.441245 58
0.441114 58
0.441114 57
0.440599 56
0.440225 55
0.440165 54
0.440054 54
0.439841 54
0.439333 54
0.439083 54
0.438581 54
0.437959 54
0.437337 54
0.437195 53
0.437061 52
0.436651 52
0.436153 52
0.43603 52
0.4358 51
0.435535 51
0.435429 50
0.435182 50
0.434926 50
0.434579 49
0.433993 49
0.433242 49
0.433119 49
0.432455 49
0.43184 49
0.431458 49
0.430601 47
0.430076 47
0.42935 46
0.428608 44
0.427695 44
0.427576 44
0.427061 44
0.426925 44
0.426556 43
0.426054 43
0.425281 43
0.424403 43
0.423656 43
0.422629 43
0.42211 42
0.42168 41
0.420886 41
0.420158 40
0.418675 40
0.417927 39
0.416818 39
0.416032 39
0.415287 39
0.414455 38
0.413587 38
0.412712 38
0.411825 38
0.410846 38
0.409494 38
0.408852 37
0.407325 35
0.404852 33
0.403878 32
0.402202 32
0.400654 32
0.399474 32
0.398669 32
0.397633 31
0.39645 30
0.395258 29
0.393815 28
0.393321 28
0.39089 27
0.38862 27
0.387498 27
0.38573 27
0.384315 27
0.383076 26
0.381093 25
0.380274 25
0.378897 24
0.377752 22
0.376393 21
0.375379 21
0.373272 21
0.37113 20
0.36949 19
0.367478 18
0.366017 18
0.364091 18
0.362717 18
0.360365 18
0.358384 18
0.357027 17
0.355039 16
0.35327 16
0.351125 16
0.34919 16
0.347927 16
0.346702 16
0.345079 16
0.342836 16
0.339996 15
0.337269 15
0.335349 15
0.332902 15
0.331263 15
0.328701 15
0.326499 15
0.32452 15
0.322304 14
0.319775 13
0.317427 12
0.31382 12
0.312251 12
0.310891 12
0.308274 11
0.306284 11
0.304346 11
0.303252 11
0.30067 10
0.2982 9
0.295636 9
0.29259 7
0.290221 7
0.288234 7
0.285485 6
0.281691 6
0.279413 6
0.277208 6
0.274302 6
0.271207 6
0.268945 6
0.266633 6
0.264228 6
0.261497 6
0.258962 6
0.256194 6
0.254713 6
0.251397 6
0.247479 6
0.244854 6
0.241366 6
0.238021 6
0.234732 6
0.231462 6
0.228686 6
0.226317 6
0.223221 6
0.220712 6
0.218336 5
0.214179 5
0.21115 5
0.208073 5
0.204124 5
0.200449 5
0.197687 4
0.195118 4
0.192957 4
0.190626 4
0.187238 3
0.183815 3
0.182018 3
0.178994 2
0.175716 2
0.172422 2
0.170506 2
0.16815 1
0.165769 1
0.163062 1
0.159794 1
0.157598 1
0.154728 1
0.150413 1
0.147273 1
0.145231 1
0.142782 1
0.140093 1
0.137911 1
0.135309 1
0.131453 1
0.12845 1
0.126298 1
0.123445 1
0.120876 1
0.119586 1
0.117484 0
0.115337 0
0.113773 0
0.111362 0
0.109284 0
0.107771 0
0.105591 0
0.103565 0
0.100997 0
0.098995 0
0.0970416 0
0.0951099 0
0.0932355 0
0.0914664 0
0.089383 0
0.0872857 0
0.0853902 0
0.0836038 0
0.0823302 0
0.0799644 0
0.077902 0
0.0762465 0
0.0748684 0
0.0730817 0
0.0708606 0
0.0694375 0
0.06788 0
0.0668561 0
0.0650435 0
0.0633802 0
0.0619771 0
0.0605548 0
0.0589621 0
0.057151 0
0.0554713 0
0.0545592 0
0.0537756 0
0.0521282 0
0.0506867 0
0.0491899 0
0.0481593 0
0.0467492 0
0.0448731 0
0.0439603 0
0.0432 0
0.0419311 0
0.0405363 0
0.0392289 0
0.0380493 0
0.0369021 0
0.0357419 0
0.0354919 0
0.0345108 0
0.033486 0
0.0324557 0
0.0314228 0
0.0307827 0
0.0301337 0
0.0287446 0
0.0275523 0
0.0269178 0
0.026555 0
0.0259259 0
0.0250423 0
0.0241674 0
0.0237546 0
0.0224661 0
0.02194 0
0.0211846 0
0.0202942 0
0.0196414 0
0.0190072 0
0.0182302 0
0.0176952 0
0.0166832 0
0.0153703 0
0.0140926 0
0.0138175 0
0.0135594 0
0.0129169 0
0.0127038 0
0.0122282 0
0.011621 0
0.0109894 0
0.0107281 0
0.010454 0
0.010321 0
0.0100659 0
0.00954531 0
0.00889054 0
0.00876285 0
0.00850542 0
0.00837412 0
0.00786388 0
0.00722906 0
0.00668051 0
0.00640124 0
0.00605072 0
0.00549978 0
0.00497553 0
0.004289 0
0.00414554 0
0.00389917 0
0.00364087 0
0.00326745 0
0.00300782 0
0.00273838 0
0.0023562 0
0.00221045 0
0.00208753 0
0.00197276 0
0.00185954 0
0.00173016 0
0.00146098 0
0.00132382 0
0.00119372 0
0.0010465 0
0.000912819 0
0.000776364 0
0.000647679 0
0.000516706 0
0.000389662 0
0.00026609 0
0.000130156 0
0 0
