0.661961 92 54.36
0.661961 91 54.62
0.661768 91 54.63
0.661768 90 54.65
0.661768 89 54.73
0.661768 88 54.74
0.661381 88 54.76
0.661187 88 54.77
0.660994 88 54.79
0.660801 88 54.8
0.660607 88 54.81
0.660414 88 54.84
0.66022 88 54.86
0.660027 88 54.89
0.659834 88 54.92
0.65964 88 54.96
0.659447 88 54.98
0.659254 87 55
0.658867 86 55.01
0.658867 85 55.03
0.658673 85 55.04
0.65848 85 55.06
0.65848 83 55.07
0.658287 83 55.08
0.658093 83 55.09
0.6579 83 55.1
0.6579 82 55.11
0.657126 81 55.12
0.656546 81 55.13
0.656546 80 55.15
0.656353 79 55.16
0.656353 78 55.17
0.656159 78 55.18
0.655773 78 55.19
0.655773 76 55.2
0.655579 76 55.21
0.654806 74 55.22
0.654032 73 55.23
0.653645 71 55.24
0.653452 71 55.25
0.653065 71 55.26
0.652292 70 55.27
0.651905 70 55.28
0.651131 69 55.29
0.649778 69 55.3
0.648811 69 55.31
0.648811 68 55.32
0.648617 67 55.33
0.64765 67 55.34
0.646683 67 55.35
0.64649 67 55.36
0.645523 66 55.37
0.644943 66 55.38
0.644556 65 55.39
0.643976 65 55.4
0.642816 65 55.41
0.642236 64 55.42
0.641269 64 55.43
0.640108 64 55.44
0.639915 64 55.45
0.638755 63 55.46
0.637594 63 55.47
0.636821 63 55.48
0.63566 61 55.49
0.6345 61 55.5
0.63334 60 55.51
0.632373 59 55.52
0.631019 59 55.53
0.630826 59 55.54
0.629665 59 55.55
0.629085 58 55.56
0.628312 57 55.57
0.626958 57 55.58
0.625218 55 55.59
0.623284 55 55.6
0.621737 55 55.61
0.619609 55 55.62
0.618256 54 55.63
0.617289 53 55.64
0.615548 53 55.65
0.614775 53 55.66
0.612454 53 55.67
0.610714 51 55.68
0.608973 51 55.69
0.607813 51 55.7
0.606459 51 55.71
0.604912 49 55.72
0.602978 49 55.73
0.601818 49 55.74
0.600077 49 55.75
0.59853 49 55.76
0.596403 48 55.77
0.594469 47 55.78
0.592149 45 55.79
0.588861 43 55.8
0.58712 42 55.81
0.584606 42 55.82
0.582286 42 55.83
0.580352 42 55.84
0.578805 42 55.85
0.577258 41 55.86
0.575711 39 55.87
0.573197 38 55.88
0.570683 36 55.89
0.569909 34 55.9
0.566041 33 55.91
0.562754 33 55.92
0.561013 33 55.93
0.558693 33 55.94
0.556565 33 55.95
0.554825 32 55.96
0.551537 31 55.97
0.550377 31 55.98
0.54825 30 55.99
0.546316 28 56
0.544382 27 56.01
0.543028 27 56.02
0.539934 27 56.03
0.53684 26 56.04
0.533939 25 56.05
0.531425 23 56.06
0.528911 23 56.07
0.525817 22 56.08
0.523883 22 56.09
0.519822 22 56.1
0.515761 22 56.11
0.513827 21 56.12
0.510926 19 56.13
0.508219 19 56.14
0.504931 19 56.15
0.502031 19 56.16
0.49971 19 56.17
0.497969 19 56.18
0.495842 19 56.19
0.492748 19 56.2
0.488494 17 56.21
0.484239 17 56.22
0.481145 17 56.23
0.477857 17 56.24
0.47573 17 56.25
0.472056 17 56.26
0.467995 17 56.27
0.4649 17 56.28
0.462386 16 56.29
0.458905 15 56.3
0.455618 14 56.31
0.450783 14 56.32
0.448463 14 56.33
0.446142 14 56.34
0.442081 13 56.35
0.439373 13 56.36
0.436086 13 56.37
0.434539 13 56.38
0.430478 12 56.39
0.426803 11 56.4
0.422936 11 56.41
0.418294 9 56.42
0.414427 9 56.43
0.411719 9 56.44
0.407658 8 56.45
0.40263 8 56.46
0.399149 8 56.47
0.395862 8 56.48
0.391027 8 56.49
0.385999 8 56.5
0.382518 8 56.51
0.37923 8 56.52
0.375363 8 56.53
0.371495 8 56.54
0.367627 8 56.55
0.364146 8 56.56
0.361439 8 56.57
0.356024 8 56.58
0.350609 8 56.59
0.347322 8 56.6
0.342487 8 56.61
0.337459 8 56.62
0.332624 8 56.63
0.32779 8 56.64
0.323535 8 56.65
0.319281 8 56.66
0.314639 8 56.67
0.310772 8 56.68
0.307291 7 56.69
0.301489 6 56.7
0.296848 6 56.71
0.29182 6 56.72
0.285825 6 56.73
0.280797 6 56.74
0.276929 5 56.75
0.273641 5 56.76
0.270741 5 56.77
0.267646 5 56.78
0.262812 4 56.79
0.257977 4 56.8
0.255463 4 56.81
0.251015 3 56.82
0.246761 3 56.83
0.241926 3 56.84
0.239605 3 56.85
0.236318 2 56.86
0.232644 2 56.87
0.228969 2 56.88
0.224135 2 56.89
0.22104 2 56.9
0.216593 2 56.91
0.210404 2 56.92
0.205763 2 56.93
0.203056 2 56.94
0.199381 2 56.95
0.195513 2 56.96
0.192419 2 56.97
0.188165 2 56.98
0.182557 2 56.99
0.178882 2 57
0.176175 2 57.01
0.172114 2 57.02
0.168633 2 57.03
0.166892 2 57.04
0.163605 1 57.05
0.160511 1 57.06
0.15819 1 57.07
0.155096 1 57.08
0.152388 1 57.09
0.150261 1 57.1
0.14736 0 57.11
0.144653 0 57.12
0.140979 0 57.13
0.138078 0 57.14
0.13537 0 57.15
0.132663 0 57.16
0.129956 0 57.17
0.127248 0 57.18
0.123961 0 57.19
0.12164 0 57.2
0.118933 0 57.21
0.116225 0 57.22
0.114485 0 57.23
0.11081 0 57.24
0.108103 0 57.25
0.105976 0 57.26
0.104235 0 57.27
0.101721 0 57.28
0.098627 0 57.29
0.0966931 0 57.3
0.0945658 0 57.31
0.0930188 0 57.32
0.0903114 0 57.33
0.0877973 0 57.34
0.0860569 0 57.35
0.0847032 0 57.36
0.0823825 0 57.37
0.0798685 0 57.38
0.0775479 0 57.39
0.0761942 0 57.4
0.0748405 0 57.41
0.0723264 0 57.42
0.0701992 0 57.43
0.0680719 0 57.44
0.0665249 0 57.45
0.064591 0 57.46
0.0616902 0 57.47
0.0605299 0 57.48
0.0593696 0 57.49
0.0574357 0 57.5
0.0555018 0 57.51
0.053568 0 57.52
0.0524077 0 57.53
0.0506672 0 57.54
0.0493135 0 57.55
0.0489267 0 57.56
0.0477664 0 57.57
0.0464127 0 57.58
0.0448656 0 57.59
0.0433185 0 57.6
0.042545 0 57.61
0.041578 0 57.62
0.0394508 0 57.63
0.0379037 0 57.64
0.0371301 0 57.65
0.03655 0 57.66
0.0355831 0 57.67
0.0342294 0 57.68
0.0332624 0 57.69
0.0328757 0 57.7
0.0309418 0 57.71
0.0301682 0 57.72
0.0292013 0 57.73
0.0278476 0 57.74
0.0266873 0 57.75
0.0259137 0 57.76
0.0247534 0 57.77
0.0239799 0 57.78
0.0224328 0 57.79
0.0204989 0 57.8
0.0191452 0 57.81
0.0189518 0 57.82
0.0185651 0 57.83
0.0175981 0 57.84
0.0172114 0 57.85
0.0164378 0 57.86
0.0154709 0 57.87
0.0146974 0 57.88
0.0143106 0 57.89
0.0139238 0 57.9
0.0137304 0 57.91
0.0133436 0 57.92
0.0125701 0 57.93
0.0116032 0 57.94
0.0114098 0 57.95
0.011023 0 57.96
0.0108296 0 57.97
0.0102495 0 57.98
0.00947592 0 57.99
0.00889576 0 58.01
0.00870238 0 58.02
0.00812222 0 58.03
0.00773545 0 58.04
0.0069619 0 58.05
0.00599497 0 58.06
0.00580159 0 58.08
0.00541481 0 58.09
0.00502804 0 58.11
0.00464127 0 58.14
0.0042545 0 58.15
0.00386772 0 58.16
0.00328757 0 58.18
0.00309418 0 58.19
0.00290079 0 58.2
0.00270741 0 58.22
0.00251402 0 58.23
0.00232063 0 58.24
0.00193386 0 58.25
0.00174048 0 58.29
0.00154709 0 58.32
0.0013537 0 58.38
0.00116032 0 58.39
0.000966931 0 58.5
0.000773545 0 58.51
0.000580159 0 58.54
0.000386772 0 58.55
0.000193386 0 58.68
0 0 1.79769e+308
