0.678786 127 106.29
0.678786 126 106.53
0.678786 125 106.54
0.678786 124 106.59
0.678786 123 106.61
0.678786 122 106.62
0.678592 122 106.63
0.678399 122 106.67
0.678399 121 106.69
0.678205 121 106.7
0.678012 120 106.72
0.677819 120 106.73
0.677625 120 106.76
0.677432 120 106.79
0.677238 120 106.8
0.676852 120 106.83
0.676658 120 106.85
0.676465 120 106.86
0.676272 119 106.87
0.676272 118 106.89
0.676272 117 106.9
0.676078 116 106.92
0.675885 116 106.94
0.675498 116 106.95
0.675305 116 106.96
0.674918 116 106.97
0.674531 113 106.98
0.674144 112 106.99
0.673757 112 107.01
0.673564 111 107.03
0.673177 109 107.05
0.672984 108 107.06
0.672791 105 107.07
0.672791 104 107.08
0.672017 104 107.11
0.671824 104 107.12
0.67163 104 107.13
0.671243 103 107.14
0.671243 102 107.15
0.670857 102 107.16
0.67047 101 107.17
0.670083 100 107.18
0.669696 98 107.19
0.669503 98 107.2
0.668729 97 107.21
0.667956 95 107.22
0.667376 94 107.23
0.666989 94 107.24
0.666215 93 107.25
0.666022 92 107.26
0.665635 91 107.27
0.665055 90 107.28
0.664862 90 107.29
0.663895 89 107.3
0.663121 88 107.31
0.662541 86 107.32
0.661961 84 107.33
0.661768 83 107.34
0.661381 83 107.35
0.660801 82 107.36
0.660027 79 107.37
0.65906 78 107.38
0.6579 78 107.39
0.657706 78 107.4
0.657513 77 107.41
0.65732 77 107.42
0.656933 76 107.43
0.656546 75 107.44
0.656159 74 107.45
0.654999 73 107.46
0.654032 72 107.47
0.653259 72 107.48
0.652678 70 107.49
0.652098 67 107.5
0.651518 66 107.51
0.650745 66 107.52
0.649971 66 107.53
0.649197 65 107.54
0.648231 65 107.55
0.647264 64 107.56
0.646683 63 107.57
0.645716 62 107.58
0.644363 62 107.59
0.643202 62 107.6
0.641655 60 107.61
0.640688 60 107.62
0.639722 60 107.63
0.638755 60 107.64
0.638174 57 107.65
0.637208 57 107.66
0.636047 56 107.67
0.634693 56 107.68
0.634307 56 107.69
0.63334 56 107.7
0.631406 56 107.71
0.629279 56 107.72
0.627151 56 107.73
0.625798 54 107.74
0.624057 53 107.75
0.622897 52 107.76
0.62135 51 107.77
0.618062 51 107.78
0.616709 51 107.79
0.615355 51 107.8
0.614195 51 107.81
0.613034 51 107.82
0.611681 49 107.83
0.608973 49 107.84
0.608393 48 107.85
0.607233 47 107.86
0.605492 45 107.87
0.602591 45 107.88
0.600851 45 107.89
0.59795 44 107.9
0.596596 42 107.91
0.595243 42 107.92
0.593502 42 107.93
0.591568 39 107.94
0.589828 36 107.95
0.587701 36 107.96
0.58422 34 107.97
0.583253 34 107.98
0.580932 32 107.99
0.578031 32 108
0.575131 30 108.01
0.57281 28 108.02
0.570489 28 108.03
0.568942 27 108.04
0.566815 25 108.05
0.565074 24 108.06
0.56082 24 108.07
0.558886 24 108.08
0.557919 24 108.09
0.556372 24 108.1
0.554825 23 108.11
0.552698 22 108.12
0.550764 22 108.13
0.54709 21 108.14
0.543609 21 108.15
0.541675 21 108.16
0.539741 19 108.17
0.536453 19 108.18
0.533359 19 108.19
0.530265 19 108.2
0.527944 19 108.21
0.525237 18 108.22
0.521756 18 108.23
0.518468 18 108.24
0.515954 17 108.25
0.512667 17 108.26
0.509379 16 108.27
0.507059 15 108.28
0.504931 15 108.29
0.501257 14 108.3
0.498356 14 108.31
0.495262 14 108.32
0.492168 14 108.33
0.48888 13 108.34
0.48656 13 108.35
0.482112 13 108.36
0.478824 13 108.37
0.475923 13 108.38
0.472636 13 108.39
0.468768 12 108.4
0.466254 12 108.41
0.46258 11 108.42
0.459486 11 108.43
0.456391 11 108.44
0.453491 11 108.45
0.450203 11 108.46
0.447109 11 108.47
0.442468 10 108.48
0.43918 10 108.49
0.436473 9 108.5
0.433378 9 108.51
0.429511 9 108.52
0.42603 8 108.53
0.423129 8 108.54
0.417908 8 108.55
0.41404 7 108.56
0.410559 6 108.57
0.405724 6 108.58
0.402823 6 108.59
0.397989 6 108.6
0.396248 6 108.61
0.393734 6 108.62
0.389093 6 108.63
0.385999 6 108.64
0.380971 6 108.65
0.377683 5 108.66
0.372268 5 108.67
0.366854 5 108.68
0.362986 4 108.69
0.359505 3 108.7
0.356991 3 108.71
0.35467 3 108.72
0.350029 2 108.73
0.347322 2 108.74
0.34326 2 108.75
0.339006 2 108.76
0.335332 2 108.77
0.329723 2 108.78
0.325082 2 108.79
0.320441 2 108.8
0.31696 2 108.81
0.311545 2 108.82
0.307097 2 108.83
0.302069 2 108.84
0.297235 2 108.85
0.293173 2 108.86
0.289112 2 108.87
0.284664 2 108.88
0.28041 2 108.89
0.276349 1 108.9
0.271901 1 108.91
0.269 0 108.92
0.265713 0 108.93
0.260878 0 108.94
0.257397 0 108.95
0.252756 0 108.96
0.248114 0 108.97
0.24386 0 108.98
0.239025 0 108.99
0.235738 0 109
0.232257 0 109.01
0.228776 0 109.02
0.224908 0 109.03
0.222394 0 109.04
0.217753 0 109.05
0.214852 0 109.06
0.209437 0 109.07
0.204989 0 109.08
0.202475 0 109.09
0.198994 0 109.1
0.1959 0 109.11
0.192806 0 109.12
0.189905 0 109.13
0.187198 0 109.14
0.18449 0 109.15
0.18159 0 109.16
0.176368 0 109.17
0.1725 0 109.18
0.170567 0 109.19
0.16902 0 109.2
0.166506 0 109.21
0.163218 0 109.22
0.160511 0 109.23
0.15761 0 109.24
0.155482 0 109.25
0.152968 0 109.26
0.151228 0 109.27
0.14794 0 109.28
0.146393 0 109.29
0.141945 0 109.3
0.137304 0 109.31
0.134597 0 109.32
0.131503 0 109.33
0.129762 0 109.34
0.126475 0 109.35
0.124541 0 109.36
0.12222 0 109.37
0.118739 0 109.38
0.116805 0 109.39
0.114678 0 109.4
0.11139 0 109.41
0.109263 0 109.42
0.106943 0 109.43
0.103462 0 109.44
0.102688 0 109.45
0.0992071 0 109.46
0.0974666 0 109.47
0.0957262 0 109.48
0.0924386 0 109.49
0.0903114 0 109.5
0.0889576 0 109.51
0.0860569 0 109.52
0.0835428 0 109.53
0.080642 0 109.54
0.078128 0 109.55
0.0760008 0 109.56
0.0736801 0 109.57
0.072133 0 109.58
0.070586 0 109.59
0.0700058 0 109.6
0.0688455 0 109.61
0.0676852 0 109.62
0.067105 0 109.63
0.064591 0 109.64
0.0628505 0 109.65
0.0616902 0 109.66
0.0599497 0 109.67
0.0584026 0 109.68
0.0570489 0 109.69
0.0553085 0 109.7
0.0529878 0 109.71
0.0512473 0 109.72
0.0497003 0 109.73
0.0483465 0 109.74
0.0466061 0 109.75
0.0454458 0 109.76
0.0444788 0 109.77
0.0429317 0 109.78
0.0413846 0 109.79
0.0402243 0 109.8
0.0392574 0 109.81
0.0382905 0 109.82
0.0371301 0 109.83
0.0359698 0 109.84
0.0355831 0 109.85
0.0342294 0 109.86
0.0324889 0 109.87
0.0315219 0 109.88
0.0309418 0 109.89
0.030555 0 109.9
0.0299749 0 109.91
0.0290079 0 109.92
0.028041 0 109.93
0.0266873 0 109.94
0.0261071 0 109.95
0.0253336 0 109.96
0.0239799 0 109.97
0.0233997 0 109.98
0.023013 0 109.99
0.0214659 0 110
0.0210791 0 110.01
0.0204989 0 110.02
0.0187585 0 110.03
0.0175981 0 110.04
0.0174048 0 110.05
0.0164378 0 110.06
0.0160511 0 110.07
0.0156643 0 110.08
0.0150841 0 110.09
0.0146974 0 110.1
0.0139238 0 110.11
0.013537 0 110.12
0.0123767 0 110.13
0.0121833 0 110.14
0.0117966 0 110.15
0.0114098 0 110.16
0.011023 0 110.17
0.0108296 0 110.2
0.0104429 0 110.21
0.0100561 0 110.22
0.00966931 0 110.23
0.00928254 0 110.24
0.00908915 0 110.25
0.00870238 0 110.26
0.00831561 0 110.27
0.00812222 0 110.28
0.00773545 0 110.29
0.00734868 0 110.3
0.00715529 0 110.31
0.00657513 0 110.32
0.00638174 0 110.33
0.00618836 0 110.35
0.00580159 0 110.36
0.0056082 0 110.38
0.00541481 0 110.39
0.00483465 0 110.4
0.00444788 0 110.41
0.0042545 0 110.42
0.00386772 0 110.43
0.00328757 0 110.44
0.00309418 0 110.46
0.00290079 0 110.47
0.00270741 0 110.5
0.00251402 0 110.51
0.00212725 0 110.54
0.00174048 0 110.56
0.0013537 0 110.7
0.00116032 0 110.71
0.000966931 0 110.76
0.000773545 0 110.89
0.000580159 0 110.9
0.000386772 0 110.92
0.000193386 0 111.01
0 0 1.79769e+308
