0.485304 735
0.485304 734
0.48526 733
0.48526 732
0.48526 731
0.485153 731
0.485153 730
0.485153 729
0.485153 728
0.485153 727
0.485153 726
0.485153 725
0.485153 724
0.485035 722
0.485035 721
0.485035 720
0.485035 719
0.485035 717
0.485035 716
0.485035 715
0.484911 715
0.484911 713
0.484911 711
0.484911 710
0.484911 709
0.484911 708
0.484911 707
0.484911 705
0.484911 704
0.484911 703
0.484911 702
0.484778 702
0.484778 701
0.484683 699
0.484683 698
0.484683 697
0.484683 696
0.48455 696
0.48455 695
0.484421 694
0.484331 692
0.484331 691
0.484277 690
0.484277 689
0.484152 688
0.484152 687
0.484152 686
0.484152 684
0.484152 683
0.484152 682
0.484032 682
0.484032 681
0.484032 680
0.484032 679
0.484032 677
0.484032 675
0.484032 673
0.484001 671
0.483884 671
0.483862 671
0.483862 670
0.483862 669
0.483761 668
0.483643 668
0.483643 665
0.483643 663
0.483643 662
0.483643 660
0.483643 658
0.483643 657
0.483643 654
0.483524 651
0.483524 650
0.483384 650
0.483384 649
0.483384 648
0.483384 647
0.483291 645
0.483291 643
0.483291 642
0.483152 641
0.48299 640
0.48299 639
0.48299 638
0.48299 636
0.48299 635
0.482861 635
0.48264 634
0.48264 633
0.48264 631
0.48264 629
0.48264 627
0.48264 625
0.48264 624
0.48239 623
0.482186 618
0.482055 616
0.482047 612
0.481919 610
0.481919 609
0.481919 608
0.481739 607
0.481605 607
0.4816 605
0.4816 604
0.481476 604
0.481476 601
0.481359 601
0.481235 599
0.48112 594
0.48112 592
0.481011 591
0.481011 590
0.480772 590
0.48074 588
0.48074 587
0.48074 585
0.480624 584
0.480624 583
0.480371 581
0.480371 580
0.480371 579
0.480228 579
0.48013 577
0.480003 576
0.47988 575
0.47964 573
0.47964 572
0.47964 571
0.47964 570
0.479525 568
0.479525 564
0.479525 563
0.479525 562
0.479525 561
0.479406 557
0.479406 556
0.479406 554
0.479399 552
0.479399 551
0.479267 548
0.479146 547
0.479146 544
0.47901 541
0.47901 540
0.47891 538
0.47891 536
0.478779 535
0.478373 534
0.478373 533
0.478362 531
0.478345 530
0.478242 530
0.478242 528
0.478137 526
0.478137 523
0.478137 522
0.478137 521
0.477901 521
0.477901 518
0.477901 517
0.477872 515
0.477872 514
0.477787 512
0.477657 510
0.477657 508
0.477528 507
0.477381 505
0.477272 504
0.477272 502
0.477082 499
0.476963 498
0.476836 496
0.476722 494
0.476722 492
0.476722 489
0.476605 487
0.476487 487
0.476405 486
0.476405 484
0.476279 483
0.476033 482
0.475651 480
0.475547 479
0.475547 477
0.475529 474
0.475529 473
0.475529 472
0.475447 469
0.47532 469
0.475089 469
0.474866 467
0.474866 466
0.474782 463
0.474535 459
0.474272 458
0.474256 456
0.474181 453
0.47406 452
0.47406 451
0.473938 446
0.473938 444
0.473938 442
0.473812 442
0.473755 441
0.473755 439
0.47363 436
0.47363 434
0.473267 433
0.473262 430
0.473077 428
0.472947 427
0.472839 426
0.472473 424
0.472096 422
0.471821 422
0.471821 420
0.471681 419
0.471586 416
0.471581 414
0.471581 411
0.47136 407
0.470921 404
0.470781 401
0.470781 399
0.470599 398
0.470348 398
0.47027 394
0.47027 392
0.469996 392
0.469877 390
0.469877 387
0.46963 385
0.469438 383
0.46932 383
0.46932 382
0.46932 381
0.469059 380
0.468927 376
0.468927 374
0.468811 372
0.46871 371
0.46871 369
0.46871 367
0.46871 366
0.468446 365
0.468298 360
0.468118 359
0.468118 358
0.468118 356
0.467844 354
0.467844 353
0.467789 352
0.467789 350
0.467548 349
0.46734 349
0.467078 345
0.46682 345
0.46682 344
0.466704 343
0.466569 343
0.46647 342
0.466243 342
0.465974 342
0.465844 342
0.465844 341
0.465589 341
0.465458 341
0.465204 339
0.465068 339
0.464806 336
0.464645 335
0.464645 333
0.464529 333
0.464245 328
0.463982 328
0.463982 327
0.463732 325
0.463467 324
0.463111 322
0.462997 319
0.462868 315
0.462595 314
0.462203 310
0.462203 309
0.46199 308
0.461749 307
0.461749 304
0.461749 303
0.461623 303
0.461623 300
0.461495 299
0.461371 295
0.461371 294
0.461371 293
0.46107 292
0.460864 289
0.460617 288
0.460568 286
0.460424 282
0.460168 279
0.459779 278
0.459779 276
0.459405 274
0.459287 273
0.459169 272
0.458255 270
0.457748 268
0.457117 264
0.456982 263
0.456611 260
0.456373 259
0.456241 258
0.456114 258
0.455975 256
0.45574 256
0.455616 255
0.455247 255
0.455143 254
0.455038 254
0.454562 253
0.454289 249
0.454181 248
0.454098 246
0.453824 246
0.453469 243
0.453221 243
0.453221 242
0.452964 241
0.452841 239
0.452604 238
0.452358 235
0.451912 233
0.45154 232
0.451299 228
0.45117 226
0.450787 224
0.450678 222
0.45029 219
0.450041 219
0.449787 218
0.449409 216
0.449152 214
0.449031 212
0.448696 211
0.448392 209
0.448201 207
0.448091 207
0.447869 202
0.44711 202
0.447007 201
0.446772 200
0.446516 198
0.446373 198
0.44599 197
0.445608 196
0.445084 196
0.444854 194
0.4444 193
0.443986 189
0.443663 188
0.443319 188
0.443082 188
0.442529 187
0.442191 187
0.441809 186
0.441573 184
0.441451 184
0.441404 183
0.441148 182
0.440569 181
0.440085 180
0.43971 180
0.439475 178
0.439222 178
0.43874 177
0.43851 177
0.438238 176
0.437614 174
0.437347 174
0.437264 173
0.43702 172
0.436776 170
0.436759 168
0.43642 166
0.435819 166
0.435578 166
0.435097 164
0.434469 164
0.434339 164
0.434088 163
0.433826 162
0.433699 159
0.432987 158
0.432399 156
0.4319 156
0.431504 156
0.430883 155
0.430677 154
0.430572 154
0.430246 153
0.430002 151
0.429574 147
0.428946 146
0.42869 145
0.42845 145
0.428081 145
0.427674 145
0.427542 145
0.427163 143
0.427058 142
0.426824 141
0.426614 139
0.426233 137
0.425825 136
0.425587 136
0.425335 136
0.424945 134
0.42458 133
0.424355 133
0.423973 132
0.423912 131
0.423781 129
0.423665 129
0.423385 128
0.423146 126
0.42279 124
0.422668 123
0.422433 122
0.422112 121
0.421851 120
0.421141 120
0.420866 119
0.420471 119
0.420105 118
0.419968 114
0.419717 114
0.419642 113
0.41917 113
0.418795 113
0.418547 112
0.418297 112
0.417689 112
0.417066 112
0.416566 112
0.41621 112
0.415856 112
0.415133 110
0.413872 110
0.41374 110
0.413125 110
0.412718 107
0.412355 106
0.411977 106
0.411869 104
0.411246 103
0.411033 101
0.410657 101
0.410312 99
0.409813 98
0.40957 98
0.409069 94
0.40882 94
0.408247 93
0.407725 93
0.407336 93
0.406844 93
0.406844 92
0.406631 91
0.405772 91
0.405287 90
0.404776 90
0.403929 88
0.403446 88
0.402705 87
0.402573 87
0.4021 87
0.401745 85
0.401104 84
0.400346 84
0.3999 84
0.399637 83
0.399387 83
0.398133 82
0.397644 81
0.397257 79
0.396386 79
0.396244 79
0.395747 78
0.39538 77
0.394765 77
0.393733 77
0.393019 77
0.39275 76
0.392119 75
0.391865 74
0.391176 73
0.390869 72
0.3905 72
0.390244 72
0.38908 71
0.388698 70
0.388458 68
0.388339 68
0.387825 68
0.387331 66
0.386966 66
0.38623 65
0.38542 63
0.383991 62
0.383648 61
0.38307 60
0.382801 60
0.382305 60
0.381713 60
0.380963 58
0.380846 58
0.380343 58
0.380087 58
0.378975 57
0.378703 57
0.377989 56
0.377592 56
0.376945 56
0.376562 56
0.376052 56
0.375951 55
0.375483 54
0.375104 54
0.374421 54
0.374076 54
0.373823 54
0.373396 52
0.372409 51
0.371015 51
0.370428 49
0.369921 49
0.36945 48
0.368986 48
0.368505 48
0.367375 48
0.366591 47
0.365966 47
0.365339 46
0.364204 46
0.363955 46
0.362939 46
0.362684 46
0.362338 45
0.361805 44
0.361191 44
0.36083 44
0.360568 44
0.359913 43
0.35978 43
0.359245 43
0.35862 43
0.357653 42
0.356755 42
0.356094 41
0.355848 41
0.354816 40
0.353908 40
0.353089 39
0.352597 39
0.352454 39
0.352196 37
0.351535 37
0.350906 37
0.350158 37
0.348669 37
0.347881 37
0.346862 37
0.346363 37
0.345505 37
0.345106 37
0.344732 37
0.343729 37
0.342291 37
0.341655 37
0.340718 35
0.340114 35
0.339356 35
0.33873 35
0.338151 34
0.336825 33
0.336339 33
0.335822 33
0.335054 33
0.334798 31
0.334321 30
0.333676 30
0.332766 30
0.332386 30
0.331483 29
0.330847 29
0.330337 29
0.329559 29
0.329295 28
0.328924 28
0.327998 28
0.327118 28
0.326622 28
0.325361 28
0.324964 28
0.324623 28
0.3241 28
0.323454 28
0.323212 28
0.322468 28
0.322089 28
0.3216 28
0.321212 28
0.320204 28
0.319459 27
0.319186 27
0.318668 27
0.317666 27
0.317407 27
0.317152 27
0.316286 27
0.315839 27
0.314577 26
0.314151 25
0.313158 25
0.312513 25
0.311999 25
0.31135 25
0.310595 25
0.310091 25
0.30917 25
0.308425 25
0.307781 24
0.307228 23
0.306093 23
0.305967 23
0.30524 22
0.304592 21
0.304068 20
0.303564 19
0.302532 19
0.30166 19
0.300619 19
0.299994 19
0.299216 19
0.297959 18
0.297578 17
0.296724 17
0.295846 15
0.295731 15
0.295098 15
0.294224 15
0.293423 15
0.292673 15
0.291536 15
0.290385 15
0.289709 15
0.288808 15
0.288204 15
0.287431 15
0.287149 14
0.28605 14
0.284816 13
0.283883 12
0.28311 12
0.282728 12
0.281951 12
0.281075 12
0.280196 12
0.279664 11
0.278759 11
0.278156 11
0.27765 11
0.27713 11
0.276752 11
0.275634 11
0.274382 11
0.273379 11
0.27256 11
0.271783 11
0.270996 11
0.270192 11
0.269682 11
0.269177 11
0.267804 11
0.267176 11
0.266143 11
0.265407 11
0.265288 11
0.264547 11
0.264039 11
0.263304 11
0.263181 11
0.262013 11
0.260334 11
0.259537 11
0.25841 10
0.257882 10
0.257104 10
0.255723 10
0.254918 9
0.253644 9
0.25315 9
0.252163 8
0.251636 8
0.2506 8
0.249987 8
0.248862 8
0.247476 8
0.247104 8
0.246971 7
0.245819 7
0.244792 6
0.24387 6
0.243265 6
0.242538 6
0.241999 6
0.241626 6
0.240585 6
0.239145 6
0.237439 6
0.236917 6
0.236097 6
0.2351 6
0.234576 6
0.233563 6
0.233036 6
0.232548 6
0.231891 6
0.231474 6
0.230597 6
0.230202 6
0.229188 6
0.22843 6
0.22719 5
0.226183 5
0.225507 5
0.224998 5
0.223994 5
0.223236 5
0.222481 5
0.221828 5
0.220895 5
0.219744 5
0.219109 5
0.218588 5
0.218051 5
0.217303 5
0.216788 5
0.215674 5
0.213726 5
0.212858 5
0.211969 5
0.211338 5
0.209904 5
0.208998 5
0.208485 5
0.207694 5
0.206445 5
0.206076 5
0.205824 5
0.204509 5
0.203976 5
0.203228 5
0.20221 5
0.201944 5
0.200665 5
0.199648 5
0.198598 5
0.198235 5
0.197194 5
0.1958 5
0.195219 5
0.194833 5
0.194439 5
0.193818 5
0.193045 5
0.192001 5
0.191501 5
0.190598 5
0.188955 5
0.188197 5
0.187262 5
0.186163 4
0.18556 4
0.185159 4
0.184662 4
0.183528 4
0.182808 4
0.182019 4
0.180257 3
0.179341 3
0.178465 3
0.177585 3
0.17669 3
0.175807 3
0.175075 3
0.174806 3
0.173878 3
0.173138 3
0.172744 3
0.171724 3
0.171093 3
0.170069 3
0.169168 2
0.168034 2
0.167098 2
0.166732 2
0.166218 2
0.165097 2
0.164586 2
0.16395 2
0.163467 2
0.162847 2
0.162354 2
0.161734 2
0.161004 2
0.160232 2
0.159452 2
0.159105 2
0.15811 2
0.157453 2
0.156425 2
0.155786 2
0.15516 2
0.154153 2
0.152911 2
0.151614 2
0.150948 2
0.15005 2
0.14954 2
0.148781 2
0.148003 2
0.147366 2
0.146872 2
0.146474 2
0.14582 2
0.145164 2
0.1444 2
0.144023 2
0.143013 2
0.142232 2
0.141343 2
0.140584 2
0.139975 2
0.138776 2
0.138131 2
0.137616 2
0.136848 2
0.136241 2
0.135877 2
0.135378 2
0.134857 2
0.133926 2
0.132678 2
0.132172 2
0.131389 2
0.130885 1
0.130403 1
0.129285 1
0.128648 1
0.127887 1
0.127343 1
0.126237 1
0.125606 1
0.125079 1
0.12442 1
0.123629 1
0.123243 1
0.122369 1
0.121464 1
0.121201 1
0.120703 1
0.120238 1
0.119717 1
0.119457 1
0.119052 1
0.118624 1
0.117882 1
0.117386 1
0.116882 1
0.116366 1
0.116012 1
0.115235 1
0.114578 1
0.113964 1
0.113184 1
0.112137 1
0.111736 1
0.111125 1
0.110338 1
0.109463 1
0.108285 1
0.107521 1
0.107281 1
0.106782 1
0.105742 1
0.105094 1
0.104701 1
0.10408 1
0.103589 1
0.102971 1
0.102717 1
0.101822 1
0.100956 1
0.100589 1
0.0998468 1
0.0994676 1
0.0988093 1
0.0979041 1
0.0972232 1
0.0968579 1
0.0966186 1
0.0954493 1
0.0950917 1
0.0943126 1
0.0937896 1
0.0931633 1
0.0923745 1
0.091389 1
0.0906099 1
0.0904945 1
0.0900772 1
0.0894798 1
0.0892328 1
0.088842 1
0.0883392 1
0.0877334 1
0.0872205 1
0.0868248 1
0.0860427 1
0.0857901 1
0.085158 1
0.0847764 1
0.0842565 1
0.0839805 1
0.0832094 1
0.0826829 1
0.0819375 1
0.0816753 1
0.0813108 1
0.0805456 1
0.079899 1
0.0796393 1
0.0790166 1
0.0788798 1
0.0781244 1
0.0773849 1
0.0767487 1
0.0765006 1
0.0762444 1
0.075856 1
0.0753545 1
0.0745964 1
0.0740712 1
0.0738192 1
0.0730564 1
0.0725501 1
0.0719158 1
0.0715396 1
0.0709235 1
0.0705434 1
0.0702947 1
0.0699141 1
0.0696664 1
0.0694192 1
0.0689114 1
0.0684236 1
0.0681599 1
0.0679088 1
0.0675237 1
0.0670212 1
0.0661963 1
0.0657017 1
0.0653196 1
0.064537 1
0.0642949 1
0.0633985 1
0.0628886 1
0.0624057 1
0.0617512 1
0.0609634 1
0.0606934 1
0.0599401 1
0.0595653 1
0.0589336 1
0.0585533 1
0.0578871 1
0.0572418 1
0.0565817 1
0.0558258 1
0.0554373 1
0.0549065 1
0.0547718 1
0.0543698 1
0.0538583 1
0.0534532 1
0.0528312 1
0.0523133 1
0.0521743 1
0.0512657 1
0.0506272 1
0.0502315 1
0.0495979 1
0.0493356 1
0.0489296 1
0.0487985 1
0.048423 1
0.0475021 1
0.0473794 1
0.0469854 1
0.0464771 1
0.0459584 1
0.0452109 1
0.0445761 1
0.0441981 1
0.044078 1
0.0436059 1
0.0429751 1
0.0424908 1
0.0423555 1
0.0422319 1
0.0421005 1
0.0413158 1
0.0411933 1
0.040949 1
0.0408277 1
0.0403033 1
0.0400542 1
0.0399151 1
0.0395309 1
0.0388873 1
0.0387525 1
0.0383775 1
0.0382503 1
0.0379912 1
0.0372471 1
0.0369864 1
0.0361978 1
0.0360728 1
0.0355775 1
0.0353216 1
0.0347993 1
0.03454 1
0.0339038 1
0.033535 1
0.0334099 1
0.0332884 1
0.0330364 1
0.0329096 1
0.0322658 1
0.0320344 1
0.0318952 1
0.0316339 1
0.0314952 1
0.0313677 1
0.0312443 1
0.030861 1
0.0306109 1
0.0303466 1
0.0301062 1
0.0296173 1
0.0292221 1
0.0289701 1
0.0285909 1
0.0282313 0
0.0281078 0
0.0278432 0
0.0273281 0
0.0270738 0
0.0266966 0
0.0265674 0
0.0262917 0
0.0260404 0
0.0259062 0
0.0257725 0
0.0255067 0
0.0251235 0
0.024865 0
0.0245021 0
0.0243716 0
0.0239885 0
0.0238627 0
0.02335 0
0.0229546 0
0.022825 0
0.0226913 0
0.0224407 0
0.0219389 0
0.0214415 0
0.0213058 0
0.0211713 0
0.020663 0
0.0204022 0
0.0202866 0
0.0201577 0
0.0199003 0
0.0197752 0
0.0196372 0
0.0195062 0
0.0192485 0
0.0191252 0
0.0190007 0
0.0188739 0
0.0187419 0
0.018239 0
0.0178795 0
0.0177477 0
0.0174694 0
0.0172072 0
0.0170826 0
0.0169457 0
0.016536 0
0.0164095 0
0.0160322 0
0.0159102 0
0.0156539 0
0.0155184 0
0.0153932 0
0.0151271 0
0.0149986 0
0.014613 0
0.014487 0
0.0142383 0
0.014096 0
0.0139724 0
0.0137106 0
0.0135762 0
0.0134449 0
0.0133097 0
0.0130638 0
0.0127866 0
0.012659 0
0.0125442 0
0.0124263 0
0.0121647 0
0.0120367 0
0.0119054 0
0.0116674 0
0.0114043 0
0.0111507 0
0.0108855 0
0.0107525 0
0.0106236 0
0.0104944 0
0.010355 0
0.0102262 0
0.0101008 0
0.00997304 0
0.00971938 0
0.0095829 0
0.00944445 0
0.00905771 0
0.00894503 0
0.00873106 0
0.00859855 0
0.00845965 0
0.00833162 0
0.00820763 0
0.0080787 0
0.00794824 0
0.00781902 0
0.0076833 0
0.00742001 0
0.00728577 0
0.00715509 0
0.00701085 0
0.00688318 0
0.00675686 0
0.00663389 0
0.00650857 0
0.00638121 0
0.00624768 0
0.00613084 0
0.0060124 0
0.00587198 0
0.00563261 0
0.00550651 0
0.00537843 0
0.00525728 0
0.00513316 0
0.00501332 0
0.00488152 0
0.00449337 0
0.00436157 0
0.004238 0
0.00397186 0
0.00383837 0
0.00370718 0
0.00357191 0
0.00345057 0
0.00318339 0
0.00305192 0
0.00291761 0
0.00278897 0
0.00253552 0
0.00240656 0
0.00227145 0
0.00215511 0
0.00201666 0
0.00188994 0
0.00163704 0
0.00149726 0
0.00124407 0
0.00111718 0
0.00100941 0
0.000877114 0
0.00075268 0
0.000624375 0
0.000502307 0
0.000374857 0
0.000245358 0
0.000121955 0
0 0
