0.278089 3 0.8
0.277896 3 0.95
0.277703 3 1.1
0.277509 3 1.12
0.277316 3 1.13
0.277122 3 1.2
0.276929 3 1.27
0.276736 2 1.3
0.276542 2 1.37
0.276155 2 1.39
0.275962 2 1.4
0.275769 2 1.48
0.275575 2 1.52
0.275382 2 1.54
0.275189 2 1.55
0.274995 2 1.61
0.274802 2 1.63
0.274608 2 1.65
0.274415 2 1.68
0.274222 2 1.71
0.274028 2 1.74
0.273641 2 1.76
0.273448 2 1.79
0.273061 2 1.8
0.272868 2 1.84
0.272288 2 1.87
0.272094 2 1.89
0.271901 2 1.9
0.271708 2 1.91
0.271321 2 1.93
0.271127 2 1.94
0.270934 2 1.96
0.270547 2 1.97
0.270354 2 1.98
0.269967 2 1.99
0.269194 2 2
0.269 2 2.02
0.268613 2 2.04
0.26842 2 2.06
0.26784 2 2.07
0.267646 2 2.08
0.267453 2 2.09
0.26726 2 2.1
0.266873 2 2.13
0.266293 2 2.14
0.265906 2 2.15
0.265713 2 2.16
0.265519 2 2.17
0.264939 2 2.19
0.264166 2 2.2
0.263779 2 2.21
0.263005 2 2.22
0.262038 2 2.23
0.261652 2 2.25
0.261458 2 2.26
0.261265 2 2.27
0.261071 2 2.28
0.260878 2 2.29
0.260298 2 2.3
0.259911 2 2.31
0.259524 2 2.32
0.259331 2 2.33
0.258944 2 2.34
0.258751 2 2.35
0.258557 2 2.36
0.258364 2 2.37
0.25759 2 2.39
0.256043 2 2.41
0.25585 2 2.42
0.25527 2 2.43
0.25469 2 2.44
0.253723 2 2.45
0.252949 2 2.46
0.252176 2 2.47
0.251982 2 2.49
0.251595 2 2.5
0.251209 2 2.51
0.250822 2 2.52
0.250242 2 2.53
0.249855 2 2.54
0.249662 2 2.55
0.249468 2 2.56
0.249081 2 2.57
0.248308 2 2.58
0.247728 2 2.59
0.246954 2 2.6
0.246567 2 2.61
0.245794 2 2.62
0.24502 2 2.63
0.244247 2 2.64
0.24386 2 2.65
0.243473 2 2.66
0.242506 2 2.67
0.24212 1 2.68
0.241539 1 2.69
0.241346 1 2.7
0.240572 1 2.71
0.240186 1 2.72
0.239992 1 2.73
0.239605 1 2.74
0.239219 1 2.75
0.239025 1 2.76
0.238639 1 2.77
0.238058 1 2.78
0.237478 1 2.8
0.237091 1 2.81
0.236318 1 2.82
0.235738 1 2.83
0.234191 1 2.84
0.233611 1 2.85
0.233224 1 2.86
0.232063 1 2.87
0.23187 1 2.88
0.23129 1 2.89
0.230903 1 2.91
0.229356 1 2.92
0.228969 1 2.93
0.228196 1 2.94
0.227229 1 2.95
0.227035 1 2.96
0.226455 1 2.97
0.226068 1 2.98
0.225295 1 2.99
0.224715 1 3
0.223941 0 3.01
0.222588 0 3.02
0.222007 0 3.03
0.221621 0 3.04
0.22104 0 3.05
0.219493 0 3.06
0.219107 0 3.07
0.218526 0 3.08
0.217753 0 3.09
0.216786 0 3.1
0.215626 0 3.11
0.215432 0 3.12
0.213885 0 3.13
0.212145 0 3.14
0.211371 0 3.15
0.210017 0 3.16
0.208084 0 3.17
0.206923 0 3.18
0.205376 0 3.19
0.204603 0 3.2
0.203636 0 3.21
0.202862 0 3.22
0.201702 0 3.23
0.201508 0 3.24
0.200541 0 3.25
0.199575 0 3.26
0.198414 0 3.27
0.197641 0 3.28
0.196287 0 3.29
0.1959 0 3.3
0.19474 0 3.31
0.19416 0 3.32
0.192999 0 3.33
0.192032 0 3.34
0.191066 0 3.35
0.190872 0 3.36
0.189325 0 3.37
0.187391 0 3.38
0.186618 0 3.39
0.185651 0 3.4
0.185071 0 3.41
0.184297 0 3.42
0.18391 0 3.43
0.18333 0 3.44
0.183137 0 3.45
0.181396 0 3.46
0.179849 0 3.47
0.179462 0 3.48
0.178109 0 3.49
0.176755 0 3.5
0.175981 0 3.51
0.175015 0 3.52
0.173661 0 3.53
0.172694 0 3.54
0.171727 0 3.55
0.17134 0 3.56
0.170567 0 3.57
0.169793 0 3.58
0.168826 0 3.59
0.167666 0 3.6
0.166312 0 3.61
0.164958 0 3.62
0.163411 0 3.63
0.162444 0 3.64
0.161477 0 3.65
0.15993 0 3.66
0.158577 0 3.67
0.157997 0 3.68
0.15703 0 3.69
0.155482 0 3.7
0.154516 0 3.71
0.153549 0 3.72
0.152195 0 3.73
0.150841 0 3.74
0.149681 0 3.75
0.148521 0 3.76
0.14736 0 3.77
0.146587 0 3.78
0.145233 0 3.79
0.143879 0 3.8
0.142526 0 3.81
0.141365 0 3.82
0.140785 0 3.83
0.139238 0 3.84
0.138078 0 3.85
0.136917 0 3.86
0.135564 0 3.87
0.134403 0 3.88
0.133823 0 3.89
0.131116 0 3.9
0.130342 0 3.91
0.129375 0 3.92
0.128795 0 3.93
0.126088 0 3.94
0.125508 0 3.95
0.124154 0 3.96
0.12338 0 3.97
0.1228 0 3.98
0.122027 0 3.99
0.121447 0 4
0.120673 0 4.01
0.119899 0 4.02
0.118546 0 4.03
0.117966 0 4.04
0.116805 0 4.05
0.115645 0 4.06
0.114678 0 4.07
0.113904 0 4.08
0.113518 0 4.09
0.112938 0 4.1
0.111777 0 4.11
0.11023 0 4.12
0.109263 0 4.13
0.107909 0 4.14
0.105976 0 4.15
0.105395 0 4.16
0.103848 0 4.17
0.102688 0 4.18
0.100754 0 4.19
0.0999807 0 4.2
0.0994005 0 4.21
0.0984336 0 4.22
0.0970799 0 4.23
0.0963063 0 4.24
0.0955328 0 4.25
0.0949526 0 4.26
0.0941791 0 4.27
0.0934055 0 4.28
0.092632 0 4.29
0.0918584 0 4.3
0.0910849 0 4.31
0.0905047 0 4.32
0.0897312 0 4.33
0.0883775 0 4.34
0.0870238 0 4.35
0.086637 0 4.36
0.0864436 0 4.37
0.0858635 0 4.38
0.0845098 0 4.39
0.0835428 0 4.4
0.0819957 0 4.41
0.0810288 0 4.42
0.0800619 0 4.43
0.0789016 0 4.44
0.0779346 0 4.45
0.0769677 0 4.46
0.0760008 0 4.47
0.0746471 0 4.48
0.0742603 0 4.49
0.0727132 0 4.5
0.0717463 0 4.51
0.070586 0 4.53
0.0692323 0 4.54
0.0684587 0 4.55
0.0676852 0 4.56
0.067105 0 4.57
0.0659447 0 4.58
0.0651711 0 4.59
0.0640108 0 4.6
0.0634307 0 4.61
0.0626571 0 4.62
0.0618836 0 4.63
0.0603365 0 4.64
0.0601431 0 4.65
0.0591762 0 4.66
0.0580159 0 4.67
0.0574357 0 4.68
0.0566622 0 4.69
0.0556952 0 4.7
0.0543415 0 4.71
0.0531812 0 4.72
0.0524077 0 4.73
0.0516341 0 4.74
0.0508606 0 4.75
0.0502804 0 4.76
0.0497003 0 4.77
0.0491201 0 4.78
0.0471862 0 4.79
0.0464127 0 4.8
0.0462193 0 4.81
0.0456391 0 4.82
0.0452524 0 4.83
0.045059 0 4.84
0.0444788 0 4.85
0.0435119 0 4.86
0.0429317 0 4.87
0.0421582 0 4.88
0.0409979 0 4.89
0.0398376 0 4.9
0.0388706 0 4.91
0.0382905 0 4.92
0.0373235 0 4.93
0.0367434 0 4.95
0.0363566 0 4.96
0.0357764 0 4.97
0.0351963 0 4.98
0.0350029 0 4.99
0.0344227 0 5
0.0342294 0 5.01
0.0334558 0 5.02
0.033069 0 5.04
0.0324889 0 5.06
0.0321021 0 5.07
0.0313286 0 5.08
0.0303616 0 5.09
0.0301682 0 5.1
0.0290079 0 5.11
0.0286212 0 5.12
0.0282344 0 5.13
0.0270741 0 5.14
0.0266873 0 5.15
0.0261071 0 5.17
0.0253336 0 5.19
0.0249468 0 5.2
0.0247534 0 5.21
0.0243667 0 5.22
0.0239799 0 5.23
0.0232063 0 5.24
0.023013 0 5.25
0.0226262 0 5.26
0.0222394 0 5.27
0.0212725 0 5.28
0.0206923 0 5.29
0.0203056 0 5.3
0.0197254 0 5.31
0.0193386 0 5.32
0.0187585 0 5.33
0.0185651 0 5.34
0.0181783 0 5.35
0.0177915 0 5.36
0.0175981 0 5.37
0.0172114 0 5.38
0.017018 0 5.39
0.0168246 0 5.4
0.0162444 0 5.43
0.0160511 0 5.44
0.0156643 0 5.45
0.0150841 0 5.46
0.0148907 0 5.49
0.0146974 0 5.52
0.0143106 0 5.53
0.0139238 0 5.56
0.0133436 0 5.57
0.0127635 0 5.58
0.0119899 0 5.59
0.0117966 0 5.6
0.0114098 0 5.61
0.0112164 0 5.62
0.0104429 0 5.63
0.0102495 0 5.64
0.00966931 0 5.66
0.00947592 0 5.69
0.00928254 0 5.7
0.00908915 0 5.71
0.00889576 0 5.72
0.00870238 0 5.75
0.00812222 0 5.78
0.00792883 0 5.8
0.00754206 0 5.83
0.00734868 0 5.85
0.00715529 0 5.86
0.0069619 0 5.91
0.00676852 0 5.92
0.00657513 0 5.93
0.00599497 0 5.94
0.0056082 0 5.99
0.00541481 0 6.04
0.00522143 0 6.07
0.00483465 0 6.08
0.00464127 0 6.09
0.0042545 0 6.1
0.00406111 0 6.11
0.00386772 0 6.13
0.00367434 0 6.15
0.00348095 0 6.16
0.00328757 0 6.2
0.00309418 0 6.24
0.00290079 0 6.25
0.00270741 0 6.27
0.00251402 0 6.35
0.00232063 0 6.36
0.00212725 0 6.37
0.00193386 0 6.43
0.00174048 0 6.56
0.00154709 0 6.61
0.0013537 0 6.63
0.00116032 0 6.67
0.000966931 0 6.7
0.000580159 0 6.87
0.000386772 0 6.96
0.000193386 0 7.16
0 0 1.79769e+308
