0.194353 1 1.02
0.19416 1 1.16
0.193966 1 1.35
0.193773 1 1.37
0.19358 1 1.4
0.193386 1 1.47
0.193193 1 1.48
0.192999 1 1.49
0.192806 1 1.54
0.192613 1 1.55
0.192419 1 1.6
0.192226 1 1.62
0.192032 1 1.64
0.191839 1 1.66
0.191646 1 1.68
0.191452 1 1.7
0.191066 1 1.78
0.190872 1 1.79
0.190679 1 1.81
0.190485 1 1.83
0.190292 1 1.84
0.190099 1 1.85
0.189905 1 1.87
0.189712 1 1.9
0.189518 1 1.95
0.189132 1 1.99
0.188745 1 2.03
0.188552 1 2.04
0.188358 1 2.07
0.188165 1 2.13
0.187971 1 2.14
0.187778 1 2.16
0.187391 1 2.18
0.187198 1 2.2
0.187004 1 2.22
0.186618 1 2.23
0.186424 1 2.24
0.186038 1 2.28
0.185651 1 2.3
0.185264 1 2.31
0.185071 1 2.32
0.184684 1 2.33
0.184297 1 2.35
0.18391 1 2.39
0.183523 1 2.42
0.182943 1 2.44
0.18275 1 2.45
0.181976 1 2.46
0.181396 1 2.47
0.181203 1 2.48
0.180816 1 2.49
0.179656 1 2.5
0.179462 1 2.51
0.179076 1 2.53
0.177915 1 2.54
0.177335 1 2.55
0.176755 1 2.56
0.176368 1 2.57
0.176175 1 2.58
0.175788 1 2.59
0.175401 1 2.6
0.175208 1 2.61
0.174048 1 2.62
0.173467 1 2.63
0.173274 1 2.65
0.173081 1 2.66
0.172694 1 2.67
0.172307 0 2.68
0.172114 0 2.72
0.17192 0 2.73
0.17134 0 2.75
0.170953 0 2.76
0.17018 0 2.77
0.169986 0 2.78
0.16902 0 2.79
0.168439 0 2.8
0.168246 0 2.81
0.167279 0 2.82
0.166892 0 2.83
0.166312 0 2.84
0.165732 0 2.85
0.165539 0 2.86
0.164572 0 2.87
0.163991 0 2.88
0.163798 0 2.89
0.163218 0 2.9
0.162638 0 2.91
0.162058 0 2.92
0.161477 0 2.93
0.161284 0 2.94
0.161091 0 2.95
0.160317 0 2.96
0.159544 0 2.97
0.15819 0 2.98
0.157223 0 2.99
0.156256 0 3
0.155096 0 3.01
0.153935 0 3.02
0.153355 0 3.03
0.152195 0 3.04
0.151615 0 3.05
0.151228 0 3.06
0.150841 0 3.07
0.150261 0 3.08
0.149101 0 3.09
0.148907 0 3.1
0.14794 0 3.11
0.147747 0 3.12
0.146587 0 3.13
0.145426 0 3.14
0.144459 0 3.15
0.143686 0 3.17
0.143106 0 3.18
0.142719 0 3.2
0.141945 0 3.21
0.141172 0 3.22
0.140979 0 3.23
0.140398 0 3.24
0.139431 0 3.26
0.138271 0 3.27
0.136724 0 3.28
0.13537 0 3.29
0.134597 0 3.3
0.134017 0 3.31
0.133436 0 3.32
0.13305 0 3.33
0.131696 0 3.34
0.131309 0 3.36
0.130729 0 3.37
0.130342 0 3.38
0.129569 0 3.39
0.128989 0 3.41
0.128408 0 3.42
0.127442 0 3.43
0.127055 0 3.44
0.126668 0 3.45
0.125314 0 3.46
0.124541 0 3.47
0.123961 0 3.48
0.12338 0 3.49
0.122994 0 3.51
0.122607 0 3.52
0.121833 0 3.53
0.121253 0 3.54
0.120673 0 3.55
0.120093 0 3.56
0.119319 0 3.57
0.118352 0 3.58
0.117579 0 3.59
0.116418 0 3.6
0.115645 0 3.61
0.115452 0 3.62
0.113711 0 3.63
0.112551 0 3.64
0.111584 0 3.65
0.111004 0 3.66
0.110617 0 3.67
0.109457 0 3.68
0.109263 0 3.69
0.108103 0 3.7
0.107329 0 3.71
0.105976 0 3.72
0.105009 0 3.73
0.103848 0 3.74
0.102301 0 3.75
0.101334 0 3.76
0.100754 0 3.77
0.100367 0 3.78
0.0995939 0 3.79
0.0980468 0 3.8
0.0972733 0 3.81
0.0966931 0 3.82
0.0961129 0 3.83
0.0959196 0 3.84
0.0955328 0 3.85
0.095146 0 3.86
0.0943725 0 3.87
0.0935989 0 3.88
0.0924386 0 3.89
0.0912783 0 3.9
0.0908915 0 3.91
0.0905047 0 3.93
0.090118 0 3.94
0.0897312 0 3.95
0.0889576 0 3.96
0.0885709 0 3.97
0.0879907 0 3.98
0.0872172 0 3.99
0.0868304 0 4
0.0864436 0 4.01
0.0854767 0 4.02
0.0847032 0 4.03
0.0845098 0 4.04
0.0835428 0 4.05
0.0827693 0 4.06
0.0821891 0 4.07
0.0818024 0 4.08
0.0804487 0 4.09
0.0796751 0 4.1
0.0783214 0 4.11
0.0773545 0 4.12
0.0769677 0 4.13
0.0761942 0 4.14
0.0752272 0 4.15
0.0734868 0 4.16
0.0725198 0 4.17
0.0719397 0 4.18
0.0715529 0 4.19
0.0707793 0 4.2
0.0700058 0 4.21
0.069619 0 4.22
0.0690389 0 4.23
0.0684587 0 4.24
0.0676852 0 4.25
0.067105 0 4.26
0.0667182 0 4.27
0.0661381 0 4.28
0.0657513 0 4.29
0.0653645 0 4.3
0.0649778 0 4.31
0.0638174 0 4.32
0.0628505 0 4.33
0.0624637 0 4.34
0.0613034 0 4.35
0.06111 0 4.36
0.0609167 0 4.37
0.0601431 0 4.38
0.0591762 0 4.39
0.058596 0 4.4
0.0580159 0 4.41
0.0572423 0 4.42
0.056082 0 4.43
0.0556952 0 4.44
0.0545349 0 4.45
0.0539547 0 4.46
0.0531812 0 4.47
0.0529878 0 4.48
0.0527944 0 4.49
0.0522143 0 4.5
0.0516341 0 4.51
0.050087 0 4.52
0.0493135 0 4.53
0.0491201 0 4.54
0.0477664 0 4.55
0.0466061 0 4.56
0.0462193 0 4.57
0.0448656 0 4.58
0.0440921 0 4.59
0.0437053 0 4.6
0.042545 0 4.61
0.0419648 0 4.62
0.0413846 0 4.64
0.0406111 0 4.65
0.0394508 0 4.66
0.0384839 0 4.67
0.0379037 0 4.68
0.0371301 0 4.69
0.0367434 0 4.7
0.03655 0 4.71
0.0361632 0 4.72
0.0359698 0 4.73
0.0350029 0 4.74
0.0342294 0 4.75
0.034036 0 4.76
0.0336492 0 4.78
0.0328757 0 4.79
0.0324889 0 4.8
0.0313286 0 4.81
0.0309418 0 4.82
0.0303616 0 4.83
0.0297815 0 4.84
0.0293947 0 4.85
0.0282344 0 4.86
0.0274608 0 4.87
0.0266873 0 4.88
0.0259137 0 4.89
0.0257204 0 4.9
0.0251402 0 4.91
0.0249468 0 4.92
0.0243667 0 4.93
0.0237865 0 4.94
0.0233997 0 4.95
0.0228196 0 4.96
0.0224328 0 4.97
0.0222394 0 4.98
0.0218526 0 4.99
0.0214659 0 5
0.0210791 0 5.01
0.0206923 0 5.03
0.0203056 0 5.05
0.0201122 0 5.07
0.0197254 0 5.08
0.0191452 0 5.09
0.0185651 0 5.1
0.0183717 0 5.11
0.0177915 0 5.12
0.0172114 0 5.13
0.017018 0 5.14
0.0168246 0 5.15
0.0164378 0 5.16
0.0160511 0 5.17
0.0156643 0 5.18
0.0154709 0 5.19
0.0146974 0 5.2
0.014504 0 5.21
0.0141172 0 5.23
0.0139238 0 5.24
0.0137304 0 5.26
0.013537 0 5.27
0.0133436 0 5.28
0.0131503 0 5.3
0.0127635 0 5.31
0.0125701 0 5.32
0.0123767 0 5.35
0.0121833 0 5.37
0.0119899 0 5.39
0.0117966 0 5.4
0.0114098 0 5.44
0.0108296 0 5.45
0.0106362 0 5.46
0.0100561 0 5.49
0.0098627 0 5.53
0.00966931 0 5.55
0.00928254 0 5.56
0.00889576 0 5.57
0.00870238 0 5.6
0.00850899 0 5.66
0.00812222 0 5.68
0.00792883 0 5.69
0.00773545 0 5.71
0.00754206 0 5.72
0.00715529 0 5.73
0.0069619 0 5.77
0.00676852 0 5.78
0.00657513 0 5.79
0.00638174 0 5.81
0.00618836 0 5.82
0.00599497 0 5.85
0.00580159 0 5.88
0.0056082 0 5.91
0.00502804 0 5.96
0.00483465 0 5.98
0.00464127 0 6.06
0.00444788 0 6.07
0.0042545 0 6.1
0.00406111 0 6.11
0.00386772 0 6.13
0.00348095 0 6.15
0.00309418 0 6.16
0.00290079 0 6.2
0.00270741 0 6.28
0.00212725 0 6.29
0.00193386 0 6.32
0.00174048 0 6.37
0.00154709 0 6.43
0.0013537 0 6.46
0.00116032 0 6.51
0.000966931 0 6.53
0.000773545 0 6.61
0.000580159 0 6.67
0.000386772 0 7.1
0.000193386 0 7.51
0 0 1.79769e+308
