0.464854 595
0.464854 594
0.464748 594
0.464748 593
0.464748 592
0.464748 591
0.464748 590
0.464629 590
0.464629 589
0.464629 588
0.464627 586
0.464503 586
0.464503 584
0.464503 583
0.464503 582
0.464503 581
0.464503 580
0.46437 580
0.46437 579
0.464275 577
0.464275 576
0.464275 575
0.464275 574
0.464142 574
0.464012 574
0.463923 572
0.463869 571
0.463743 570
0.463743 568
0.463743 567
0.463624 567
0.463624 566
0.463624 565
0.463624 564
0.463624 562
0.463624 561
0.463624 560
0.463624 559
0.463506 559
0.463485 559
0.463485 558
0.463485 557
0.463384 557
0.463265 557
0.463265 556
0.463265 555
0.463135 554
0.463135 553
0.463135 552
0.463135 551
0.463016 548
0.463014 547
0.463014 545
0.463014 544
0.463014 543
0.462852 542
0.462852 540
0.462723 540
0.462503 539
0.462503 538
0.462503 536
0.462503 534
0.462503 533
0.462503 532
0.462253 532
0.462057 530
0.462057 529
0.461925 527
0.461918 523
0.461918 521
0.461918 520
0.461739 519
0.461739 518
0.461739 517
0.461614 517
0.461614 514
0.461614 512
0.461433 510
0.461433 509
0.461431 508
0.461431 507
0.461192 507
0.46116 504
0.461069 503
0.461069 501
0.460953 500
0.460953 498
0.460828 497
0.460828 496
0.460684 496
0.460684 494
0.460557 493
0.460433 492
0.460183 490
0.460183 489
0.460183 488
0.460119 487
0.460003 486
0.460003 484
0.460003 483
0.459885 480
0.459885 478
0.459877 475
0.459877 473
0.459746 472
0.459746 471
0.459746 470
0.459746 467
0.459746 465
0.459746 463
0.459615 463
0.459557 463
0.459557 462
0.459557 461
0.45954 460
0.459436 460
0.459436 457
0.459331 455
0.459329 451
0.459329 449
0.459093 449
0.459093 448
0.459093 447
0.459093 446
0.459093 445
0.459007 443
0.459007 442
0.459007 440
0.458878 440
0.458742 439
0.458634 439
0.458634 437
0.458434 434
0.458315 434
0.458187 432
0.458074 431
0.457967 431
0.457967 428
0.45785 425
0.457731 425
0.457649 423
0.457649 421
0.457523 420
0.457277 419
0.456895 417
0.456895 415
0.456895 413
0.456895 412
0.456889 410
0.456889 409
0.456762 409
0.456436 408
0.45634 407
0.45634 406
0.456256 403
0.456009 400
0.455747 399
0.455747 398
0.455672 396
0.455551 394
0.455551 393
0.455415 391
0.455415 390
0.455415 388
0.455415 387
0.455415 385
0.455415 384
0.455052 383
0.455047 381
0.454926 380
0.454796 380
0.454553 378
0.454299 376
0.454024 376
0.454024 374
0.453884 374
0.453692 370
0.453687 368
0.45356 365
0.453339 362
0.452782 359
0.452642 358
0.45246 357
0.452209 357
0.452131 353
0.452131 351
0.451856 351
0.451613 350
0.451613 348
0.451366 348
0.451173 346
0.451056 346
0.450695 345
0.450563 342
0.450435 340
0.450435 339
0.450335 338
0.450205 336
0.450205 334
0.450205 333
0.449942 332
0.449793 328
0.449672 326
0.449672 325
0.449672 323
0.449537 322
0.449537 320
0.449483 319
0.449351 318
0.449217 318
0.448949 317
0.448742 317
0.44848 313
0.448222 313
0.448222 312
0.448222 311
0.447998 310
0.447899 309
0.447672 309
0.447542 309
0.447542 308
0.447287 308
0.447155 308
0.447029 306
0.446893 306
0.446495 306
0.446384 306
0.446384 305
0.446268 305
0.446002 302
0.445739 302
0.445739 301
0.445492 301
0.445227 300
0.444837 298
0.444723 296
0.444723 292
0.44445 291
0.44414 285
0.44414 284
0.444008 284
0.443767 283
0.443767 281
0.443755 279
0.443628 279
0.443628 278
0.4435 277
0.443247 274
0.443247 273
0.443194 271
0.442807 270
0.442714 267
0.442467 266
0.442418 264
0.442274 260
0.44202 258
0.441632 257
0.441632 255
0.441157 254
0.441039 253
0.440925 251
0.440277 250
0.439759 249
0.439375 246
0.439146 244
0.438775 240
0.438649 240
0.438511 239
0.438385 239
0.438152 237
0.437917 237
0.437793 237
0.437425 237
0.437321 236
0.437216 236
0.43674 235
0.436599 232
0.436491 231
0.436408 229
0.436274 229
0.435919 227
0.435671 227
0.435671 226
0.435414 225
0.435291 223
0.435194 222
0.43494 218
0.43458 217
0.433974 216
0.433749 212
0.433731 209
0.433482 207
0.433373 205
0.432984 203
0.432732 203
0.432617 202
0.432239 200
0.431982 198
0.431861 196
0.43139 195
0.431227 193
0.430893 191
0.430781 191
0.43056 187
0.429801 187
0.429503 186
0.429503 185
0.429247 184
0.428863 183
0.428614 182
0.428086 182
0.427856 182
0.427362 180
0.426854 176
0.426315 174
0.425853 174
0.425749 174
0.425391 174
0.425052 174
0.424788 173
0.424435 172
0.424173 171
0.423594 170
0.423113 169
0.422873 169
0.422637 169
0.422384 169
0.421859 169
0.421629 169
0.421357 168
0.421049 166
0.420782 166
0.420698 165
0.420455 165
0.420236 163
0.420092 161
0.419753 159
0.419028 159
0.418787 159
0.418305 158
0.41794 158
0.41781 158
0.417419 158
0.416924 158
0.416797 157
0.41621 156
0.415621 154
0.415125 153
0.414729 153
0.413992 152
0.413647 150
0.413542 150
0.413217 149
0.412844 147
0.412533 143
0.411905 142
0.411773 142
0.411418 142
0.411049 142
0.41041 142
0.410277 142
0.409793 140
0.409688 140
0.409551 140
0.409342 138
0.408709 136
0.408285 135
0.408167 135
0.407915 135
0.407562 132
0.407197 131
0.406834 131
0.406594 131
0.406532 130
0.406294 130
0.406164 129
0.405889 129
0.405636 126
0.40528 124
0.40503 123
0.4048 123
0.404479 122
0.404218 122
0.40362 122
0.403216 121
0.402809 121
0.402443 120
0.402306 116
0.401808 116
0.401734 115
0.401261 115
0.400887 115
0.400638 114
0.400297 113
0.399691 113
0.399069 113
0.398459 112
0.398108 112
0.397755 112
0.396899 110
0.395792 110
0.39566 109
0.395045 109
0.394526 107
0.394162 107
0.393763 107
0.393547 106
0.392923 105
0.392604 103
0.392228 103
0.391893 101
0.3914 100
0.391156 100
0.390565 95
0.390219 95
0.389646 94
0.389124 94
0.38861 94
0.387987 94
0.387987 93
0.387671 92
0.386676 92
0.386192 91
0.385681 91
0.38483 89
0.384089 89
0.383463 88
0.38333 88
0.382859 88
0.382107 88
0.381594 87
0.380836 87
0.380496 87
0.380235 86
0.380135 86
0.378881 85
0.378395 84
0.37801 82
0.377241 82
0.377098 82
0.376592 81
0.376225 80
0.375627 79
0.374369 78
0.373765 78
0.373605 77
0.372975 77
0.372851 76
0.372162 75
0.371854 74
0.371617 74
0.371361 74
0.370197 73
0.369702 72
0.369601 71
0.369481 71
0.368967 71
0.368347 70
0.367982 69
0.367356 68
0.366546 66
0.365235 64
0.364892 63
0.364319 63
0.364047 63
0.363553 63
0.363072 62
0.362321 60
0.362087 60
0.361581 60
0.361201 60
0.359749 59
0.359363 59
0.358689 58
0.358154 58
0.357508 58
0.357116 58
0.356466 58
0.356234 57
0.355767 56
0.355388 56
0.354619 55
0.354277 55
0.353898 55
0.353602 54
0.352612 53
0.351219 53
0.350394 51
0.349767 51
0.349074 50
0.348481 49
0.348 49
0.346998 49
0.346215 48
0.345609 48
0.344982 47
0.343873 47
0.343624 47
0.342594 47
0.342222 47
0.34176 45
0.341132 43
0.340638 42
0.340029 42
0.3399 42
0.339245 42
0.339114 42
0.338575 42
0.337954 41
0.336968 40
0.336076 40
0.335315 40
0.335074 40
0.334061 39
0.333025 39
0.332223 38
0.331837 38
0.331693 38
0.331435 36
0.330774 36
0.330271 36
0.329542 36
0.327921 36
0.327135 36
0.326113 36
0.325602 36
0.324873 36
0.324353 36
0.323979 36
0.322879 36
0.321549 36
0.321036 36
0.319953 33
0.319344 33
0.318358 33
0.317982 33
0.317611 33
0.316553 32
0.316173 32
0.315786 31
0.315161 31
0.314938 30
0.314362 29
0.313582 29
0.312678 29
0.312178 29
0.3114 29
0.310763 29
0.31028 29
0.309502 29
0.309237 29
0.308744 29
0.307818 29
0.30706 29
0.306564 29
0.305431 29
0.305035 29
0.304928 29
0.304288 29
0.303639 29
0.303397 29
0.302653 29
0.302274 29
0.301794 29
0.301661 29
0.300786 29
0.300174 28
0.299915 28
0.299262 28
0.298391 28
0.298132 28
0.297747 28
0.296881 28
0.296323 28
0.295345 27
0.294807 26
0.293683 26
0.293051 26
0.292537 26
0.292025 26
0.291279 26
0.290775 26
0.289729 26
0.289104 26
0.288483 26
0.28793 25
0.286924 25
0.286799 25
0.286072 24
0.285573 23
0.285095 22
0.284829 21
0.283797 21
0.283169 21
0.282118 21
0.281494 21
0.280715 21
0.279496 21
0.279122 20
0.27839 20
0.277654 19
0.277023 19
0.275914 19
0.275129 19
0.274507 19
0.273495 19
0.272614 19
0.272079 19
0.271185 19
0.270588 19
0.269812 19
0.269535 18
0.268589 17
0.267246 16
0.266326 15
0.265444 15
0.264817 15
0.263926 15
0.263057 15
0.262309 15
0.261667 14
0.260899 14
0.260172 14
0.25992 14
0.259524 14
0.259011 14
0.258014 14
0.257009 14
0.255994 14
0.255177 14
0.254514 14
0.253727 14
0.252922 14
0.25219 14
0.251685 14
0.250448 13
0.249955 13
0.249053 13
0.248316 13
0.248191 13
0.247561 13
0.24718 13
0.246441 13
0.246318 13
0.245419 13
0.24387 13
0.243092 13
0.241967 12
0.241573 12
0.240794 12
0.239646 12
0.23872 11
0.237712 11
0.237221 11
0.236155 10
0.23564 10
0.234491 10
0.23387 10
0.232543 10
0.231147 10
0.230894 10
0.230634 9
0.229857 9
0.228826 8
0.228065 8
0.227339 8
0.226605 8
0.226083 8
0.225709 8
0.224678 8
0.223507 8
0.221801 8
0.221279 8
0.220459 8
0.219446 8
0.21892 8
0.217934 8
0.217669 8
0.217347 7
0.216826 7
0.216409 7
0.215528 7
0.215272 7
0.214251 7
0.213479 7
0.212269 6
0.211125 6
0.210354 6
0.209852 6
0.208846 6
0.208087 6
0.207708 6
0.207062 6
0.206142 6
0.204991 6
0.204368 6
0.203738 6
0.203476 6
0.202977 6
0.202718 6
0.201465 6
0.199738 6
0.198868 6
0.198012 5
0.19738 5
0.196079 5
0.195308 5
0.194794 5
0.193751 5
0.192497 5
0.192128 5
0.191876 5
0.190825 5
0.190706 5
0.189965 5
0.188814 5
0.188412 5
0.187404 5
0.186494 5
0.185444 5
0.185081 5
0.18404 5
0.182679 5
0.182098 5
0.181712 5
0.181318 5
0.180717 5
0.179944 5
0.178899 5
0.178512 5
0.177878 5
0.176478 5
0.175734 5
0.174939 5
0.173747 4
0.173004 4
0.172737 4
0.172243 4
0.171372 4
0.170651 4
0.169865 4
0.16823 3
0.167581 3
0.166834 3
0.165842 3
0.164821 3
0.164062 3
0.163454 3
0.163185 3
0.162255 3
0.161664 3
0.161411 3
0.16042 3
0.159788 3
0.158898 3
0.157863 3
0.156732 3
0.155796 3
0.155431 3
0.154783 3
0.153788 3
0.153281 3
0.152645 3
0.152166 3
0.151295 2
0.150813 2
0.15032 2
0.149589 2
0.148938 2
0.148279 2
0.147918 2
0.146923 2
0.146266 2
0.145372 2
0.144751 2
0.143994 2
0.142997 2
0.141848 2
0.140684 2
0.140162 2
0.139149 2
0.138639 2
0.137902 2
0.137124 2
0.136489 2
0.135994 2
0.135606 2
0.135099 2
0.134573 2
0.13381 2
0.133433 2
0.132531 2
0.131746 2
0.130848 2
0.130083 2
0.129463 2
0.128263 2
0.127877 2
0.127249 2
0.126488 2
0.125881 2
0.125402 2
0.124901 2
0.124519 2
0.123722 2
0.12247 2
0.121825 2
0.12105 2
0.120669 2
0.120188 2
0.119312 2
0.118809 2
0.118042 2
0.117503 2
0.116398 2
0.115632 2
0.115259 2
0.114603 2
0.113678 2
0.113293 2
0.112276 2
0.111522 2
0.11126 2
0.110761 2
0.110285 2
0.109752 2
0.10937 2
0.109236 2
0.108959 2
0.108333 2
0.107835 2
0.107331 2
0.10682 2
0.106462 2
0.105708 2
0.105051 2
0.104443 2
0.103661 2
0.102637 2
0.102499 2
0.101881 2
0.101107 2
0.10048 2
0.0994354 2
0.0986663 2
0.0984268 2
0.0980582 2
0.0971469 2
0.0964981 2
0.0961038 2
0.0953482 2
0.0949849 2
0.0943677 2
0.0941138 2
0.0932189 2
0.0923525 2
0.0919818 2
0.0912323 2
0.0908531 2
0.0903127 2
0.0894272 2
0.0888773 2
0.088512 2
0.0882726 2
0.0869845 2
0.0864946 2
0.0858473 2
0.0853243 2
0.084696 2
0.0840243 2
0.0832948 2
0.0825049 2
0.0823896 2
0.0822555 2
0.0816591 2
0.0814121 2
0.0812888 2
0.080786 2
0.0803046 2
0.0798481 1
0.0794473 1
0.0787931 1
0.0785436 1
0.0779075 1
0.0776491 1
0.0771408 1
0.0768616 1
0.0763609 1
0.0759557 1
0.0752103 1
0.0749481 1
0.0745835 1
0.0738149 1
0.0734173 1
0.0731576 1
0.0725373 1
0.0724005 1
0.0717654 1
0.0711469 1
0.0705061 1
0.0702581 1
0.0698697 1
0.0693651 1
0.068601 1
0.0680763 1
0.0678175 1
0.0673215 1
0.066819 1
0.0663253 1
0.0659626 1
0.065353 1
0.0649729 1
0.0648328 1
0.0644412 1
0.0641676 1
0.064048 1
0.0636749 1
0.0631848 1
0.0629211 1
0.06267 1
0.062177 1
0.0617938 1
0.0609577 1
0.0604631 1
0.060081 1
0.0595664 1
0.0593194 1
0.0584149 1
0.057905 1
0.0575467 1
0.0569031 1
0.056362 1
0.0558185 1
0.0550591 1
0.0546763 1
0.0541685 1
0.0537882 1
0.053122 1
0.0526056 1
0.051943 1
0.0510766 1
0.0506881 1
0.050156 1
0.0500206 1
0.0496187 1
0.0492367 1
0.0488316 1
0.0483373 1
0.0478076 1
0.0476686 1
0.0469028 1
0.0462641 1
0.0459985 1
0.0454963 1
0.045234 1
0.044965 1
0.0448306 1
0.0445898 1
0.0438009 1
0.0436782 1
0.0432843 1
0.042776 1
0.0423914 1
0.0417661 1
0.0411359 1
0.0407514 1
0.0406314 1
0.0402858 1
0.03965 1
0.0391628 1
0.0390275 1
0.0389039 1
0.0387725 1
0.0379776 1
0.0378551 1
0.0376108 1
0.0374896 1
0.0369632 1
0.0367142 1
0.0362035 1
0.035816 1
0.0356811 1
0.0354317 1
0.0353046 1
0.0350455 1
0.034306 1
0.0340454 1
0.0332556 1
0.0331306 1
0.0327525 1
0.0324952 1
0.0319729 1
0.0317136 1
0.0310774 1
0.0307086 1
0.0305804 1
0.0304588 1
0.0300848 1
0.029958 1
0.0294242 1
0.0290612 1
0.0287999 1
0.0286613 1
0.0285337 1
0.0284269 1
0.0282979 1
0.0280477 1
0.0277835 1
0.027542 1
0.0271767 1
0.0267805 1
0.0265285 1
0.0262662 1
0.0260407 0
0.0259172 0
0.0256525 0
0.0252786 0
0.0250243 0
0.0246471 0
0.0245179 0
0.0242422 0
0.0239909 0
0.0238567 0
0.023723 0
0.023588 0
0.0232032 0
0.0229447 0
0.0225818 0
0.0224513 0
0.0222047 0
0.0220789 0
0.0215662 0
0.0212972 0
0.0211677 0
0.021034 0
0.0207834 0
0.0202815 0
0.0197802 0
0.0196444 0
0.0192706 0
0.0190102 0
0.0188945 0
0.0186372 0
0.0185121 0
0.018374 0
0.018228 0
0.0179767 0
0.0178534 0
0.0177289 0
0.0176021 0
0.0174701 0
0.0169676 0
0.0166081 0
0.0164755 0
0.0161972 0
0.0160691 0
0.0159323 0
0.0155214 0
0.0153892 0
0.0150119 0
0.0148899 0
0.0146342 0
0.0144987 0
0.0143733 0
0.0142411 0
0.0141126 0
0.0137273 0
0.0136012 0
0.0133532 0
0.0132177 0
0.013094 0
0.0129649 0
0.0128304 0
0.0126992 0
0.012564 0
0.0123145 0
0.0120372 0
0.0119135 0
0.0117938 0
0.0115426 0
0.011281 0
0.011153 0
0.0110218 0
0.0107838 0
0.0105161 0
0.0102625 0
0.00999734 0
0.00986437 0
0.00973547 0
0.00960624 0
0.00948138 0
0.00935249 0
0.00922716 0
0.00909937 0
0.00897624 0
0.00883976 0
0.00870131 0
0.00832063 0
0.00820795 0
0.00799398 0
0.00786148 0
0.00772258 0
0.00758673 0
0.0074578 0
0.00732734 0
0.00719812 0
0.0070624 0
0.00679187 0
0.00665764 0
0.00652695 0
0.00638272 0
0.00625505 0
0.00612872 0
0.00600575 0
0.00588043 0
0.00575308 0
0.00561473 0
0.00549789 0
0.00537944 0
0.00523903 0
0.00499485 0
0.00486876 0
0.00474148 0
0.00461268 0
0.00449284 0
0.00436105 0
0.00397166 0
0.00383986 0
0.00371629 0
0.00345015 0
0.00331666 0
0.00318547 0
0.0030502 0
0.00292811 0
0.00265795 0
0.00252648 0
0.00239429 0
0.00214541 0
0.00201645 0
0.00188107 0
0.00176473 0
0.0016279 0
0.00150118 0
0.00124828 0
0.00112388 0
0.00099699 0
0.000889218 0
0.000756921 0
0.00062607 0
0.000502307 0
0.000374857 0
0.000245358 0
0.000121955 0
0 0
