0.665442 319 -0.9
0.665442 318 -0.67
0.665442 317 -0.38
0.665249 317 -0.36
0.665055 317 -0.25
0.665055 316 -0.24
0.664862 316 -0.18
0.664862 315 -0.16
0.664862 314 -0.07
0.664862 313 -0.06
0.664862 312 -0.01
0.664862 311 0.05
0.664862 310 0.08
0.664862 309 0.16
0.664862 308 0.24
0.664862 307 0.25
0.664862 306 0.28
0.664862 305 0.3
0.664668 305 0.35
0.664475 305 0.37
0.664282 305 0.4
0.664088 305 0.41
0.664088 304 0.48
0.664088 303 0.51
0.664088 302 0.52
0.664088 301 0.53
0.664088 300 0.55
0.663895 300 0.56
0.663895 299 0.57
0.663701 297 0.66
0.663508 296 0.69
0.663315 295 0.73
0.663315 294 0.83
0.663121 294 0.85
0.662928 294 0.86
0.662928 293 0.87
0.662928 292 0.91
0.662734 292 0.95
0.662541 292 0.96
0.662541 291 0.97
0.662348 290 1
0.662154 289 1.02
0.662154 288 1.03
0.661961 288 1.04
0.661768 288 1.05
0.661768 287 1.06
0.661768 286 1.09
0.661574 286 1.1
0.661574 285 1.11
0.661381 284 1.14
0.661381 282 1.16
0.661381 281 1.17
0.661381 280 1.18
0.660994 280 1.19
0.660801 280 1.22
0.660801 279 1.23
0.660607 278 1.25
0.660607 277 1.27
0.660607 276 1.31
0.660607 275 1.32
0.660607 274 1.34
0.660607 273 1.37
0.660607 272 1.38
0.660607 271 1.4
0.660414 271 1.45
0.66022 271 1.46
0.660027 271 1.48
0.660027 270 1.5
0.660027 268 1.54
0.659834 267 1.55
0.659834 266 1.57
0.659447 266 1.58
0.659254 266 1.6
0.65906 265 1.64
0.658867 264 1.68
0.658867 263 1.69
0.658867 262 1.71
0.658867 260 1.76
0.658867 259 1.77
0.658867 258 1.78
0.658673 256 1.81
0.65848 256 1.82
0.65848 254 1.83
0.65848 253 1.84
0.658287 251 1.85
0.658093 251 1.86
0.6579 251 1.89
0.6579 250 1.91
0.657706 248 1.92
0.657706 247 1.93
0.657706 245 1.95
0.657706 244 1.96
0.657513 242 1.97
0.65732 242 1.99
0.657126 241 2
0.656933 239 2.03
0.656933 238 2.04
0.65674 237 2.08
0.656546 236 2.09
0.656353 236 2.1
0.656353 235 2.11
0.656159 235 2.12
0.655966 235 2.13
0.655386 233 2.14
0.655386 232 2.16
0.655386 230 2.18
0.654999 229 2.19
0.654999 228 2.21
0.654806 228 2.22
0.654806 227 2.25
0.654612 227 2.26
0.654419 226 2.28
0.654225 226 2.32
0.654032 225 2.33
0.653839 225 2.35
0.653645 225 2.36
0.653452 225 2.39
0.653452 224 2.4
0.653065 224 2.41
0.652678 222 2.42
0.652678 221 2.43
0.652678 220 2.47
0.652292 220 2.48
0.652098 220 2.49
0.651325 220 2.51
0.651325 219 2.52
0.651325 218 2.53
0.651131 218 2.54
0.650938 217 2.55
0.650551 217 2.57
0.650164 217 2.58
0.650164 216 2.6
0.649971 214 2.61
0.649971 213 2.63
0.649778 213 2.64
0.649584 211 2.66
0.649584 209 2.7
0.649391 208 2.71
0.649197 207 2.72
0.649197 206 2.73
0.648811 206 2.75
0.648617 206 2.76
0.648231 204 2.77
0.648037 204 2.78
0.647844 204 2.79
0.64765 204 2.8
0.647457 204 2.81
0.64707 202 2.83
0.646877 202 2.85
0.64649 202 2.87
0.64591 202 2.88
0.645716 202 2.9
0.645716 200 2.91
0.645523 198 2.92
0.645523 197 2.95
0.645136 197 2.96
0.64475 197 2.97
0.644556 197 2.99
0.644363 196 3
0.643976 196 3.01
0.643976 195 3.02
0.643589 195 3.03
0.643202 195 3.04
0.642816 195 3.06
0.642816 194 3.08
0.642429 192 3.09
0.642236 192 3.1
0.642042 192 3.11
0.642042 190 3.12
0.642042 189 3.13
0.641849 189 3.15
0.641462 188 3.16
0.641462 187 3.17
0.641269 187 3.2
0.640688 187 3.21
0.640302 186 3.22
0.639141 184 3.23
0.638755 184 3.25
0.638368 183 3.27
0.637788 181 3.29
0.637788 180 3.3
0.637788 178 3.31
0.637401 178 3.33
0.637014 177 3.34
0.637014 176 3.35
0.636627 175 3.36
0.636241 174 3.37
0.63566 174 3.38
0.63566 173 3.39
0.635274 172 3.4
0.634693 172 3.41
0.634113 170 3.42
0.634113 168 3.43
0.633533 166 3.44
0.633533 165 3.45
0.63334 164 3.46
0.63334 163 3.47
0.633146 163 3.48
0.63276 161 3.49
0.63276 160 3.5
0.632373 159 3.51
0.632179 158 3.52
0.632179 156 3.53
0.631599 154 3.55
0.631406 154 3.56
0.631019 153 3.57
0.631019 151 3.58
0.630826 150 3.59
0.630632 150 3.6
0.630246 150 3.61
0.630246 149 3.62
0.629859 149 3.64
0.629859 146 3.65
0.629665 143 3.66
0.629472 142 3.67
0.629279 141 3.68
0.628892 140 3.69
0.628699 140 3.7
0.627732 140 3.71
0.627538 138 3.72
0.626958 137 3.73
0.626571 136 3.74
0.626378 136 3.75
0.626378 135 3.76
0.625991 135 3.77
0.625411 133 3.78
0.624831 133 3.79
0.624637 133 3.8
0.624444 132 3.81
0.624251 131 3.82
0.624057 131 3.83
0.623864 131 3.84
0.62367 131 3.85
0.62367 130 3.86
0.623477 130 3.87
0.622897 127 3.88
0.62251 126 3.89
0.622317 126 3.9
0.621737 126 3.92
0.620963 125 3.93
0.620576 125 3.95
0.619803 122 3.96
0.619609 122 3.97
0.619416 120 3.98
0.619416 119 3.99
0.619029 119 4
0.618642 117 4.01
0.618449 117 4.02
0.617869 116 4.04
0.617482 116 4.05
0.616902 116 4.06
0.616902 114 4.07
0.616515 114 4.08
0.616128 114 4.09
0.616128 113 4.1
0.615742 112 4.11
0.615548 111 4.12
0.614775 111 4.13
0.614581 111 4.14
0.614195 111 4.15
0.613808 109 4.16
0.613614 109 4.17
0.612841 108 4.18
0.612647 107 4.19
0.612067 106 4.2
0.611681 104 4.21
0.610714 103 4.22
0.60994 102 4.23
0.60994 100 4.24
0.609747 100 4.25
0.60878 98 4.26
0.6082 97 4.27
0.606652 97 4.28
0.605879 96 4.29
0.605492 96 4.3
0.605299 96 4.31
0.604719 96 4.32
0.603945 96 4.33
0.603365 96 4.34
0.602205 96 4.35
0.601818 96 4.36
0.601238 96 4.37
0.600851 95 4.38
0.600658 95 4.39
0.600464 93 4.4
0.599884 92 4.41
0.599304 92 4.42
0.598917 92 4.43
0.59795 92 4.44
0.59737 90 4.45
0.596983 90 4.46
0.59621 90 4.47
0.595823 88 4.48
0.595629 88 4.49
0.594469 88 4.5
0.593502 87 4.51
0.592922 86 4.52
0.592535 86 4.53
0.591375 85 4.54
0.591182 84 4.55
0.590795 81 4.56
0.589635 81 4.57
0.589054 81 4.58
0.588861 80 4.59
0.588087 80 4.6
0.587894 79 4.61
0.587701 79 4.62
0.58654 79 4.63
0.58538 79 4.64
0.58422 78 4.65
0.583253 78 4.66
0.582866 78 4.67
0.581706 78 4.68
0.581126 78 4.69
0.580159 78 4.7
0.579772 77 4.71
0.578998 77 4.72
0.578805 76 4.73
0.577838 76 4.74
0.576871 74 4.75
0.576097 72 4.76
0.575131 72 4.77
0.574744 72 4.78
0.57455 71 4.79
0.57397 71 4.8
0.57281 71 4.81
0.572036 70 4.82
0.570296 69 4.83
0.569716 69 4.84
0.569329 69 4.85
0.568942 69 4.86
0.567782 69 4.87
0.566815 69 4.88
0.566622 68 4.89
0.566041 68 4.9
0.565074 67 4.91
0.564494 67 4.92
0.563141 67 4.93
0.562754 67 4.94
0.56198 65 4.95
0.561594 65 4.96
0.561207 65 4.97
0.560627 64 4.98
0.560046 61 4.99
0.559079 60 5
0.558693 60 5.01
0.557919 60 5.02
0.556759 59 5.03
0.556179 58 5.04
0.555985 57 5.05
0.555405 57 5.06
0.554438 57 5.07
0.554245 55 5.08
0.553278 55 5.09
0.552891 54 5.1
0.551924 52 5.11
0.551731 52 5.12
0.551537 52 5.13
0.550764 52 5.14
0.550184 52 5.15
0.54941 52 5.16
0.54709 52 5.17
0.545929 52 5.18
0.545542 52 5.19
0.544576 51 5.2
0.543995 51 5.21
0.543415 51 5.22
0.542835 51 5.23
0.542448 51 5.24
0.542061 51 5.25
0.540901 51 5.26
0.540128 51 5.27
0.538774 51 5.28
0.538 51 5.29
0.536647 51 5.3
0.53568 50 5.31
0.535293 50 5.32
0.5351 49 5.33
0.534713 48 5.34
0.534133 47 5.35
0.532392 47 5.36
0.532005 47 5.37
0.531425 46 5.38
0.530265 46 5.39
0.529491 46 5.4
0.528718 45 5.41
0.528138 45 5.42
0.527751 45 5.43
0.526784 44 5.44
0.526204 44 5.45
0.52543 44 5.46
0.524077 44 5.47
0.52311 44 5.48
0.522143 44 5.49
0.521563 44 5.5
0.520209 44 5.51
0.519049 44 5.52
0.518662 44 5.53
0.517501 44 5.54
0.517308 44 5.55
0.517115 43 5.56
0.516728 42 5.57
0.516148 42 5.58
0.514794 42 5.59
0.51344 42 5.6
0.512087 41 5.61
0.510733 41 5.62
0.509959 40 5.63
0.509379 39 5.64
0.508219 39 5.65
0.507832 38 5.66
0.507445 38 5.67
0.507252 38 5.68
0.506285 38 5.69
0.505705 38 5.7
0.504738 37 5.71
0.503964 37 5.72
0.503191 37 5.73
0.502997 37 5.74
0.502417 37 5.75
0.501644 36 5.76
0.50087 36 5.77
0.499517 36 5.78
0.498936 34 5.79
0.498743 34 5.8
0.498356 33 5.81
0.497776 32 5.82
0.497003 31 5.83
0.496616 31 5.84
0.496036 31 5.85
0.495262 31 5.86
0.494488 31 5.87
0.493908 31 5.88
0.492555 31 5.89
0.491394 31 5.9
0.490814 31 5.91
0.490041 31 5.92
0.489267 31 5.93
0.4883 31 5.94
0.48772 30 5.95
0.486753 30 5.96
0.485399 30 5.97
0.483659 30 5.98
0.483272 30 5.99
0.482305 30 6
0.481338 29 6.01
0.480565 28 6.02
0.479404 28 6.03
0.478824 28 6.04
0.478244 28 6.05
0.477084 27 6.06
0.47631 26 6.07
0.475537 25 6.08
0.474763 25 6.09
0.474376 25 6.1
0.473603 25 6.11
0.472829 25 6.12
0.472636 25 6.13
0.472249 25 6.14
0.470702 25 6.15
0.469542 25 6.16
0.468381 25 6.17
0.466254 25 6.18
0.465287 25 6.19
0.46432 24 6.2
0.46374 24 6.21
0.462773 24 6.22
0.462193 24 6.23
0.461033 24 6.24
0.460453 24 6.25
0.460259 24 6.26
0.459486 23 6.27
0.458905 22 6.28
0.457939 22 6.29
0.457552 22 6.3
0.456391 22 6.31
0.455424 22 6.32
0.454844 22 6.33
0.453491 22 6.34
0.45233 21 6.35
0.45175 21 6.36
0.451557 21 6.37
0.451363 21 6.38
0.45001 21 6.39
0.448463 21 6.4
0.447882 20 6.41
0.447302 20 6.42
0.445755 20 6.43
0.444401 20 6.44
0.443241 20 6.45
0.442081 20 6.46
0.441307 20 6.47
0.440534 19 6.48
0.43918 19 6.49
0.4386 19 6.5
0.437246 19 6.51
0.436279 19 6.52
0.434926 19 6.53
0.433765 19 6.54
0.432605 19 6.55
0.431251 19 6.56
0.430478 18 6.57
0.429511 18 6.58
0.428544 18 6.59
0.427577 18 6.6
0.426997 17 6.61
0.425643 17 6.62
0.424096 17 6.63
0.422549 17 6.64
0.421389 17 6.65
0.420808 17 6.66
0.419841 17 6.67
0.418488 17 6.68
0.418294 17 6.69
0.417134 17 6.7
0.41462 17 6.71
0.413846 17 6.72
0.413266 17 6.73
0.411913 17 6.74
0.410946 17 6.75
0.409979 17 6.76
0.408818 17 6.77
0.407658 17 6.78
0.406304 17 6.79
0.403984 17 6.8
0.40321 16 6.81
0.40263 15 6.82
0.401663 15 6.83
0.40089 15 6.84
0.398956 14 6.85
0.398569 14 6.86
0.397602 14 6.87
0.396635 14 6.88
0.395281 14 6.89
0.394508 14 6.9
0.392767 14 6.91
0.3918 14 6.92
0.391027 14 6.93
0.389286 14 6.94
0.388319 14 6.95
0.387353 14 6.96
0.386386 14 6.97
0.385225 14 6.98
0.383678 14 6.99
0.382905 14 7
0.381164 13 7.01
0.380004 13 7.02
0.378263 13 7.03
0.377296 13 7.04
0.377103 13 7.05
0.375363 13 7.06
0.374396 13 7.07
0.373429 13 7.08
0.372462 12 7.09
0.371688 12 7.1
0.370528 12 7.11
0.368981 12 7.12
0.368594 12 7.13
0.368014 12 7.14
0.36666 11 7.15
0.365693 11 7.16
0.365307 11 7.17
0.364146 11 7.18
0.363179 11 7.19
0.361632 11 7.2
0.360859 10 7.21
0.358731 10 7.22
0.357764 10 7.23
0.356411 10 7.24
0.35409 10 7.25
0.352156 9 7.26
0.351576 9 7.27
0.350803 9 7.28
0.349062 9 7.29
0.348095 9 7.3
0.347515 9 7.31
0.346741 8 7.32
0.345388 8 7.33
0.344421 8 7.34
0.34268 8 7.35
0.341327 8 7.36
0.34036 8 7.37
0.339393 8 7.38
0.337266 7 7.39
0.335912 6 7.4
0.334365 6 7.41
0.332624 6 7.42
0.332237 6 7.43
0.331077 6 7.44
0.329337 5 7.45
0.327983 5 7.46
0.327016 5 7.47
0.326629 5 7.48
0.325856 5 7.49
0.324889 5 7.5
0.323922 5 7.51
0.323342 5 7.52
0.322375 5 7.53
0.321988 5 7.54
0.321214 5 7.55
0.319861 5 7.56
0.3187 5 7.57
0.317734 5 7.58
0.315993 5 7.59
0.314446 5 7.6
0.313866 5 7.61
0.312125 5 7.62
0.311352 5 7.63
0.309611 5 7.64
0.309031 5 7.65
0.308258 5 7.66
0.307484 5 7.67
0.306904 5 7.68
0.30497 5 7.69
0.30323 5 7.7
0.301489 5 7.71
0.299942 5 7.72
0.298202 5 7.73
0.297041 4 7.74
0.296074 4 7.75
0.295301 4 7.76
0.294721 4 7.77
0.292013 4 7.78
0.290853 4 7.79
0.288532 4 7.8
0.287565 4 7.81
0.285825 4 7.82
0.284471 4 7.83
0.283311 4 7.84
0.282731 4 7.85
0.281957 4 7.86
0.28041 4 7.87
0.27983 4 7.88
0.27867 4 7.89
0.276929 4 7.9
0.275575 4 7.91
0.274415 4 7.92
0.274028 4 7.93
0.272094 4 7.94
0.271127 4 7.95
0.270161 4 7.96
0.269194 4 7.97
0.268613 4 7.98
0.266873 4 7.99
0.265906 4 8
0.263972 4 8.01
0.263585 4 8.02
0.262812 4 8.03
0.261845 4 8.04
0.260878 4 8.05
0.259911 4 8.06
0.258751 4 8.07
0.257204 4 8.08
0.25643 4 8.09
0.25585 4 8.1
0.254496 4 8.11
0.253916 4 8.12
0.253529 4 8.13
0.252369 4 8.14
0.251402 4 8.15
0.250242 4 8.16
0.249662 4 8.17
0.248695 3 8.18
0.247728 3 8.19
0.246374 3 8.2
0.244634 3 8.21
0.243667 3 8.22
0.243086 3 8.24
0.242313 3 8.25
0.241733 3 8.26
0.240572 3 8.27
0.239219 3 8.28
0.238058 3 8.29
0.236705 3 8.3
0.235931 3 8.31
0.234964 3 8.32
0.234384 3 8.33
0.233224 3 8.34
0.23245 3 8.35
0.231677 2 8.36
0.230903 2 8.37
0.229743 2 8.38
0.228776 2 8.39
0.227809 2 8.4
0.225875 2 8.41
0.225102 2 8.42
0.223941 2 8.43
0.223168 2 8.44
0.222201 2 8.45
0.22046 2 8.46
0.219107 2 8.47
0.218526 2 8.48
0.217946 2 8.49
0.216786 2 8.5
0.216206 2 8.51
0.215432 2 8.52
0.214272 2 8.53
0.213498 2 8.54
0.212531 2 8.55
0.212338 2 8.56
0.210984 2 8.57
0.210404 2 8.58
0.208277 2 8.59
0.20731 2 8.6
0.205956 2 8.61
0.205183 2 8.62
0.204796 2 8.63
0.203056 2 8.64
0.201508 2 8.65
0.200541 2 8.66
0.199768 2 8.67
0.198027 2 8.68
0.1959 2 8.69
0.194353 2 8.7
0.193773 2 8.71
0.192613 2 8.72
0.191646 2 8.73
0.190485 2 8.74
0.188358 2 8.75
0.187971 2 8.76
0.187391 2 8.77
0.186618 2 8.78
0.185457 2 8.79
0.184104 2 8.8
0.18333 2 8.81
0.18275 2 8.82
0.181976 2 8.83
0.180429 2 8.84
0.178882 2 8.85
0.178302 2 8.86
0.176562 2 8.87
0.175788 2 8.88
0.174821 1 8.89
0.173661 1 8.9
0.172694 1 8.91
0.171147 0 8.92
0.16902 0 8.93
0.167666 0 8.94
0.166312 0 8.95
0.165345 0 8.96
0.163991 0 8.97
0.162831 0 8.98
0.161477 0 8.99
0.159737 0 9
0.159157 0 9.01
0.15761 0 9.02
0.155869 0 9.03
0.155482 0 9.04
0.155096 0 9.05
0.154322 0 9.06
0.153162 0 9.07
0.152002 0 9.08
0.151035 0 9.09
0.150068 0 9.1
0.149681 0 9.11
0.148521 0 9.12
0.14794 0 9.13
0.14678 0 9.14
0.1462 0 9.15
0.14562 0 9.16
0.14504 0 9.17
0.144073 0 9.18
0.143299 0 9.19
0.142332 0 9.2
0.141172 0 9.21
0.139431 0 9.22
0.138851 0 9.23
0.138658 0 9.24
0.138271 0 9.25
0.137111 0 9.26
0.136724 0 9.27
0.136144 0 9.28
0.13479 0 9.29
0.13421 0 9.3
0.13363 0 9.31
0.132663 0 9.32
0.131503 0 9.33
0.131309 0 9.34
0.130729 0 9.35
0.130149 0 9.36
0.129182 0 9.37
0.127828 0 9.38
0.127055 0 9.39
0.126281 0 9.4
0.125508 0 9.41
0.125121 0 9.42
0.124347 0 9.43
0.124154 0 9.44
0.122994 0 9.45
0.122027 0 9.46
0.12164 0 9.47
0.121253 0 9.48
0.120673 0 9.49
0.120093 0 9.5
0.118739 0 9.51
0.117579 0 9.52
0.117192 0 9.54
0.116999 0 9.55
0.115838 0 9.56
0.115065 0 9.57
0.114485 0 9.58
0.113711 0 9.59
0.112938 0 9.6
0.111777 0 9.61
0.110424 0 9.62
0.109263 0 9.63
0.108296 0 9.64
0.107716 0 9.65
0.106749 0 9.66
0.106169 0 9.67
0.105782 0 9.68
0.105009 0 9.69
0.103848 0 9.7
0.103655 0 9.71
0.103268 0 9.73
0.103075 0 9.74
0.102881 0 9.75
0.101721 0 9.76
0.100754 0 9.77
0.0995939 0 9.78
0.0990137 0 9.79
0.0980468 0 9.8
0.0968865 0 9.81
0.0959196 0 9.82
0.0953394 0 9.83
0.0949526 0 9.84
0.0947592 0 9.85
0.0943725 0 9.86
0.0934055 0 9.87
0.0922452 0 9.88
0.0910849 0 9.89
0.0908915 0 9.9
0.0899246 0 9.91
0.0889576 0 9.92
0.0879907 0 9.93
0.0876039 0 9.94
0.0864436 0 9.95
0.0854767 0 9.96
0.0848965 0 9.97
0.0847032 0 9.98
0.0839296 0 9.99
0.0829627 0 10
0.0823825 0 10.01
0.0821891 0 10.02
0.0814156 0 10.03
0.0810288 0 10.04
0.0808354 0 10.05
0.0804487 0 10.06
0.0800619 0 10.07
0.0796751 0 10.08
0.079095 0 10.1
0.0783214 0 10.11
0.0763875 0 10.12
0.075614 0 10.13
0.0746471 0 10.14
0.0738735 0 10.15
0.0727132 0 10.16
0.072133 0 10.17
0.0717463 0 10.18
0.0707793 0 10.19
0.0701992 0 10.2
0.0698124 0 10.21
0.069619 0 10.22
0.0690389 0 10.23
0.0688455 0 10.24
0.0686521 0 10.25
0.0682653 0 10.26
0.0676852 0 10.27
0.0669116 0 10.28
0.0667182 0 10.29
0.0663315 0 10.3
0.0647844 0 10.31
0.0643976 0 10.32
0.0640108 0 10.33
0.0634307 0 10.34
0.0632373 0 10.35
0.0630439 0 10.36
0.0626571 0 10.37
0.062077 0 10.38
0.0618836 0 10.39
0.0614968 0 10.4
0.06111 0 10.41
0.0607233 0 10.42
0.0601431 0 10.43
0.0597563 0 10.44
0.0591762 0 10.45
0.0589828 0 10.46
0.058596 0 10.47
0.0580159 0 10.48
0.0574357 0 10.5
0.0564688 0 10.51
0.0555018 0 10.52
0.0547283 0 10.53
0.0543415 0 10.54
0.0537614 0 10.55
0.0531812 0 10.56
0.0527944 0 10.57
0.0522143 0 10.58
0.0516341 0 10.59
0.0514407 0 10.61
0.051054 0 10.62
0.0504738 0 10.63
0.0491201 0 10.64
0.0489267 0 10.65
0.0485399 0 10.66
0.0481532 0 10.67
0.0477664 0 10.68
0.0469928 0 10.69
0.0462193 0 10.7
0.0454458 0 10.71
0.0452524 0 10.72
0.045059 0 10.73
0.0444788 0 10.74
0.0442854 0 10.75
0.0437053 0 10.76
0.0431251 0 10.77
0.042545 0 10.78
0.0423516 0 10.79
0.0421582 0 10.8
0.041578 0 10.82
0.0411913 0 10.83
0.0408045 0 10.84
0.0406111 0 10.85
0.0400309 0 10.86
0.0396442 0 10.87
0.0394508 0 10.88
0.0392574 0 10.89
0.0384839 0 10.9
0.0377103 0 10.91
0.0373235 0 10.92
0.0371301 0 10.93
0.03655 0 10.95
0.0357764 0 10.96
0.0355831 0 10.97
0.0351963 0 10.98
0.0350029 0 10.99
0.0342294 0 11
0.0334558 0 11.01
0.033069 0 11.03
0.0328757 0 11.04
0.0326823 0 11.06
0.0321021 0 11.07
0.0319087 0 11.08
0.0315219 0 11.09
0.0309418 0 11.13
0.0301682 0 11.14
0.0297815 0 11.17
0.0293947 0 11.19
0.0292013 0 11.2
0.0288145 0 11.21
0.0284278 0 11.22
0.0282344 0 11.23
0.0278476 0 11.25
0.0270741 0 11.26
0.0261071 0 11.28
0.025527 0 11.29
0.0253336 0 11.3
0.0249468 0 11.31
0.0247534 0 11.34
0.0243667 0 11.36
0.0239799 0 11.37
0.0237865 0 11.38
0.0233997 0 11.39
0.0232063 0 11.4
0.0222394 0 11.41
0.0218526 0 11.42
0.0208857 0 11.43
0.0201122 0 11.46
0.0197254 0 11.49
0.0193386 0 11.5
0.0191452 0 11.51
0.0187585 0 11.52
0.0183717 0 11.53
0.0181783 0 11.54
0.0179849 0 11.55
0.0177915 0 11.57
0.0175981 0 11.58
0.0172114 0 11.59
0.017018 0 11.61
0.0166312 0 11.62
0.0162444 0 11.65
0.0160511 0 11.66
0.0156643 0 11.67
0.0154709 0 11.68
0.0150841 0 11.7
0.0148907 0 11.71
0.014504 0 11.73
0.0139238 0 11.77
0.0137304 0 11.78
0.013537 0 11.79
0.0133436 0 11.8
0.0131503 0 11.81
0.0127635 0 11.84
0.0125701 0 11.85
0.0123767 0 11.87
0.0119899 0 11.9
0.0117966 0 11.91
0.0116032 0 11.92
0.0114098 0 11.93
0.0112164 0 11.95
0.0108296 0 11.97
0.0104429 0 11.99
0.0102495 0 12
0.0100561 0 12.03
0.0098627 0 12.04
0.00966931 0 12.05
0.00947592 0 12.07
0.00928254 0 12.09
0.00908915 0 12.18
0.00889576 0 12.19
0.00870238 0 12.2
0.00850899 0 12.23
0.00812222 0 12.24
0.00792883 0 12.25
0.00773545 0 12.27
0.00754206 0 12.32
0.00734868 0 12.37
0.0069619 0 12.42
0.00676852 0 12.47
0.00638174 0 12.49
0.00618836 0 12.53
0.00599497 0 12.54
0.0056082 0 12.56
0.00541481 0 12.58
0.00522143 0 12.64
0.00502804 0 12.65
0.00464127 0 12.68
0.0042545 0 12.74
0.00406111 0 12.78
0.00367434 0 12.8
0.00348095 0 12.91
0.00328757 0 12.92
0.00309418 0 12.99
0.00290079 0 13.01
0.00251402 0 13.07
0.00232063 0 13.08
0.00212725 0 13.1
0.00193386 0 13.18
0.00174048 0 13.23
0.00154709 0 13.24
0.0013537 0 13.28
0.00116032 0 13.29
0.000966931 0 13.34
0.000773545 0 13.5
0.000580159 0 13.51
0.000386772 0 13.8
0.000193386 0 14.13
0 0 1.79769e+308
