0.650164 227 -0.36
0.649971 227 -0.06
0.649971 226 0.3
0.649778 226 0.37
0.649584 226 0.48
0.649584 225 0.53
0.649584 224 0.56
0.649584 223 0.57
0.649391 222 0.69
0.649391 221 0.85
0.649197 221 0.86
0.649197 220 0.91
0.649004 220 0.95
0.648811 220 0.96
0.648811 219 0.97
0.648617 218 1.02
0.648617 217 1.03
0.648424 217 1.04
0.648231 217 1.06
0.648231 216 1.09
0.648037 216 1.1
0.648037 215 1.14
0.648037 214 1.17
0.648037 213 1.18
0.647844 213 1.25
0.647844 212 1.27
0.647844 211 1.31
0.647844 210 1.38
0.647844 209 1.4
0.64765 209 1.46
0.647457 209 1.48
0.647457 208 1.55
0.647457 207 1.57
0.647264 207 1.6
0.64707 207 1.64
0.64707 206 1.68
0.64707 205 1.71
0.64707 203 1.77
0.64707 202 1.78
0.64707 201 1.82
0.64707 200 1.83
0.64707 199 1.84
0.646877 197 1.85
0.646683 197 1.86
0.64649 197 1.89
0.64649 196 1.91
0.64649 195 1.92
0.64649 194 1.93
0.64649 193 1.95
0.64649 192 1.96
0.646297 191 1.97
0.646103 191 1.99
0.646103 190 2
0.64591 188 2.04
0.645716 187 2.08
0.645523 186 2.09
0.64533 186 2.1
0.64533 185 2.11
0.645136 185 2.12
0.644943 185 2.13
0.644556 183 2.14
0.644556 182 2.16
0.644556 180 2.18
0.644169 179 2.25
0.643976 179 2.26
0.643976 178 2.28
0.643783 178 2.33
0.643589 178 2.36
0.643396 178 2.39
0.643396 177 2.4
0.643009 177 2.41
0.642622 177 2.47
0.642236 177 2.48
0.642042 177 2.49
0.641269 177 2.51
0.641269 176 2.52
0.641269 175 2.53
0.641075 175 2.54
0.640882 174 2.55
0.640495 174 2.57
0.640108 174 2.6
0.639915 173 2.61
0.639722 172 2.63
0.639528 172 2.64
0.639528 170 2.66
0.639528 168 2.7
0.639335 167 2.71
0.639141 166 2.72
0.639141 165 2.73
0.638755 165 2.75
0.638561 165 2.76
0.638368 163 2.77
0.638174 163 2.78
0.637981 163 2.79
0.637788 163 2.8
0.637594 163 2.81
0.637401 161 2.83
0.637208 161 2.85
0.637014 161 2.87
0.636434 161 2.88
0.636241 161 2.9
0.636047 160 2.91
0.635854 159 2.92
0.635854 158 2.95
0.635467 158 2.96
0.63508 158 2.97
0.634887 158 2.98
0.634693 158 2.99
0.6345 157 3
0.634113 157 3.01
0.634113 156 3.02
0.633727 156 3.03
0.633533 156 3.04
0.63334 156 3.06
0.63334 155 3.08
0.632953 154 3.09
0.63276 154 3.1
0.632566 154 3.11
0.632566 153 3.12
0.632566 152 3.15
0.632179 152 3.2
0.631793 152 3.21
0.631406 151 3.22
0.630246 149 3.23
0.629859 149 3.25
0.629472 149 3.27
0.628892 148 3.29
0.628892 147 3.3
0.628892 145 3.31
0.628699 145 3.33
0.628312 144 3.34
0.628312 143 3.35
0.627925 142 3.36
0.627538 141 3.37
0.626958 141 3.38
0.626958 140 3.39
0.626571 139 3.4
0.626184 139 3.41
0.625604 137 3.42
0.625604 136 3.43
0.625024 135 3.45
0.625024 134 3.46
0.625024 133 3.47
0.624831 133 3.48
0.624637 132 3.49
0.624637 131 3.5
0.624251 131 3.51
0.624057 130 3.52
0.624057 128 3.53
0.623477 126 3.55
0.623284 126 3.56
0.622897 125 3.57
0.622897 123 3.58
0.622704 123 3.59
0.62251 123 3.6
0.622123 123 3.61
0.622123 122 3.62
0.621737 122 3.64
0.621737 121 3.65
0.621543 118 3.66
0.621543 117 3.67
0.62135 116 3.68
0.620963 115 3.69
0.62077 115 3.7
0.619803 115 3.71
0.619609 114 3.72
0.619223 113 3.73
0.618836 112 3.74
0.618642 112 3.75
0.618642 111 3.76
0.618256 111 3.77
0.617869 110 3.78
0.617482 110 3.79
0.617289 110 3.8
0.617095 109 3.81
0.616902 108 3.82
0.616709 108 3.83
0.616515 108 3.84
0.616322 108 3.85
0.616322 107 3.86
0.616128 107 3.87
0.615548 104 3.88
0.615161 103 3.89
0.614968 103 3.9
0.614388 103 3.92
0.613614 102 3.93
0.613421 102 3.95
0.613034 99 3.96
0.612841 99 3.97
0.612647 97 3.98
0.612647 96 3.99
0.612261 96 4
0.611874 95 4.01
0.611681 95 4.02
0.6111 95 4.04
0.610714 95 4.05
0.610327 95 4.06
0.610327 93 4.07
0.60994 93 4.08
0.609553 93 4.09
0.609553 92 4.1
0.609167 91 4.11
0.608973 90 4.12
0.608393 90 4.13
0.6082 90 4.14
0.607813 90 4.15
0.607426 88 4.16
0.607233 88 4.17
0.606459 88 4.18
0.606266 87 4.19
0.605686 87 4.2
0.605299 87 4.21
0.604525 86 4.22
0.603752 85 4.23
0.603752 83 4.24
0.603558 83 4.25
0.602591 81 4.26
0.602011 80 4.27
0.600658 80 4.28
0.599884 79 4.29
0.599497 79 4.3
0.599304 79 4.31
0.598724 79 4.32
0.597757 79 4.33
0.597177 79 4.34
0.596016 79 4.35
0.595823 79 4.36
0.595243 79 4.37
0.594856 78 4.38
0.594663 78 4.39
0.594469 76 4.4
0.593889 76 4.41
0.593309 76 4.42
0.592922 76 4.43
0.591955 76 4.44
0.591375 75 4.45
0.590988 75 4.46
0.590021 75 4.47
0.589635 74 4.48
0.589441 74 4.49
0.588281 74 4.5
0.587507 73 4.51
0.586927 73 4.52
0.58654 72 4.53
0.58538 72 4.54
0.585187 71 4.55
0.5848 68 4.56
0.58364 68 4.57
0.583059 68 4.58
0.582673 68 4.59
0.581899 68 4.6
0.581706 67 4.61
0.581512 67 4.62
0.580352 67 4.63
0.579192 67 4.64
0.578031 67 4.65
0.577258 67 4.66
0.576871 67 4.67
0.575904 67 4.68
0.575324 67 4.69
0.57455 67 4.7
0.574164 66 4.71
0.57339 66 4.72
0.573197 65 4.73
0.57223 65 4.74
0.571263 63 4.75
0.570683 61 4.76
0.569716 61 4.77
0.569329 60 4.78
0.569136 59 4.79
0.568555 59 4.8
0.567395 59 4.81
0.566622 59 4.82
0.565074 58 4.83
0.564494 58 4.84
0.564108 58 4.85
0.563721 58 4.86
0.562754 58 4.87
0.561787 58 4.88
0.561594 57 4.89
0.561013 57 4.9
0.560046 56 4.91
0.559466 56 4.92
0.558113 56 4.93
0.557726 56 4.94
0.556952 55 4.95
0.556565 55 4.96
0.556179 55 4.97
0.555405 54 4.98
0.555018 52 4.99
0.554245 52 5
0.554051 52 5.01
0.553278 52 5.02
0.552311 51 5.03
0.551731 50 5.04
0.551731 49 5.05
0.551344 49 5.06
0.550377 49 5.07
0.550184 47 5.08
0.549217 47 5.09
0.54883 47 5.1
0.547863 45 5.11
0.54767 45 5.12
0.547476 45 5.13
0.546703 45 5.14
0.546123 45 5.15
0.545349 44 5.16
0.543415 44 5.17
0.542255 44 5.18
0.541868 44 5.19
0.541095 43 5.2
0.540514 43 5.21
0.539934 43 5.22
0.539354 43 5.23
0.538967 43 5.24
0.538581 43 5.25
0.537227 43 5.26
0.536453 43 5.27
0.5351 43 5.28
0.534326 43 5.29
0.532972 43 5.3
0.532199 42 5.31
0.531812 42 5.32
0.531619 41 5.33
0.531232 40 5.34
0.530652 40 5.35
0.529105 40 5.36
0.528718 40 5.37
0.528138 39 5.38
0.526977 39 5.39
0.526204 39 5.4
0.52543 39 5.41
0.52485 39 5.42
0.524463 39 5.43
0.523496 38 5.44
0.522916 38 5.45
0.522143 38 5.46
0.520982 38 5.47
0.520015 38 5.48
0.519049 38 5.49
0.518468 38 5.5
0.517115 38 5.51
0.515954 38 5.52
0.515568 38 5.53
0.514407 38 5.54
0.514214 38 5.55
0.51402 38 5.56
0.513634 37 5.57
0.513054 37 5.58
0.511893 37 5.59
0.510733 37 5.6
0.509573 36 5.61
0.508219 36 5.62
0.507445 35 5.63
0.506865 34 5.64
0.505512 34 5.65
0.505125 33 5.66
0.504931 33 5.67
0.504738 33 5.68
0.503964 33 5.69
0.503384 33 5.7
0.502417 32 5.71
0.501644 32 5.72
0.50087 32 5.73
0.500677 32 5.74
0.500097 32 5.75
0.499323 31 5.76
0.49855 31 5.77
0.497196 31 5.78
0.496616 29 5.79
0.496422 29 5.8
0.496036 28 5.81
0.495455 28 5.82
0.494682 27 5.83
0.494295 27 5.84
0.493522 27 5.85
0.492748 27 5.86
0.491974 27 5.87
0.491394 27 5.88
0.490041 27 5.89
0.488687 27 5.9
0.4883 27 5.91
0.487527 27 5.92
0.48656 27 5.93
0.485593 27 5.94
0.485013 27 5.95
0.484046 27 5.96
0.482692 27 5.97
0.481145 27 5.98
0.480758 27 5.99
0.479791 27 6
0.479018 26 6.01
0.478437 25 6.02
0.477277 25 6.03
0.476697 25 6.04
0.476117 25 6.05
0.47515 24 6.06
0.47457 23 6.07
0.473796 22 6.08
0.473216 22 6.09
0.472829 22 6.1
0.472056 22 6.11
0.471476 22 6.12
0.471282 22 6.13
0.471089 22 6.14
0.469542 22 6.15
0.468381 22 6.16
0.467221 22 6.17
0.465287 22 6.18
0.46432 22 6.19
0.463353 21 6.2
0.462773 21 6.21
0.461806 21 6.22
0.461226 21 6.23
0.460259 21 6.24
0.459679 21 6.25
0.459486 21 6.26
0.458712 20 6.27
0.458132 19 6.28
0.457165 19 6.29
0.456778 19 6.3
0.455811 19 6.31
0.454844 19 6.32
0.454264 19 6.33
0.45291 19 6.34
0.451557 19 6.35
0.450977 19 6.36
0.450783 19 6.37
0.45059 19 6.38
0.449236 19 6.39
0.447689 19 6.4
0.447109 18 6.41
0.446529 18 6.42
0.444982 18 6.43
0.443628 18 6.44
0.442468 18 6.45
0.441307 18 6.46
0.440534 18 6.47
0.43976 17 6.48
0.438406 17 6.49
0.437826 17 6.5
0.436473 17 6.51
0.435506 17 6.52
0.434152 17 6.53
0.432992 17 6.54
0.431831 17 6.55
0.430478 17 6.56
0.429704 16 6.57
0.428737 16 6.58
0.42777 16 6.59
0.426803 16 6.6
0.426223 15 6.61
0.424869 15 6.62
0.423322 15 6.63
0.421775 15 6.64
0.420808 15 6.65
0.420228 15 6.66
0.419261 15 6.67
0.417908 15 6.68
0.417714 15 6.69
0.416554 15 6.7
0.41404 15 6.71
0.413266 15 6.72
0.412686 15 6.73
0.411332 15 6.74
0.410365 15 6.75
0.409399 15 6.76
0.408238 15 6.77
0.407078 15 6.78
0.405724 15 6.79
0.403404 15 6.8
0.40263 14 6.81
0.40205 14 6.82
0.401083 14 6.83
0.400309 14 6.84
0.398376 13 6.85
0.397989 13 6.86
0.397022 13 6.87
0.395862 13 6.88
0.394508 13 6.89
0.393734 13 6.9
0.391994 13 6.91
0.391027 13 6.92
0.390253 13 6.93
0.388513 13 6.94
0.387546 13 6.95
0.386579 13 6.96
0.385612 13 6.97
0.384452 13 6.98
0.382905 13 6.99
0.382131 13 7
0.380391 12 7.01
0.37923 12 7.02
0.37749 12 7.03
0.376716 12 7.04
0.376523 12 7.05
0.374782 12 7.06
0.373816 12 7.07
0.372849 12 7.08
0.371882 11 7.09
0.371108 11 7.1
0.369948 11 7.11
0.368401 11 7.12
0.368014 11 7.13
0.367434 11 7.14
0.36608 10 7.15
0.365113 10 7.16
0.364726 10 7.17
0.363759 10 7.18
0.362792 10 7.19
0.361245 10 7.2
0.360472 9 7.21
0.358538 9 7.22
0.357571 9 7.23
0.356217 9 7.24
0.353897 9 7.25
0.351963 8 7.26
0.351383 8 7.27
0.350609 8 7.28
0.348869 8 7.29
0.347902 8 7.3
0.347322 8 7.31
0.346548 7 7.32
0.345194 7 7.33
0.344227 7 7.34
0.342487 7 7.35
0.341133 7 7.36
0.340166 7 7.37
0.339199 7 7.38
0.337072 6 7.39
0.335718 5 7.4
0.334171 5 7.41
0.332624 5 7.42
0.332237 5 7.43
0.331077 5 7.44
0.329337 4 7.45
0.327983 4 7.46
0.327016 4 7.47
0.326629 4 7.48
0.325856 4 7.49
0.324889 4 7.5
0.323922 4 7.51
0.323342 4 7.52
0.322375 4 7.53
0.321988 4 7.54
0.321214 4 7.55
0.319861 4 7.56
0.3187 4 7.57
0.317927 4 7.58
0.316186 4 7.59
0.314639 4 7.6
0.314059 4 7.61
0.312319 4 7.62
0.311545 4 7.63
0.309805 4 7.64
0.309225 4 7.65
0.308451 4 7.66
0.307677 4 7.67
0.307097 4 7.68
0.305163 4 7.69
0.303423 4 7.7
0.301682 4 7.71
0.300135 4 7.72
0.298395 4 7.73
0.297235 3 7.74
0.296268 3 7.75
0.295494 3 7.76
0.294914 3 7.77
0.292207 3 7.78
0.291046 3 7.79
0.288726 3 7.8
0.287759 3 7.81
0.286018 3 7.82
0.284664 3 7.83
0.283504 3 7.84
0.282924 3 7.85
0.28215 3 7.86
0.280603 3 7.87
0.280023 3 7.88
0.278863 3 7.89
0.277122 3 7.9
0.275769 3 7.91
0.274608 3 7.92
0.274222 3 7.93
0.272288 3 7.94
0.271321 3 7.95
0.270354 3 7.96
0.269387 3 7.97
0.268807 3 7.98
0.267066 3 7.99
0.266099 3 8
0.264166 3 8.01
0.263779 3 8.02
0.263005 3 8.03
0.262038 3 8.04
0.261071 3 8.05
0.260104 3 8.06
0.258944 3 8.07
0.25759 3 8.08
0.256817 3 8.09
0.256237 3 8.1
0.254883 3 8.11
0.254303 3 8.12
0.253916 3 8.13
0.252756 3 8.14
0.251789 3 8.15
0.250629 3 8.16
0.250048 3 8.17
0.249081 2 8.18
0.248114 2 8.19
0.246954 2 8.2
0.245214 2 8.21
0.244247 2 8.22
0.243667 2 8.24
0.243086 2 8.25
0.242506 2 8.26
0.241346 2 8.27
0.239992 2 8.28
0.238832 2 8.29
0.237478 2 8.3
0.236705 2 8.31
0.235738 2 8.32
0.235158 2 8.33
0.233997 2 8.34
0.233224 2 8.35
0.23245 2 8.36
0.231677 2 8.37
0.230323 2 8.38
0.229356 2 8.39
0.228389 2 8.4
0.226455 2 8.41
0.225682 2 8.42
0.224715 2 8.43
0.223748 2 8.44
0.222781 2 8.45
0.22104 2 8.46
0.219687 2 8.47
0.219107 2 8.48
0.218526 2 8.49
0.217366 2 8.5
0.216786 2 8.51
0.216012 2 8.52
0.214852 2 8.53
0.214079 2 8.54
0.213112 2 8.55
0.212918 2 8.56
0.211564 2 8.57
0.210984 2 8.58
0.208857 2 8.59
0.20789 2 8.6
0.206536 2 8.61
0.205763 2 8.62
0.205376 2 8.63
0.203636 2 8.64
0.202089 2 8.65
0.201122 2 8.66
0.200348 2 8.67
0.198608 2 8.68
0.19648 2 8.69
0.194933 2 8.7
0.194353 2 8.71
0.193193 2 8.72
0.192226 2 8.73
0.191066 2 8.74
0.188938 2 8.75
0.188552 2 8.76
0.187971 2 8.77
0.187198 2 8.78
0.186038 2 8.79
0.184684 2 8.8
0.18391 2 8.81
0.18333 2 8.82
0.182557 2 8.83
0.181009 2 8.84
0.179462 2 8.85
0.178882 2 8.86
0.177142 2 8.87
0.176368 2 8.88
0.175401 1 8.89
0.174241 1 8.9
0.173274 1 8.91
0.171727 0 8.92
0.1696 0 8.93
0.168246 0 8.94
0.166892 0 8.95
0.165925 0 8.96
0.164572 0 8.97
0.163411 0 8.98
0.162058 0 8.99
0.160317 0 9
0.159737 0 9.01
0.15819 0 9.02
0.156449 0 9.03
0.156063 0 9.04
0.155676 0 9.05
0.154902 0 9.06
0.153742 0 9.07
0.152582 0 9.08
0.151615 0 9.09
0.150648 0 9.1
0.150261 0 9.11
0.149101 0 9.12
0.148521 0 9.13
0.14736 0 9.14
0.14678 0 9.15
0.1462 0 9.16
0.14562 0 9.17
0.144653 0 9.18
0.143879 0 9.19
0.142912 0 9.2
0.141752 0 9.21
0.140012 0 9.22
0.139431 0 9.23
0.139238 0 9.24
0.138851 0 9.25
0.137691 0 9.26
0.137304 0 9.27
0.136724 0 9.28
0.13537 0 9.29
0.13479 0 9.3
0.13421 0 9.31
0.133243 0 9.32
0.132083 0 9.33
0.131889 0 9.34
0.131309 0 9.35
0.130729 0 9.36
0.129762 0 9.37
0.128408 0 9.38
0.127635 0 9.39
0.126668 0 9.4
0.125894 0 9.41
0.125508 0 9.42
0.124734 0 9.43
0.124541 0 9.44
0.12338 0 9.45
0.122413 0 9.46
0.122027 0 9.47
0.12164 0 9.48
0.12106 0 9.49
0.12048 0 9.5
0.119126 0 9.51
0.117966 0 9.52
0.117579 0 9.54
0.117385 0 9.55
0.116225 0 9.56
0.115452 0 9.57
0.114871 0 9.58
0.114098 0 9.59
0.113324 0 9.6
0.112164 0 9.61
0.11081 0 9.62
0.10965 0 9.63
0.108683 0 9.64
0.108103 0 9.65
0.107136 0 9.66
0.106556 0 9.67
0.106169 0 9.68
0.105395 0 9.69
0.104235 0 9.7
0.104042 0 9.71
0.103655 0 9.73
0.103462 0 9.74
0.103268 0 9.75
0.102108 0 9.76
0.101141 0 9.77
0.0999807 0 9.78
0.0994005 0 9.79
0.0984336 0 9.8
0.0972733 0 9.81
0.0961129 0 9.82
0.0955328 0 9.83
0.095146 0 9.84
0.0949526 0 9.85
0.0945658 0 9.86
0.0935989 0 9.87
0.0924386 0 9.88
0.0912783 0 9.89
0.0910849 0 9.9
0.090118 0 9.91
0.089151 0 9.92
0.0881841 0 9.93
0.0877973 0 9.94
0.086637 0 9.95
0.0856701 0 9.96
0.0850899 0 9.97
0.0848965 0 9.98
0.084123 0 9.99
0.0831561 0 10
0.0825759 0 10.01
0.0823825 0 10.02
0.081609 0 10.03
0.0812222 0 10.04
0.0810288 0 10.05
0.080642 0 10.06
0.0802553 0 10.07
0.0798685 0 10.08
0.0792883 0 10.1
0.0785148 0 10.11
0.0765809 0 10.12
0.0758074 0 10.13
0.0748405 0 10.14
0.0740669 0 10.15
0.0729066 0 10.16
0.0723264 0 10.17
0.0719397 0 10.18
0.0709727 0 10.19
0.0703926 0 10.2
0.0700058 0 10.21
0.0698124 0 10.22
0.0692323 0 10.23
0.0690389 0 10.24
0.0688455 0 10.25
0.0684587 0 10.26
0.0678786 0 10.27
0.067105 0 10.28
0.0669116 0 10.29
0.0665249 0 10.3
0.0649778 0 10.31
0.064591 0 10.32
0.0642042 0 10.33
0.0636241 0 10.34
0.0634307 0 10.35
0.0632373 0 10.36
0.0628505 0 10.37
0.0622704 0 10.38
0.062077 0 10.39
0.0616902 0 10.4
0.0613034 0 10.41
0.0609167 0 10.42
0.0603365 0 10.43
0.0599497 0 10.44
0.0593696 0 10.45
0.0591762 0 10.46
0.0587894 0 10.47
0.0582092 0 10.48
0.0576291 0 10.5
0.0566622 0 10.51
0.0556952 0 10.52
0.0549217 0 10.53
0.0545349 0 10.54
0.0539547 0 10.55
0.0533746 0 10.56
0.0529878 0 10.57
0.0524077 0 10.58
0.0518275 0 10.59
0.0516341 0 10.61
0.0512473 0 10.62
0.0506672 0 10.63
0.0493135 0 10.64
0.0491201 0 10.65
0.0487333 0 10.66
0.0483465 0 10.67
0.0479598 0 10.68
0.0471862 0 10.69
0.0464127 0 10.7
0.0456391 0 10.71
0.0454458 0 10.72
0.0452524 0 10.73
0.0446722 0 10.74
0.0444788 0 10.75
0.0438987 0 10.76
0.0433185 0 10.77
0.0427383 0 10.78
0.042545 0 10.79
0.0423516 0 10.8
0.0417714 0 10.82
0.0413846 0 10.83
0.0409979 0 10.84
0.0408045 0 10.85
0.0402243 0 10.86
0.0398376 0 10.87
0.0396442 0 10.88
0.0394508 0 10.89
0.0386772 0 10.9
0.0379037 0 10.91
0.0375169 0 10.92
0.0373235 0 10.93
0.0367434 0 10.95
0.0359698 0 10.96
0.0357764 0 10.97
0.0353897 0 10.98
0.0351963 0 10.99
0.0344227 0 11
0.0336492 0 11.01
0.0332624 0 11.03
0.033069 0 11.04
0.0328757 0 11.06
0.0322955 0 11.07
0.0321021 0 11.08
0.0317153 0 11.09
0.0311352 0 11.13
0.0303616 0 11.14
0.0299749 0 11.17
0.0295881 0 11.19
0.0293947 0 11.2
0.0290079 0 11.21
0.0286212 0 11.22
0.0284278 0 11.23
0.028041 0 11.25
0.0272675 0 11.26
0.0263005 0 11.28
0.0257204 0 11.29
0.025527 0 11.3
0.0251402 0 11.31
0.0249468 0 11.34
0.02456 0 11.36
0.0241733 0 11.37
0.0239799 0 11.38
0.0235931 0 11.39
0.0233997 0 11.4
0.0224328 0 11.41
0.022046 0 11.42
0.0210791 0 11.43
0.0203056 0 11.46
0.0199188 0 11.49
0.019532 0 11.5
0.0193386 0 11.51
0.0189518 0 11.52
0.0185651 0 11.53
0.0183717 0 11.54
0.0181783 0 11.55
0.0179849 0 11.57
0.0177915 0 11.58
0.0174048 0 11.59
0.0172114 0 11.61
0.0168246 0 11.62
0.0164378 0 11.65
0.0162444 0 11.66
0.0158577 0 11.67
0.0156643 0 11.68
0.0152775 0 11.7
0.0150841 0 11.71
0.0146974 0 11.73
0.0141172 0 11.76
0.0139238 0 11.77
0.0137304 0 11.78
0.013537 0 11.79
0.0133436 0 11.8
0.0131503 0 11.81
0.0127635 0 11.84
0.0125701 0 11.85
0.0123767 0 11.87
0.0119899 0 11.9
0.0117966 0 11.91
0.0116032 0 11.92
0.0114098 0 11.93
0.0112164 0 11.95
0.0108296 0 11.97
0.0104429 0 11.99
0.0102495 0 12
0.0100561 0 12.03
0.0098627 0 12.04
0.00966931 0 12.05
0.00947592 0 12.07
0.00928254 0 12.09
0.00908915 0 12.18
0.00889576 0 12.19
0.00870238 0 12.2
0.00850899 0 12.23
0.00812222 0 12.24
0.00792883 0 12.25
0.00773545 0 12.27
0.00754206 0 12.32
0.00734868 0 12.37
0.0069619 0 12.42
0.00676852 0 12.47
0.00638174 0 12.49
0.00618836 0 12.53
0.00599497 0 12.54
0.0056082 0 12.56
0.00541481 0 12.58
0.00522143 0 12.64
0.00502804 0 12.65
0.00464127 0 12.68
0.0042545 0 12.74
0.00406111 0 12.78
0.00367434 0 12.8
0.00348095 0 12.91
0.00328757 0 12.92
0.00309418 0 12.99
0.00290079 0 13.01
0.00251402 0 13.07
0.00232063 0 13.08
0.00212725 0 13.1
0.00193386 0 13.18
0.00174048 0 13.23
0.00154709 0 13.24
0.0013537 0 13.28
0.00116032 0 13.29
0.000966931 0 13.34
0.000773545 0 13.5
0.000580159 0 13.51
0.000386772 0 13.8
0.000193386 0 14.13
0 0 1.79769e+308
