0.69445 179 106.29
0.69445 178 106.32
0.69445 177 106.39
0.69445 176 106.43
0.69445 175 106.44
0.69445 174 106.48
0.69445 173 106.51
0.694256 172 106.53
0.694256 171 106.54
0.694256 170 106.55
0.694256 169 106.58
0.694256 168 106.59
0.694256 167 106.61
0.694256 165 106.62
0.694063 165 106.63
0.69387 164 106.66
0.69387 163 106.67
0.69387 162 106.69
0.693676 162 106.7
0.693483 161 106.71
0.693483 160 106.72
0.693289 159 106.73
0.693096 159 106.75
0.693096 158 106.76
0.692903 158 106.79
0.692709 158 106.8
0.692129 158 106.83
0.691742 158 106.85
0.691549 158 106.86
0.691162 156 106.87
0.691162 155 106.89
0.691162 154 106.9
0.690969 153 106.91
0.690775 152 106.92
0.690582 152 106.93
0.690389 151 106.94
0.689809 151 106.95
0.689615 151 106.96
0.689035 151 106.97
0.688648 147 106.98
0.688068 144 106.99
0.687488 144 107.01
0.687101 142 107.02
0.687101 141 107.03
0.686714 138 107.04
0.686714 137 107.05
0.686521 136 107.06
0.686134 133 107.07
0.686134 132 107.08
0.685361 132 107.1
0.685361 131 107.11
0.685167 130 107.12
0.684974 130 107.13
0.684394 129 107.14
0.683814 128 107.15
0.683427 128 107.16
0.68304 127 107.17
0.682653 125 107.18
0.682073 123 107.19
0.681493 123 107.2
0.680719 121 107.21
0.679752 118 107.22
0.679172 117 107.23
0.678592 117 107.24
0.677819 116 107.25
0.677625 114 107.26
0.677045 113 107.27
0.676078 111 107.28
0.675885 110 107.29
0.674531 108 107.3
0.673757 106 107.31
0.672791 103 107.32
0.672017 100 107.33
0.67163 98 107.34
0.67105 98 107.35
0.67047 97 107.36
0.669696 94 107.37
0.668343 93 107.38
0.667182 93 107.39
0.666989 93 107.4
0.666796 91 107.41
0.666602 91 107.42
0.665829 89 107.43
0.665249 88 107.44
0.664862 87 107.45
0.663508 86 107.46
0.662541 85 107.47
0.661574 85 107.48
0.660801 83 107.49
0.66022 80 107.5
0.659254 79 107.51
0.658287 78 107.52
0.65732 78 107.53
0.656546 75 107.54
0.655579 75 107.55
0.654419 74 107.56
0.653839 73 107.57
0.652485 72 107.58
0.651131 72 107.59
0.649971 72 107.6
0.648424 70 107.61
0.647457 70 107.62
0.646297 69 107.63
0.644943 69 107.64
0.644363 66 107.65
0.643202 66 107.66
0.642042 65 107.67
0.640688 65 107.68
0.639915 64 107.69
0.638948 64 107.7
0.637014 63 107.71
0.634887 63 107.72
0.632566 63 107.73
0.631019 61 107.74
0.628892 59 107.75
0.627538 58 107.76
0.625604 57 107.77
0.622123 57 107.78
0.62077 57 107.79
0.619223 57 107.8
0.617869 57 107.81
0.616709 57 107.82
0.615355 55 107.83
0.612454 54 107.84
0.611874 53 107.85
0.61052 52 107.86
0.60878 50 107.87
0.605879 50 107.88
0.604138 50 107.89
0.601238 49 107.9
0.599884 46 107.91
0.598337 46 107.92
0.596596 46 107.93
0.594469 43 107.94
0.592729 40 107.95
0.590601 40 107.96
0.586927 38 107.97
0.58596 38 107.98
0.583446 36 107.99
0.580545 36 108
0.577645 34 108.01
0.575324 32 108.02
0.57281 32 108.03
0.570876 31 108.04
0.568749 29 108.05
0.567008 28 108.06
0.56256 28 108.07
0.560433 28 108.08
0.559273 28 108.09
0.557726 28 108.1
0.556179 27 108.11
0.554051 25 108.12
0.551924 25 108.13
0.54825 24 108.14
0.544769 24 108.15
0.542835 24 108.16
0.540901 22 108.17
0.537614 22 108.18
0.534519 21 108.19
0.531425 21 108.2
0.529105 21 108.21
0.526397 20 108.22
0.522916 19 108.23
0.519435 19 108.24
0.516921 18 108.25
0.513634 18 108.26
0.510346 17 108.27
0.508026 16 108.28
0.505898 16 108.29
0.502224 15 108.3
0.499323 15 108.31
0.496229 15 108.32
0.493135 15 108.33
0.489847 14 108.34
0.487333 13 108.35
0.482885 13 108.36
0.479598 13 108.37
0.476697 13 108.38
0.473409 13 108.39
0.469348 12 108.4
0.466834 12 108.41
0.46316 11 108.42
0.460066 11 108.43
0.456972 11 108.44
0.454071 11 108.45
0.450783 11 108.46
0.447689 11 108.47
0.443048 10 108.48
0.43976 10 108.49
0.437053 9 108.5
0.433959 9 108.51
0.430091 9 108.52
0.42661 8 108.53
0.423709 8 108.54
0.418488 8 108.55
0.41462 7 108.56
0.411139 6 108.57
0.406304 6 108.58
0.403404 6 108.59
0.398569 6 108.6
0.396635 6 108.61
0.394121 6 108.62
0.389286 6 108.63
0.386192 6 108.64
0.380971 6 108.65
0.377683 5 108.66
0.372268 5 108.67
0.366854 5 108.68
0.362986 4 108.69
0.359505 3 108.7
0.356991 3 108.71
0.35467 3 108.72
0.350029 2 108.73
0.347322 2 108.74
0.34326 2 108.75
0.339006 2 108.76
0.335332 2 108.77
0.329723 2 108.78
0.325082 2 108.79
0.320441 2 108.8
0.31696 2 108.81
0.311545 2 108.82
0.307097 2 108.83
0.302069 2 108.84
0.297235 2 108.85
0.293173 2 108.86
0.289112 2 108.87
0.284664 2 108.88
0.28041 2 108.89
0.276349 1 108.9
0.271901 1 108.91
0.269 0 108.92
0.265713 0 108.93
0.260878 0 108.94
0.257397 0 108.95
0.252756 0 108.96
0.248114 0 108.97
0.24386 0 108.98
0.239025 0 108.99
0.235738 0 109
0.232257 0 109.01
0.228776 0 109.02
0.224908 0 109.03
0.222394 0 109.04
0.217753 0 109.05
0.214852 0 109.06
0.209437 0 109.07
0.204989 0 109.08
0.202475 0 109.09
0.198994 0 109.1
0.1959 0 109.11
0.192806 0 109.12
0.189905 0 109.13
0.187198 0 109.14
0.18449 0 109.15
0.18159 0 109.16
0.176368 0 109.17
0.1725 0 109.18
0.170567 0 109.19
0.16902 0 109.2
0.166506 0 109.21
0.163218 0 109.22
0.160511 0 109.23
0.15761 0 109.24
0.155482 0 109.25
0.152968 0 109.26
0.151228 0 109.27
0.14794 0 109.28
0.146393 0 109.29
0.141945 0 109.3
0.137304 0 109.31
0.134597 0 109.32
0.131503 0 109.33
0.129762 0 109.34
0.126475 0 109.35
0.124541 0 109.36
0.12222 0 109.37
0.118739 0 109.38
0.116805 0 109.39
0.114678 0 109.4
0.11139 0 109.41
0.109263 0 109.42
0.106943 0 109.43
0.103462 0 109.44
0.102688 0 109.45
0.0992071 0 109.46
0.0974666 0 109.47
0.0957262 0 109.48
0.0924386 0 109.49
0.0903114 0 109.5
0.0889576 0 109.51
0.0860569 0 109.52
0.0835428 0 109.53
0.080642 0 109.54
0.078128 0 109.55
0.0760008 0 109.56
0.0736801 0 109.57
0.072133 0 109.58
0.070586 0 109.59
0.0700058 0 109.6
0.0688455 0 109.61
0.0676852 0 109.62
0.067105 0 109.63
0.064591 0 109.64
0.0628505 0 109.65
0.0616902 0 109.66
0.0599497 0 109.67
0.0584026 0 109.68
0.0570489 0 109.69
0.0553085 0 109.7
0.0529878 0 109.71
0.0512473 0 109.72
0.0497003 0 109.73
0.0483465 0 109.74
0.0466061 0 109.75
0.0454458 0 109.76
0.0444788 0 109.77
0.0429317 0 109.78
0.0413846 0 109.79
0.0402243 0 109.8
0.0392574 0 109.81
0.0382905 0 109.82
0.0371301 0 109.83
0.0359698 0 109.84
0.0355831 0 109.85
0.0342294 0 109.86
0.0324889 0 109.87
0.0315219 0 109.88
0.0309418 0 109.89
0.030555 0 109.9
0.0299749 0 109.91
0.0290079 0 109.92
0.028041 0 109.93
0.0266873 0 109.94
0.0261071 0 109.95
0.0253336 0 109.96
0.0239799 0 109.97
0.0233997 0 109.98
0.023013 0 109.99
0.0214659 0 110
0.0210791 0 110.01
0.0204989 0 110.02
0.0187585 0 110.03
0.0175981 0 110.04
0.0174048 0 110.05
0.0164378 0 110.06
0.0160511 0 110.07
0.0156643 0 110.08
0.0150841 0 110.09
0.0146974 0 110.1
0.0139238 0 110.11
0.013537 0 110.12
0.0123767 0 110.13
0.0121833 0 110.14
0.0117966 0 110.15
0.0114098 0 110.16
0.011023 0 110.17
0.0108296 0 110.2
0.0104429 0 110.21
0.0100561 0 110.22
0.00966931 0 110.23
0.00928254 0 110.24
0.00908915 0 110.25
0.00870238 0 110.26
0.00831561 0 110.27
0.00812222 0 110.28
0.00773545 0 110.29
0.00734868 0 110.3
0.00715529 0 110.31
0.00657513 0 110.32
0.00638174 0 110.33
0.00618836 0 110.35
0.00580159 0 110.36
0.0056082 0 110.38
0.00541481 0 110.39
0.00483465 0 110.4
0.00444788 0 110.41
0.0042545 0 110.42
0.00386772 0 110.43
0.00328757 0 110.44
0.00309418 0 110.46
0.00290079 0 110.47
0.00270741 0 110.5
0.00251402 0 110.51
0.00212725 0 110.54
0.00174048 0 110.56
0.0013537 0 110.7
0.00116032 0 110.71
0.000966931 0 110.76
0.000773545 0 110.89
0.000580159 0 110.9
0.000386772 0 110.92
0.000193386 0 111.01
0 0 1.79769e+308
