0.736221 233 54.22
0.736028 233 54.24
0.736028 232 54.3
0.736028 231 54.35
0.736028 230 54.4
0.736028 229 54.43
0.736028 228 54.52
0.735834 227 54.53
0.735641 227 54.6
0.735448 226 54.61
0.735254 225 54.62
0.735254 224 54.64
0.735254 223 54.65
0.735061 222 54.66
0.735061 220 54.67
0.734868 219 54.68
0.734868 218 54.69
0.734674 218 54.7
0.734481 217 54.71
0.734481 215 54.72
0.734481 213 54.73
0.734481 211 54.75
0.734481 208 54.76
0.734287 206 54.78
0.734094 205 54.79
0.733901 204 54.81
0.733901 203 54.83
0.733707 203 54.84
0.733514 203 54.85
0.73332 200 54.86
0.73274 200 54.87
0.73274 198 54.88
0.732547 196 54.89
0.732354 195 54.9
0.73216 195 54.91
0.73216 192 54.92
0.731967 190 54.93
0.731967 189 54.95
0.731967 187 54.96
0.73158 184 54.97
0.731387 181 54.98
0.731193 181 54.99
0.731 180 55
0.730806 179 55.01
0.729839 177 55.02
0.729839 176 55.03
0.729839 173 55.04
0.729646 171 55.05
0.729259 168 55.06
0.729066 168 55.09
0.728679 167 55.1
0.728486 166 55.12
0.728486 164 55.13
0.728099 159 55.14
0.727519 157 55.15
0.727325 155 55.16
0.726939 153 55.17
0.726359 150 55.18
0.725392 148 55.19
0.725005 145 55.2
0.725005 144 55.21
0.724811 142 55.22
0.724038 141 55.23
0.723651 140 55.24
0.723458 138 55.25
0.723458 136 55.26
0.723458 134 55.27
0.723071 134 55.28
0.722684 132 55.29
0.722491 129 55.3
0.722297 127 55.31
0.72133 126 55.32
0.72075 124 55.33
0.719977 122 55.34
0.719397 119 55.35
0.71901 118 55.36
0.718623 116 55.37
0.71843 113 55.38
0.718043 112 55.39
0.717076 111 55.4
0.715722 109 55.41
0.715336 108 55.42
0.714369 106 55.43
0.713788 105 55.44
0.712628 105 55.45
0.711855 105 55.46
0.710694 105 55.47
0.710501 102 55.48
0.708954 100 55.49
0.70818 99 55.5
0.706827 95 55.51
0.705086 93 55.52
0.704119 91 55.53
0.703539 91 55.54
0.703346 89 55.55
0.702185 85 55.56
0.701025 83 55.57
0.700058 82 55.58
0.698704 81 55.59
0.697737 78 55.6
0.696384 76 55.61
0.694837 76 55.62
0.693096 74 55.63
0.691549 73 55.64
0.690389 73 55.65
0.689228 73 55.66
0.687875 71 55.67
0.687101 69 55.68
0.686521 67 55.69
0.684781 65 55.7
0.68188 63 55.71
0.679946 63 55.72
0.678205 61 55.73
0.677045 61 55.74
0.675498 60 55.75
0.673564 59 55.76
0.671824 58 55.77
0.669503 56 55.78
0.667182 53 55.79
0.666989 52 55.8
0.665442 51 55.81
0.663895 49 55.82
0.662154 47 55.83
0.660607 47 55.85
0.658287 47 55.86
0.65674 45 55.87
0.654612 44 55.88
0.653259 43 55.89
0.650745 40 55.9
0.648037 39 55.91
0.64475 39 55.92
0.641849 38 55.93
0.639335 37 55.94
0.637788 37 55.95
0.636047 34 55.96
0.634113 34 55.97
0.631599 34 55.98
0.629665 34 55.99
0.627732 33 56
0.624444 33 56.01
0.622897 31 56.02
0.620383 30 56.03
0.619029 29 56.04
0.617095 27 56.05
0.614195 25 56.06
0.613421 24 56.07
0.6111 24 56.08
0.608393 23 56.09
0.606266 22 56.1
0.603752 20 56.11
0.600658 20 56.12
0.59737 20 56.13
0.594082 20 56.14
0.591762 18 56.15
0.589635 18 56.16
0.586927 18 56.17
0.58364 17 56.18
0.582286 17 56.19
0.579772 16 56.2
0.576484 16 56.21
0.57397 16 56.22
0.57223 15 56.23
0.569909 15 56.24
0.567202 14 56.25
0.564108 14 56.26
0.560433 14 56.27
0.558113 14 56.28
0.554825 13 56.29
0.551344 13 56.3
0.548443 12 56.31
0.543995 12 56.32
0.541288 11 56.33
0.53742 11 56.34
0.532972 11 56.35
0.526977 11 56.36
0.52369 11 56.37
0.520402 10 56.38
0.518082 10 56.39
0.514214 10 56.4
0.510346 9 56.41
0.507252 9 56.42
0.503964 9 56.43
0.50087 9 56.44
0.496422 9 56.45
0.491974 9 56.46
0.488107 9 56.47
0.485786 9 56.48
0.481532 9 56.49
0.476697 9 56.5
0.471282 9 56.51
0.467028 9 56.52
0.46258 8 56.53
0.457745 8 56.54
0.455811 8 56.55
0.452524 8 56.56
0.447689 7 56.57
0.443048 7 56.58
0.439954 6 56.59
0.436666 6 56.6
0.433572 6 56.61
0.428157 6 56.62
0.423709 6 56.63
0.418488 4 56.64
0.4152 4 56.65
0.410559 4 56.66
0.406885 4 56.67
0.401857 4 56.68
0.396828 4 56.69
0.3918 4 56.7
0.387933 4 56.71
0.383291 4 56.72
0.379424 4 56.73
0.374976 3 56.74
0.369561 3 56.75
0.3655 3 56.76
0.361052 3 56.77
0.356024 3 56.78
0.350416 3 56.79
0.346355 3 56.8
0.341907 3 56.81
0.336879 3 56.82
0.331657 3 56.83
0.326436 3 56.84
0.321795 3 56.85
0.318314 3 56.86
0.314639 3 56.87
0.309805 3 56.88
0.306711 3 56.89
0.302069 3 56.9
0.297041 3 56.91
0.291626 2 56.92
0.286598 2 56.93
0.282344 2 56.94
0.27867 2 56.95
0.274415 2 56.96
0.269774 2 56.97
0.266486 2 56.98
0.261265 2 56.99
0.258364 2 57
0.253916 2 57.01
0.251209 2 57.02
0.247341 2 57.03
0.243667 2 57.04
0.239412 2 57.05
0.234384 2 57.06
0.231483 2 57.07
0.228002 2 57.08
0.222588 2 57.09
0.21988 2 57.1
0.216012 2 57.11
0.212531 1 57.12
0.208277 1 57.13
0.204409 1 57.14
0.201122 1 57.15
0.197834 1 57.16
0.193386 1 57.17
0.190099 1 57.18
0.186811 1 57.19
0.183717 1 57.2
0.179076 1 57.21
0.175208 1 57.22
0.173274 1 57.23
0.169986 1 57.24
0.165925 1 57.25
0.162831 1 57.26
0.15877 0 57.27
0.156449 0 57.28
0.154129 0 57.29
0.150648 0 57.3
0.146974 0 57.31
0.143879 0 57.32
0.140979 0 57.33
0.137691 0 57.34
0.134597 0 57.35
0.132083 0 57.36
0.127442 0 57.37
0.124154 0 57.38
0.122027 0 57.39
0.119899 0 57.4
0.116805 0 57.41
0.113131 0 57.42
0.109263 0 57.43
0.106943 0 57.44
0.103655 0 57.45
0.101721 0 57.46
0.0988203 0 57.47
0.0963063 0 57.48
0.0943725 0 57.49
0.0920518 0 57.5
0.0899246 0 57.51
0.0879907 0 57.52
0.0868304 0 57.53
0.0839296 0 57.54
0.0808354 0 57.55
0.0773545 0 57.56
0.0752272 0 57.57
0.0731 0 57.58
0.0709727 0 57.59
0.0680719 0 57.6
0.0669116 0 57.61
0.0634307 0 57.62
0.0605299 0 57.63
0.0582092 0 57.64
0.0547283 0 57.65
0.0529878 0 57.66
0.0512473 0 57.67
0.0508606 0 57.68
0.0495069 0 57.69
0.0471862 0 57.7
0.0448656 0 57.71
0.0433185 0 57.72
0.0417714 0 57.73
0.0400309 0 57.74
0.0384839 0 57.75
0.0373235 0 57.76
0.0367434 0 57.77
0.0355831 0 57.78
0.0344227 0 57.79
0.0328757 0 57.8
0.0315219 0 57.81
0.0307484 0 57.82
0.0301682 0 57.83
0.0295881 0 57.84
0.0284278 0 57.85
0.0276542 0 57.86
0.0263005 0 57.87
0.0251402 0 57.88
0.0241733 0 57.89
0.0233997 0 57.9
0.0226262 0 57.91
0.0216593 0 57.92
0.0201122 0 57.93
0.0183717 0 57.94
0.0181783 0 57.95
0.0174048 0 57.96
0.0172114 0 57.97
0.017018 0 57.98
0.0160511 0 57.99
0.0156643 0 58
0.0152775 0 58.01
0.0146974 0 58.02
0.014504 0 58.03
0.013537 0 58.04
0.0131503 0 58.05
0.0123767 0 58.06
0.0116032 0 58.07
0.0114098 0 58.08
0.0106362 0 58.09
0.0102495 0 58.1
0.0098627 0 58.11
0.00928254 0 58.12
0.00850899 0 58.14
0.00812222 0 58.15
0.00754206 0 58.16
0.00734868 0 58.17
0.0069619 0 58.18
0.00676852 0 58.19
0.00657513 0 58.2
0.00638174 0 58.21
0.00580159 0 58.22
0.00541481 0 58.23
0.00483465 0 58.24
0.00444788 0 58.29
0.00406111 0 58.3
0.00348095 0 58.33
0.00309418 0 58.34
0.00290079 0 58.35
0.00270741 0 58.38
0.00251402 0 58.39
0.00212725 0 58.4
0.00193386 0 58.41
0.00174048 0 58.44
0.0013537 0 58.47
0.00116032 0 58.48
0.000966931 0 58.5
0.000773545 0 58.54
0.000580159 0 58.55
0.000386772 0 58.56
0.000193386 0 58.59
0 0 1.79769e+308
