0.263199 1 0.8
0.263005 1 0.95
0.262812 1 1.1
0.262618 1 1.12
0.262425 1 1.13
0.262232 1 1.2
0.262038 1 1.37
0.261845 1 1.39
0.261652 1 1.4
0.261458 1 1.48
0.261265 1 1.54
0.261071 1 1.55
0.260878 1 1.61
0.260685 1 1.63
0.260491 1 1.65
0.260298 1 1.68
0.260104 1 1.71
0.259911 1 1.74
0.259524 1 1.76
0.259331 1 1.79
0.258944 1 1.8
0.258751 1 1.84
0.258171 1 1.87
0.257977 1 1.89
0.257784 1 1.9
0.25759 1 1.91
0.257204 1 1.96
0.25701 1 1.97
0.256817 1 1.98
0.25643 1 1.99
0.25585 1 2.02
0.255463 1 2.04
0.25527 1 2.06
0.254883 1 2.07
0.25469 1 2.09
0.254496 1 2.1
0.254109 1 2.13
0.253529 1 2.14
0.253143 1 2.15
0.252949 1 2.16
0.252756 1 2.17
0.252562 1 2.19
0.251789 1 2.2
0.251595 1 2.21
0.251015 1 2.22
0.250048 1 2.23
0.249662 1 2.25
0.249468 1 2.27
0.249275 1 2.28
0.249081 1 2.29
0.248695 1 2.3
0.248308 1 2.31
0.247921 1 2.32
0.247728 1 2.33
0.247534 1 2.34
0.247341 1 2.35
0.247148 1 2.36
0.246954 1 2.37
0.246374 1 2.39
0.24502 1 2.41
0.244827 1 2.42
0.24444 1 2.43
0.24386 1 2.44
0.242893 1 2.45
0.242313 1 2.46
0.241733 1 2.47
0.241539 1 2.49
0.241153 1 2.5
0.240766 1 2.51
0.240379 1 2.52
0.239799 1 2.53
0.239412 1 2.54
0.239219 1 2.55
0.239025 1 2.56
0.238832 1 2.57
0.238058 1 2.58
0.237478 1 2.59
0.236898 1 2.6
0.236511 1 2.61
0.235931 1 2.62
0.235351 1 2.63
0.234577 1 2.64
0.234191 1 2.65
0.233804 1 2.66
0.232837 1 2.67
0.23245 0 2.68
0.23187 0 2.7
0.231096 0 2.71
0.23071 0 2.72
0.230516 0 2.73
0.23013 0 2.74
0.229743 0 2.75
0.229549 0 2.76
0.229356 0 2.77
0.228776 0 2.78
0.228389 0 2.8
0.228002 0 2.81
0.227422 0 2.82
0.226842 0 2.83
0.225295 0 2.84
0.224715 0 2.85
0.224328 0 2.86
0.223168 0 2.87
0.222974 0 2.88
0.222394 0 2.89
0.222201 0 2.91
0.220654 0 2.92
0.220267 0 2.93
0.219493 0 2.94
0.218526 0 2.95
0.218333 0 2.96
0.217753 0 2.97
0.217559 0 2.98
0.216786 0 2.99
0.216399 0 3
0.215819 0 3.01
0.214852 0 3.02
0.214272 0 3.03
0.213885 0 3.04
0.213305 0 3.05
0.212145 0 3.06
0.211758 0 3.07
0.211178 0 3.08
0.210404 0 3.09
0.209631 0 3.1
0.20847 0 3.11
0.208277 0 3.12
0.20673 0 3.13
0.205183 0 3.14
0.204409 0 3.15
0.203249 0 3.16
0.201508 0 3.17
0.200348 0 3.18
0.198994 0 3.19
0.198414 0 3.2
0.197447 0 3.21
0.196674 0 3.22
0.195513 0 3.23
0.19532 0 3.24
0.194547 0 3.25
0.19358 0 3.26
0.192419 0 3.27
0.191646 0 3.28
0.190292 0 3.29
0.189905 0 3.3
0.188745 0 3.31
0.188165 0 3.32
0.187004 0 3.33
0.186038 0 3.34
0.185071 0 3.35
0.184877 0 3.36
0.18333 0 3.37
0.181396 0 3.38
0.180623 0 3.39
0.179656 0 3.4
0.179076 0 3.41
0.178302 0 3.42
0.177915 0 3.43
0.177335 0 3.44
0.177142 0 3.45
0.175595 0 3.46
0.174241 0 3.47
0.173854 0 3.48
0.1725 0 3.49
0.171147 0 3.5
0.170373 0 3.51
0.169406 0 3.52
0.168053 0 3.53
0.167086 0 3.54
0.166119 0 3.55
0.165732 0 3.56
0.164958 0 3.57
0.164378 0 3.58
0.163605 0 3.59
0.162444 0 3.6
0.161284 0 3.61
0.160124 0 3.62
0.158577 0 3.63
0.157803 0 3.64
0.156836 0 3.65
0.155289 0 3.66
0.153935 0 3.67
0.153355 0 3.68
0.152388 0 3.69
0.150841 0 3.7
0.149874 0 3.71
0.149101 0 3.72
0.14794 0 3.73
0.14678 0 3.74
0.14562 0 3.75
0.144459 0 3.76
0.143299 0 3.77
0.142526 0 3.78
0.141172 0 3.79
0.139818 0 3.8
0.138658 0 3.81
0.137498 0 3.82
0.137111 0 3.83
0.135564 0 3.84
0.134403 0 3.85
0.133243 0 3.86
0.132276 0 3.87
0.131309 0 3.88
0.130922 0 3.89
0.128215 0 3.9
0.127442 0 3.91
0.126475 0 3.92
0.125894 0 3.93
0.123187 0 3.94
0.1228 0 3.95
0.121833 0 3.96
0.12106 0 3.97
0.12048 0 3.98
0.119706 0 3.99
0.119126 0 4
0.118352 0 4.01
0.117579 0 4.02
0.116225 0 4.03
0.115645 0 4.04
0.114485 0 4.05
0.113324 0 4.06
0.112357 0 4.07
0.111584 0 4.08
0.111197 0 4.09
0.110617 0 4.1
0.109457 0 4.11
0.107909 0 4.12
0.106943 0 4.13
0.105589 0 4.14
0.103655 0 4.15
0.103075 0 4.16
0.101721 0 4.17
0.100561 0 4.18
0.098627 0 4.19
0.0978534 0 4.2
0.0972733 0 4.21
0.0963063 0 4.22
0.0953394 0 4.23
0.0949526 0 4.24
0.0941791 0 4.25
0.0935989 0 4.26
0.0928254 0 4.27
0.0920518 0 4.28
0.0912783 0 4.29
0.0905047 0 4.3
0.0897312 0 4.31
0.089151 0 4.32
0.0885709 0 4.33
0.0872172 0 4.34
0.0858635 0 4.35
0.0854767 0 4.36
0.0852833 0 4.37
0.0847032 0 4.38
0.0833494 0 4.39
0.0823825 0 4.4
0.0808354 0 4.41
0.0798685 0 4.42
0.0789016 0 4.43
0.0777412 0 4.44
0.0767743 0 4.45
0.0758074 0 4.46
0.0748405 0 4.47
0.0736801 0 4.48
0.0732934 0 4.49
0.0719397 0 4.5
0.0709727 0 4.51
0.0698124 0 4.53
0.0684587 0 4.54
0.0676852 0 4.55
0.0669116 0 4.56
0.0663315 0 4.57
0.0651711 0 4.58
0.0643976 0 4.59
0.0634307 0 4.6
0.0628505 0 4.61
0.062077 0 4.62
0.0613034 0 4.63
0.0597563 0 4.64
0.0595629 0 4.65
0.058596 0 4.66
0.0574357 0 4.67
0.0568555 0 4.68
0.056082 0 4.69
0.0551151 0 4.7
0.0537614 0 4.71
0.052601 0 4.72
0.0520209 0 4.73
0.0512473 0 4.74
0.0504738 0 4.75
0.0498936 0 4.76
0.0493135 0 4.77
0.0487333 0 4.78
0.0467995 0 4.79
0.0460259 0 4.8
0.0458325 0 4.81
0.0452524 0 4.82
0.0448656 0 4.83
0.0446722 0 4.84
0.0440921 0 4.85
0.0431251 0 4.86
0.042545 0 4.87
0.0417714 0 4.88
0.0406111 0 4.89
0.0394508 0 4.9
0.0384839 0 4.91
0.0379037 0 4.92
0.0369368 0 4.93
0.0363566 0 4.95
0.0359698 0 4.96
0.0353897 0 4.97
0.0348095 0 4.98
0.0346161 0 4.99
0.034036 0 5
0.0338426 0 5.01
0.033069 0 5.02
0.0326823 0 5.04
0.0321021 0 5.06
0.0317153 0 5.07
0.0309418 0 5.08
0.0299749 0 5.09
0.0297815 0 5.1
0.0288145 0 5.11
0.0284278 0 5.12
0.028041 0 5.13
0.0268807 0 5.14
0.0266873 0 5.15
0.0261071 0 5.17
0.0253336 0 5.19
0.0249468 0 5.2
0.0247534 0 5.21
0.0243667 0 5.22
0.0239799 0 5.23
0.0232063 0 5.24
0.023013 0 5.25
0.0226262 0 5.26
0.0222394 0 5.27
0.0212725 0 5.28
0.0206923 0 5.29
0.0203056 0 5.3
0.0197254 0 5.31
0.0193386 0 5.32
0.0187585 0 5.33
0.0185651 0 5.34
0.0181783 0 5.35
0.0177915 0 5.36
0.0175981 0 5.37
0.0172114 0 5.38
0.017018 0 5.39
0.0168246 0 5.4
0.0162444 0 5.43
0.0160511 0 5.44
0.0156643 0 5.45
0.0150841 0 5.46
0.0148907 0 5.49
0.0146974 0 5.52
0.0143106 0 5.53
0.0139238 0 5.56
0.0133436 0 5.57
0.0127635 0 5.58
0.0119899 0 5.59
0.0117966 0 5.6
0.0114098 0 5.61
0.0112164 0 5.62
0.0104429 0 5.63
0.0102495 0 5.64
0.00966931 0 5.66
0.00947592 0 5.69
0.00928254 0 5.7
0.00908915 0 5.71
0.00889576 0 5.72
0.00870238 0 5.75
0.00812222 0 5.78
0.00792883 0 5.8
0.00754206 0 5.83
0.00734868 0 5.85
0.00715529 0 5.86
0.0069619 0 5.91
0.00676852 0 5.92
0.00657513 0 5.93
0.00599497 0 5.94
0.0056082 0 5.99
0.00541481 0 6.04
0.00522143 0 6.07
0.00483465 0 6.08
0.00464127 0 6.09
0.0042545 0 6.1
0.00406111 0 6.11
0.00386772 0 6.13
0.00367434 0 6.15
0.00348095 0 6.16
0.00328757 0 6.2
0.00309418 0 6.24
0.00290079 0 6.25
0.00270741 0 6.27
0.00251402 0 6.35
0.00232063 0 6.36
0.00212725 0 6.37
0.00193386 0 6.43
0.00174048 0 6.56
0.00154709 0 6.61
0.0013537 0 6.63
0.00116032 0 6.67
0.000966931 0 6.7
0.000580159 0 6.87
0.000386772 0 6.96
0.000193386 0 7.16
0 0 1.79769e+308
