0.118221 1
0.118097 1
0.117969 1
0.117843 1
0.117721 1
0.117589 1
0.117462 1
0.117332 1
0.117209 1
0.116963 1
0.116829 1
0.116694 1
0.116565 1
0.116456 1
0.116349 1
0.116216 1
0.11609 1
0.115967 1
0.115849 1
0.115714 1
0.115588 1
0.115339 1
0.11522 1
0.115086 1
0.114832 1
0.114702 1
0.114451 1
0.114319 1
0.114063 1
0.113922 1
0.113809 1
0.11355 1
0.113414 1
0.113155 1
0.112779 1
0.112663 1
0.112156 1
0.111769 1
0.111642 1
0.11139 1
0.110635 1
0.110507 1
0.110385 1
0.109629 1
0.1094 1
0.109015 1
0.108757 1
0.108623 1
0.108488 1
0.108224 1
0.108097 1
0.107459 1
0.107328 1
0.107195 1
0.107068 1
0.106937 1
0.106581 0
0.10647 0
0.106343 0
0.105962 0
0.105715 0
0.105227 0
0.104832 0
0.104432 0
0.104322 0
0.103662 0
0.103536 0
0.103159 0
0.102762 0
0.102649 0
0.101998 0
0.10187 0
0.10174 0
0.101344 0
0.100966 0
0.100591 0
0.100236 0
0.100112 0
0.0999751 0
0.0994971 0
0.09912 0
0.0983713 0
0.0978739 0
0.0972599 0
0.0964793 0
0.0959955 0
0.0956079 0
0.0948539 0
0.0944719 0
0.0942168 0
0.0939577 0
0.0936885 0
0.0928954 0
0.0927713 0
0.0923709 0
0.0916203 0
0.0908623 0
0.0902117 0
0.0896767 0
0.0892909 0
0.0890251 0
0.0885075 0
0.088013 0
0.0878807 0
0.0875016 0
0.0869972 0
0.0862768 0
0.0852596 0
0.0843532 0
0.0840916 0
0.0838374 0
0.0834743 0
0.0832222 0
0.0823084 0
0.0820785 0
0.0817074 0
0.0814685 0
0.0809531 0
0.0805845 0
0.0804422 0
0.0798031 0
0.0795506 0
0.0792913 0
0.0783866 0
0.0780117 0
0.0777473 0
0.0773647 0
0.0771101 0
0.0768513 0
0.076326 0
0.0759267 0
0.0755539 0
0.0752746 0
0.0747659 0
0.0741448 0
0.0737612 0
0.072994 0
0.0725037 0
0.0723822 0
0.0713541 0
0.0707292 0
0.0700855 0
0.0698395 0
0.0695761 0
0.0687986 0
0.0686739 0
0.0681583 0
0.0676616 0
0.0668583 0
0.06635 0
0.0656091 0
0.0645787 0
0.0640601 0
0.0636634 0
0.0633931 0
0.062877 0
0.0618447 0
0.0614626 0
0.0610767 0
0.0606777 0
0.0605522 0
0.0604103 0
0.0601425 0
0.0596289 0
0.0590621 0
0.0582913 0
0.0577692 0
0.0575244 0
0.0572726 0
0.0570216 0
0.0567599 0
0.0562416 0
0.0559947 0
0.0556143 0
0.0551063 0
0.0548526 0
0.0545926 0
0.0539576 0
0.0534404 0
0.0533113 0
0.0526711 0
0.0521744 0
0.051791 0
0.051535 0
0.0506358 0
0.0502529 0
0.0494667 0
0.0489704 0
0.0487282 0
0.0482047 0
0.0475606 0
0.0465474 0
0.046017 0
0.0456283 0
0.0453692 0
0.0448488 0
0.0443414 0
0.0440867 0
0.0438376 0
0.0435857 0
0.0430548 0
0.0426824 0
0.0424308 0
0.0420378 0
0.041784 0
0.0415367 0
0.0412921 0
0.040535 0
0.040014 0
0.0397612 0
0.038981 0
0.0388613 0
0.0387497 0
0.038225 0
0.037581 0
0.0373052 0
0.0369286 0
0.0365393 0
0.035786 0
0.035537 0
0.0347915 0
0.0344069 0
0.0339179 0
0.033785 0
0.0336564 0
0.033263 0
0.032873 0
0.0318234 0
0.031437 0
0.0312877 0
0.0303924 0
0.0296196 0
0.0293691 0
0.0284857 0
0.0279933 0
0.0278686 0
0.0272327 0
0.0268335 0
0.0264615 0
0.0259451 0
0.0252218 0
0.0245817 0
0.024332 0
0.0238276 0
0.0235683 0
0.0234444 0
0.02319 0
0.0230587 0
0.0224094 0
0.0219156 0
0.0217878 0
0.0215453 0
0.0210425 0
0.0207841 0
0.0201505 0
0.0198704 0
0.0194814 0
0.0191038 0
0.0188368 0
0.0181881 0
0.0176776 0
0.0171602 0
0.0167521 0
0.0166262 0
0.0163691 0
0.0162369 0
0.0158667 0
0.0154855 0
0.0152276 0
0.0149625 0
0.0147129 0
0.0145793 0
0.0143288 0
0.0140716 0
0.0138137 0
0.0135563 0
0.013297 0
0.0131652 0
0.0129029 0
0.0125119 0
0.0121392 0
0.0120273 0
0.0116339 0
0.0112668 0
0.0111526 0
0.0110159 0
0.0107844 0
0.0105201 0
0.0103925 0
0.0102688 0
0.00974287 0
0.00961764 0
0.00935077 0
0.00922797 0
0.00910948 0
0.00898212 0
0.00885057 0
0.00872646 0
0.00848371 0
0.00836428 0
0.00824192 0
0.00811136 0
0.00798483 0
0.00785718 0
0.00761216 0
0.00721835 0
0.00709029 0
0.00670625 0
0.00658198 0
0.00645339 0
0.0061906 0
0.00592576 0
0.00581191 0
0.00568328 0
0.00541483 0
0.00528602 0
0.00516011 0
0.00502893 0
0.00476956 0
0.00464049 0
0.00450708 0
0.00437293 0
0.00424947 0
0.00412096 0
0.0040085 0
0.00388191 0
0.00375313 0
0.00338606 0
0.00325607 0
0.00312109 0
0.00299979 0
0.00286677 0
0.00273641 0
0.00260394 0
0.00234303 0
0.00208198 0
0.00195121 0
0.00182415 0
0.00142456 0
0.00129172 0
0.0011669 0
0.00103348 0
0.000904499 0
0.000782085 0
0.000642278 0
0.000521372 0
0.000392507 0
0.000263043 0
0.00013169 0
0 0
