0.709727 131 106.29
0.709727 130 106.43
0.709727 129 106.51
0.709534 129 106.53
0.709534 128 106.54
0.709534 127 106.55
0.709534 126 106.59
0.709534 125 106.61
0.709534 123 106.62
0.709341 123 106.63
0.709147 122 106.65
0.708954 122 106.66
0.708954 121 106.67
0.708954 120 106.69
0.70876 120 106.7
0.708567 119 106.72
0.708374 118 106.73
0.70818 118 106.76
0.707987 118 106.8
0.707407 118 106.83
0.707213 118 106.85
0.70702 118 106.86
0.706827 117 106.87
0.706827 116 106.89
0.706827 115 106.9
0.706633 114 106.91
0.70644 114 106.92
0.706246 114 106.93
0.706246 113 106.94
0.706053 113 106.95
0.70586 113 106.96
0.705473 113 106.97
0.705086 110 106.98
0.704699 108 106.99
0.704313 108 107.01
0.703926 106 107.02
0.703926 105 107.03
0.703926 102 107.04
0.703926 101 107.05
0.703539 100 107.06
0.703346 97 107.07
0.703346 96 107.08
0.702572 96 107.09
0.702379 96 107.1
0.702185 95 107.11
0.701992 95 107.12
0.701798 95 107.13
0.701218 95 107.14
0.700638 94 107.15
0.700251 94 107.16
0.700058 93 107.17
0.699865 92 107.18
0.699478 90 107.19
0.699091 90 107.2
0.698511 89 107.21
0.697544 87 107.22
0.696964 86 107.23
0.696384 86 107.24
0.695804 86 107.25
0.695417 84 107.26
0.695223 83 107.27
0.694256 82 107.28
0.694063 81 107.29
0.692903 79 107.3
0.692129 77 107.31
0.691742 74 107.32
0.691162 72 107.33
0.690969 71 107.34
0.690389 71 107.35
0.689809 70 107.36
0.689035 69 107.37
0.688455 68 107.38
0.687488 68 107.39
0.687295 68 107.4
0.686908 66 107.41
0.686714 66 107.42
0.686134 65 107.43
0.685361 64 107.44
0.685167 63 107.45
0.6842 63 107.46
0.683427 62 107.47
0.68246 62 107.48
0.68188 60 107.49
0.6813 57 107.5
0.680526 56 107.51
0.679366 56 107.52
0.678786 56 107.53
0.678205 56 107.54
0.677432 56 107.55
0.676658 55 107.56
0.676078 54 107.57
0.675498 53 107.58
0.674338 53 107.59
0.673177 53 107.6
0.671824 51 107.61
0.670857 51 107.62
0.66989 51 107.63
0.668536 51 107.64
0.667763 49 107.65
0.666989 49 107.66
0.666022 48 107.67
0.664668 48 107.68
0.663701 47 107.69
0.663121 47 107.7
0.661187 47 107.71
0.659254 47 107.72
0.65732 47 107.73
0.655966 45 107.74
0.654032 44 107.75
0.652872 43 107.76
0.651325 43 107.77
0.648037 43 107.78
0.646877 43 107.79
0.64533 43 107.8
0.644363 43 107.81
0.643202 43 107.82
0.641849 41 107.83
0.639528 41 107.84
0.638755 40 107.85
0.637981 39 107.86
0.636434 37 107.87
0.63392 37 107.88
0.632566 37 107.89
0.629859 36 107.9
0.628505 34 107.91
0.626765 34 107.92
0.625024 34 107.93
0.622704 33 107.94
0.62077 31 107.95
0.618642 31 107.96
0.614968 29 107.97
0.614195 29 107.98
0.611874 28 107.99
0.608973 28 108
0.606652 26 108.01
0.605105 24 108.02
0.602398 24 108.03
0.600851 23 108.04
0.59911 21 108.05
0.597563 20 108.06
0.593115 20 108.07
0.591375 20 108.08
0.590601 20 108.09
0.588668 20 108.1
0.586734 19 108.11
0.584026 18 108.12
0.582092 18 108.13
0.578805 17 108.14
0.575517 17 108.15
0.573583 17 108.16
0.571456 15 108.17
0.568362 15 108.18
0.565268 14 108.19
0.561594 14 108.2
0.559273 14 108.21
0.557146 13 108.22
0.553471 13 108.23
0.549604 13 108.24
0.546896 13 108.25
0.543028 13 108.26
0.539741 12 108.27
0.537227 11 108.28
0.534713 11 108.29
0.531038 11 108.3
0.528138 11 108.31
0.525044 11 108.32
0.521756 11 108.33
0.518468 10 108.34
0.516341 9 108.35
0.511893 9 108.36
0.508606 9 108.37
0.505512 9 108.38
0.502224 9 108.39
0.498936 8 108.4
0.496229 8 108.41
0.492168 8 108.42
0.48946 8 108.43
0.48656 8 108.44
0.483272 8 108.45
0.479985 8 108.46
0.476504 8 108.47
0.471282 7 108.48
0.467608 7 108.49
0.464514 6 108.5
0.461226 6 108.51
0.457745 6 108.52
0.454071 5 108.53
0.451557 5 108.54
0.446142 5 108.55
0.442274 5 108.56
0.438406 4 108.57
0.433185 4 108.58
0.430284 4 108.59
0.425643 3 108.6
0.423516 3 108.61
0.420808 3 108.62
0.4152 3 108.63
0.412106 3 108.64
0.407465 3 108.65
0.403984 2 108.66
0.398182 2 108.67
0.392574 2 108.68
0.3889 1 108.69
0.385032 1 108.7
0.382325 1 108.71
0.379617 1 108.72
0.374976 1 108.73
0.372462 1 108.74
0.368207 1 108.75
0.363953 1 108.76
0.360278 1 108.77
0.353703 1 108.78
0.349255 1 108.79
0.344421 1 108.8
0.340166 1 108.81
0.335138 1 108.82
0.329917 1 108.83
0.324889 1 108.84
0.320248 1 108.85
0.316767 1 108.86
0.312319 1 108.87
0.307677 1 108.88
0.303616 1 108.89
0.299362 1 108.9
0.295301 1 108.91
0.292013 0 108.92
0.288339 0 108.93
0.283504 0 108.94
0.279056 0 108.95
0.274028 0 108.96
0.269387 0 108.97
0.264746 0 108.98
0.259718 0 108.99
0.25643 0 109
0.252756 0 109.01
0.248888 0 109.02
0.24502 0 109.03
0.2427 0 109.04
0.238252 0 109.05
0.234964 0 109.06
0.229356 0 109.07
0.224328 0 109.08
0.221234 0 109.09
0.216979 0 109.1
0.213498 0 109.11
0.210211 0 109.12
0.207117 0 109.13
0.203829 0 109.14
0.200735 0 109.15
0.197447 0 109.16
0.192032 0 109.17
0.187778 0 109.18
0.185457 0 109.19
0.184104 0 109.2
0.181396 0 109.21
0.177722 0 109.22
0.174241 0 109.23
0.171147 0 109.24
0.168826 0 109.25
0.166119 0 109.26
0.163991 0 109.27
0.160317 0 109.28
0.158577 0 109.29
0.153935 0 109.3
0.149294 0 109.31
0.146587 0 109.32
0.143106 0 109.33
0.141172 0 109.34
0.137691 0 109.35
0.13595 0 109.36
0.133243 0 109.37
0.129762 0 109.38
0.128022 0 109.39
0.125508 0 109.4
0.122027 0 109.41
0.119706 0 109.42
0.117385 0 109.43
0.113904 0 109.44
0.112551 0 109.45
0.108876 0 109.46
0.107136 0 109.47
0.105589 0 109.48
0.101915 0 109.49
0.0992071 0 109.5
0.09766 0 109.51
0.0945658 0 109.52
0.0920518 0 109.53
0.0889576 0 109.54
0.0862502 0 109.55
0.0837362 0 109.56
0.0812222 0 109.57
0.0796751 0 109.58
0.078128 0 109.59
0.0771611 0 109.6
0.075614 0 109.61
0.0742603 0 109.62
0.0734868 0 109.63
0.0709727 0 109.64
0.0692323 0 109.65
0.0678786 0 109.66
0.0661381 0 109.67
0.064591 0 109.68
0.0632373 0 109.69
0.0614968 0 109.7
0.0591762 0 109.71
0.0570489 0 109.72
0.0555018 0 109.73
0.0541481 0 109.74
0.0524077 0 109.75
0.051054 0 109.76
0.0498936 0 109.77
0.0481532 0 109.78
0.0464127 0 109.79
0.045059 0 109.8
0.0438987 0 109.81
0.0423516 0 109.82
0.0411913 0 109.83
0.0400309 0 109.84
0.0396442 0 109.85
0.0382905 0 109.86
0.0363566 0 109.87
0.0353897 0 109.88
0.0348095 0 109.89
0.0344227 0 109.9
0.0338426 0 109.91
0.0328757 0 109.92
0.0319087 0 109.93
0.0301682 0 109.94
0.0295881 0 109.95
0.0288145 0 109.96
0.0272675 0 109.97
0.0264939 0 109.98
0.0261071 0 109.99
0.0243667 0 110
0.0237865 0 110.01
0.023013 0 110.02
0.0210791 0 110.03
0.0197254 0 110.04
0.0193386 0 110.05
0.0183717 0 110.06
0.0179849 0 110.07
0.0175981 0 110.08
0.017018 0 110.09
0.0166312 0 110.1
0.0158577 0 110.11
0.0154709 0 110.12
0.0143106 0 110.13
0.0141172 0 110.14
0.013537 0 110.15
0.0131503 0 110.16
0.0127635 0 110.17
0.0125701 0 110.19
0.0121833 0 110.2
0.0117966 0 110.21
0.0112164 0 110.22
0.0106362 0 110.23
0.0102495 0 110.24
0.0098627 0 110.25
0.00947592 0 110.26
0.00908915 0 110.27
0.00889576 0 110.28
0.00850899 0 110.29
0.00812222 0 110.3
0.00792883 0 110.31
0.00734868 0 110.32
0.00715529 0 110.33
0.0069619 0 110.35
0.00657513 0 110.36
0.00638174 0 110.38
0.00618836 0 110.39
0.0056082 0 110.4
0.00502804 0 110.41
0.00483465 0 110.42
0.00444788 0 110.43
0.00386772 0 110.44
0.00367434 0 110.46
0.00348095 0 110.47
0.00328757 0 110.5
0.00309418 0 110.51
0.00270741 0 110.54
0.00232063 0 110.56
0.00193386 0 110.68
0.00174048 0 110.7
0.0013537 0 110.71
0.00116032 0 110.76
0.000966931 0 110.79
0.000773545 0 110.89
0.000580159 0 110.9
0.000386772 0 110.92
0.000193386 0 111.01
0 0 1.79769e+308
