0.713402 259 54.22
0.713208 259 54.24
0.713208 258 54.3
0.713208 257 54.35
0.713208 256 54.39
0.713208 255 54.4
0.713208 254 54.43
0.713208 253 54.51
0.713208 252 54.52
0.713015 251 54.53
0.712822 251 54.6
0.712628 250 54.61
0.712628 249 54.62
0.712628 248 54.64
0.712628 247 54.65
0.712435 246 54.66
0.712435 244 54.67
0.712241 243 54.68
0.712241 242 54.69
0.712048 242 54.7
0.711855 241 54.71
0.711855 239 54.72
0.711855 237 54.73
0.711855 235 54.75
0.711855 232 54.76
0.711661 230 54.78
0.711468 229 54.79
0.711274 228 54.81
0.711274 227 54.83
0.711081 227 54.84
0.710888 227 54.85
0.710694 224 54.86
0.710114 224 54.87
0.710114 222 54.88
0.709921 220 54.89
0.709727 219 54.9
0.709534 219 54.91
0.709534 216 54.92
0.709341 214 54.93
0.709341 212 54.95
0.709341 210 54.96
0.708954 206 54.97
0.70876 203 54.98
0.708567 202 54.99
0.708374 201 55
0.70818 200 55.01
0.707213 198 55.02
0.707213 197 55.03
0.70702 194 55.04
0.706827 192 55.05
0.70644 189 55.06
0.706246 188 55.07
0.706246 187 55.08
0.706246 186 55.09
0.70586 185 55.1
0.705666 183 55.12
0.705666 181 55.13
0.704893 176 55.14
0.704119 174 55.15
0.703732 171 55.16
0.703346 169 55.17
0.702765 166 55.18
0.701798 164 55.19
0.701218 161 55.2
0.701218 160 55.21
0.700832 159 55.22
0.699865 158 55.23
0.699478 157 55.24
0.699284 155 55.25
0.699284 153 55.26
0.699091 151 55.27
0.698704 150 55.28
0.698124 148 55.29
0.697931 145 55.3
0.697737 142 55.31
0.69677 141 55.32
0.69619 138 55.33
0.69561 136 55.34
0.695223 133 55.35
0.694837 132 55.36
0.69445 130 55.37
0.694063 127 55.38
0.693676 126 55.39
0.692709 125 55.4
0.691356 121 55.41
0.690775 120 55.42
0.690002 118 55.43
0.689422 117 55.44
0.688455 117 55.45
0.687875 117 55.46
0.686908 117 55.47
0.686521 114 55.48
0.685167 112 55.49
0.6842 111 55.5
0.682653 107 55.51
0.680913 105 55.52
0.679946 103 55.53
0.679366 103 55.54
0.678979 101 55.55
0.677432 98 55.56
0.676078 96 55.57
0.674724 95 55.58
0.673564 94 55.59
0.672404 91 55.6
0.670857 89 55.61
0.669503 89 55.62
0.667956 87 55.63
0.666409 86 55.64
0.665055 86 55.65
0.663701 86 55.66
0.662154 84 55.67
0.661187 82 55.68
0.660801 80 55.69
0.65906 78 55.7
0.655966 76 55.71
0.654032 76 55.72
0.652098 73 55.73
0.650938 73 55.74
0.649197 72 55.75
0.647457 71 55.76
0.645136 70 55.77
0.643009 68 55.78
0.640302 65 55.79
0.640108 64 55.8
0.638755 63 55.81
0.637208 61 55.82
0.635854 58 55.83
0.633727 58 55.84
0.63334 58 55.85
0.630632 58 55.86
0.629085 56 55.87
0.627151 55 55.88
0.625604 54 55.89
0.622897 49 55.9
0.619803 48 55.91
0.616902 47 55.92
0.613614 46 55.93
0.611294 44 55.94
0.60936 43 55.95
0.607039 40 55.96
0.604912 40 55.97
0.602785 40 55.98
0.600851 40 55.99
0.598724 39 56
0.596016 39 56.01
0.594276 37 56.02
0.591762 36 56.03
0.590215 35 56.04
0.588281 33 56.05
0.585187 31 56.06
0.583833 30 56.07
0.581319 30 56.08
0.578225 29 56.09
0.575711 28 56.1
0.573003 26 56.11
0.569522 26 56.12
0.566041 26 56.13
0.563141 25 56.14
0.560627 23 56.15
0.558306 23 56.16
0.556179 23 56.17
0.552891 22 56.18
0.551731 22 56.19
0.54941 21 56.2
0.546123 21 56.21
0.543415 21 56.22
0.541675 19 56.23
0.539354 19 56.24
0.537033 18 56.25
0.533939 18 56.26
0.530072 18 56.27
0.527751 18 56.28
0.524463 16 56.29
0.520789 15 56.3
0.517888 14 56.31
0.513054 14 56.32
0.509959 13 56.33
0.506672 13 56.34
0.502224 13 56.35
0.496616 13 56.36
0.493522 13 56.37
0.490814 11 56.38
0.488687 11 56.39
0.485206 11 56.4
0.481338 10 56.41
0.478437 10 56.42
0.47573 10 56.43
0.472636 10 56.44
0.467995 10 56.45
0.46374 10 56.46
0.459486 10 56.47
0.457939 10 56.48
0.453877 10 56.49
0.448656 10 56.5
0.443048 10 56.51
0.4386 10 56.52
0.434345 9 56.53
0.429898 9 56.54
0.428157 9 56.55
0.424676 9 56.56
0.420422 8 56.57
0.416167 8 56.58
0.413073 7 56.59
0.409785 7 56.6
0.406498 7 56.61
0.40147 7 56.62
0.397022 7 56.63
0.392381 5 56.64
0.3889 5 56.65
0.384258 5 56.66
0.380777 5 56.67
0.37633 5 56.68
0.371882 5 56.69
0.36666 5 56.7
0.362986 5 56.71
0.358151 5 56.72
0.354864 5 56.73
0.350222 4 56.74
0.344808 4 56.75
0.341133 4 56.76
0.337072 4 56.77
0.332431 3 56.78
0.327596 3 56.79
0.323342 3 56.8
0.318894 3 56.81
0.314446 3 56.82
0.309225 3 56.83
0.304583 3 56.84
0.300909 3 56.85
0.297815 3 56.86
0.293947 3 56.87
0.289693 3 56.88
0.286405 3 56.89
0.281764 3 56.9
0.276929 3 56.91
0.271514 2 56.92
0.266873 2 56.93
0.262812 2 56.94
0.259137 2 56.95
0.25527 2 56.96
0.251015 2 56.97
0.248114 2 56.98
0.243473 2 56.99
0.240572 2 57
0.236318 2 57.01
0.233611 2 57.02
0.229743 2 57.03
0.225682 2 57.04
0.221621 2 57.05
0.216786 2 57.06
0.214079 2 57.07
0.211178 2 57.08
0.205763 2 57.09
0.203056 2 57.1
0.199575 2 57.11
0.19648 1 57.12
0.192419 1 57.13
0.188552 1 57.14
0.185457 1 57.15
0.182557 1 57.16
0.178689 1 57.17
0.175595 1 57.18
0.172114 1 57.19
0.169406 1 57.2
0.165539 1 57.21
0.162058 1 57.22
0.160124 1 57.23
0.15703 1 57.24
0.153355 1 57.25
0.150454 1 57.26
0.146587 0 57.27
0.144266 0 57.28
0.141945 0 57.29
0.138465 0 57.3
0.13537 0 57.31
0.132276 0 57.32
0.129762 0 57.33
0.126281 0 57.34
0.12338 0 57.35
0.12164 0 57.36
0.117192 0 57.37
0.113904 0 57.38
0.111777 0 57.39
0.11023 0 57.4
0.107909 0 57.41
0.104622 0 57.42
0.100948 0 57.43
0.0988203 0 57.44
0.0955328 0 57.45
0.0935989 0 57.46
0.0906981 0 57.47
0.0885709 0 57.48
0.086637 0 57.49
0.0845098 0 57.5
0.0823825 0 57.51
0.080642 0 57.52
0.0794817 0 57.53
0.0767743 0 57.54
0.0742603 0 57.55
0.0711661 0 57.56
0.0688455 0 57.57
0.0667182 0 57.58
0.064591 0 57.59
0.062077 0 57.6
0.06111 0 57.61
0.0582092 0 57.62
0.0555018 0 57.63
0.0533746 0 57.64
0.0506672 0 57.65
0.0491201 0 57.66
0.0471862 0 57.67
0.0467995 0 57.68
0.0454458 0 57.69
0.0435119 0 57.7
0.0413846 0 57.71
0.0398376 0 57.72
0.0384839 0 57.73
0.0369368 0 57.74
0.0355831 0 57.75
0.0344227 0 57.76
0.0338426 0 57.77
0.0326823 0 57.78
0.0315219 0 57.79
0.0299749 0 57.8
0.0290079 0 57.81
0.0284278 0 57.82
0.0278476 0 57.83
0.0272675 0 57.84
0.0263005 0 57.85
0.0257204 0 57.86
0.0243667 0 57.87
0.0232063 0 57.88
0.0222394 0 57.89
0.0214659 0 57.9
0.0206923 0 57.91
0.0199188 0 57.92
0.0187585 0 57.93
0.017018 0 57.94
0.0168246 0 57.95
0.0160511 0 57.96
0.0158577 0 57.97
0.0156643 0 57.98
0.014504 0 57.99
0.0141172 0 58
0.0137304 0 58.01
0.0131503 0 58.02
0.0129569 0 58.03
0.0119899 0 58.04
0.0116032 0 58.05
0.0108296 0 58.06
0.0102495 0 58.08
0.00947592 0 58.09
0.00908915 0 58.1
0.00870238 0 58.11
0.00831561 0 58.12
0.00754206 0 58.14
0.00715529 0 58.15
0.00657513 0 58.16
0.00638174 0 58.17
0.00599497 0 58.18
0.00580159 0 58.19
0.0056082 0 58.21
0.00502804 0 58.22
0.00464127 0 58.23
0.0042545 0 58.24
0.00386772 0 58.29
0.00348095 0 58.3
0.00309418 0 58.33
0.00270741 0 58.34
0.00251402 0 58.35
0.00232063 0 58.38
0.00212725 0 58.39
0.00174048 0 58.4
0.00154709 0 58.41
0.0013537 0 58.44
0.000966931 0 58.48
0.000773545 0 58.5
0.000580159 0 58.55
0.000386772 0 58.56
0.000193386 0 58.59
0 0 1.79769e+308
