0.704119 792 -1.41
0.704119 791 -1.35
0.704119 790 -1.33
0.704119 789 -1.04
0.704119 788 -0.92
0.704119 787 -0.86
0.703926 787 -0.59
0.703926 786 -0.58
0.703926 785 -0.53
0.703926 784 -0.48
0.703926 783 -0.46
0.703926 782 -0.38
0.703926 781 -0.32
0.703926 780 -0.28
0.703732 778 -0.24
0.703732 777 -0.21
0.703732 776 -0.17
0.703732 774 -0.13
0.703732 773 0.01
0.703732 772 0.02
0.703539 772 0.06
0.703539 770 0.08
0.703539 768 0.09
0.703539 767 0.16
0.703539 766 0.23
0.703539 765 0.25
0.703539 764 0.27
0.703539 762 0.31
0.703539 761 0.32
0.703539 760 0.34
0.703539 759 0.35
0.703346 759 0.37
0.703346 758 0.39
0.703346 756 0.4
0.703346 755 0.41
0.703346 754 0.42
0.703346 753 0.43
0.703152 753 0.44
0.703152 752 0.46
0.702959 751 0.47
0.702959 749 0.48
0.702959 748 0.55
0.702959 747 0.56
0.702959 746 0.57
0.702765 745 0.59
0.702765 744 0.6
0.702765 743 0.61
0.702765 741 0.64
0.702765 740 0.65
0.702765 738 0.66
0.702572 738 0.71
0.702572 737 0.73
0.702572 736 0.74
0.702572 735 0.76
0.702572 732 0.77
0.702572 730 0.8
0.702572 728 0.81
0.702572 726 0.82
0.702379 726 0.83
0.702185 726 0.84
0.702185 725 0.87
0.702185 724 0.88
0.701992 723 0.9
0.701798 723 0.91
0.701798 719 0.92
0.701798 717 0.93
0.701798 716 0.94
0.701798 714 0.95
0.701798 711 0.97
0.701798 710 0.98
0.701798 706 1.01
0.701605 703 1.02
0.701605 701 1.04
0.701605 700 1.05
0.701605 698 1.06
0.701605 697 1.07
0.701605 695 1.08
0.701605 693 1.09
0.701605 692 1.1
0.701412 691 1.11
0.701218 690 1.13
0.701218 689 1.16
0.701218 687 1.19
0.701218 685 1.2
0.701218 684 1.21
0.701025 684 1.22
0.700832 683 1.23
0.700832 682 1.24
0.700832 680 1.25
0.700832 677 1.26
0.700832 675 1.27
0.700832 673 1.28
0.700832 672 1.29
0.700445 671 1.3
0.700251 666 1.31
0.700251 665 1.32
0.700058 663 1.34
0.700058 659 1.35
0.700058 657 1.36
0.700058 656 1.37
0.700058 655 1.38
0.699865 654 1.39
0.699671 654 1.4
0.699671 653 1.41
0.699671 652 1.42
0.699478 652 1.43
0.699478 649 1.44
0.699284 649 1.45
0.699091 647 1.46
0.698898 642 1.47
0.698898 640 1.48
0.698898 639 1.49
0.698898 638 1.5
0.698511 638 1.52
0.698511 635 1.54
0.698511 633 1.55
0.698511 631 1.56
0.698318 630 1.57
0.698318 628 1.58
0.697931 626 1.59
0.697931 625 1.6
0.697931 624 1.62
0.697737 624 1.64
0.697544 622 1.65
0.697351 621 1.69
0.697157 620 1.7
0.69677 618 1.71
0.69677 617 1.72
0.69677 616 1.73
0.69677 615 1.74
0.696577 613 1.75
0.696577 609 1.77
0.696577 608 1.78
0.696577 607 1.79
0.696577 606 1.81
0.696384 602 1.82
0.696384 601 1.84
0.696384 599 1.85
0.696384 596 1.86
0.696384 595 1.87
0.69619 592 1.88
0.69619 591 1.91
0.69619 588 1.93
0.695997 585 1.94
0.695997 584 1.95
0.695804 582 1.96
0.695804 580 1.97
0.69561 579 1.99
0.69503 578 2
0.69503 577 2.01
0.69503 575 2.02
0.69503 574 2.03
0.694837 574 2.04
0.694837 572 2.05
0.694643 570 2.06
0.694643 567 2.07
0.694643 566 2.08
0.694643 565 2.09
0.694256 565 2.1
0.694256 562 2.11
0.694256 561 2.12
0.694256 559 2.13
0.694256 558 2.14
0.694256 556 2.15
0.694063 554 2.16
0.694063 552 2.17
0.69387 551 2.18
0.693676 549 2.19
0.693483 548 2.2
0.693483 546 2.21
0.692903 543 2.22
0.692709 542 2.23
0.692516 540 2.24
0.692323 538 2.25
0.692129 536 2.26
0.692129 533 2.27
0.691936 530 2.28
0.691742 530 2.29
0.691742 529 2.31
0.691742 527 2.32
0.691356 526 2.33
0.690969 525 2.34
0.690389 523 2.35
0.690389 522 2.36
0.690389 520 2.37
0.690195 517 2.38
0.690195 516 2.39
0.690195 514 2.4
0.690195 510 2.42
0.690002 510 2.43
0.689615 509 2.45
0.689422 507 2.46
0.689422 506 2.47
0.689228 503 2.48
0.688842 499 2.49
0.688455 498 2.5
0.688455 496 2.51
0.688455 493 2.52
0.688261 492 2.53
0.688261 491 2.54
0.688068 485 2.55
0.688068 483 2.56
0.688068 481 2.57
0.687875 481 2.58
0.687681 480 2.59
0.687681 478 2.6
0.687681 475 2.61
0.687681 473 2.62
0.687101 472 2.65
0.687101 469 2.66
0.686908 466 2.67
0.686714 465 2.68
0.686521 464 2.69
0.685941 462 2.7
0.685361 460 2.71
0.684974 460 2.72
0.684974 458 2.73
0.684781 458 2.74
0.684781 454 2.75
0.684781 452 2.76
0.684587 449 2.78
0.6842 445 2.79
0.683427 442 2.81
0.683233 440 2.82
0.683233 439 2.83
0.68304 438 2.84
0.682653 438 2.86
0.682653 434 2.87
0.682653 432 2.88
0.682266 432 2.89
0.682073 430 2.9
0.682073 427 2.92
0.681686 425 2.93
0.681493 423 2.94
0.6813 423 2.96
0.6813 422 2.97
0.6813 421 2.98
0.680719 420 2.99
0.680526 416 3
0.680333 414 3.01
0.680333 412 3.03
0.680139 411 3.04
0.679946 409 3.05
0.679946 407 3.06
0.679946 406 3.07
0.679559 405 3.08
0.679172 401 3.09
0.678979 398 3.1
0.678979 397 3.11
0.678979 395 3.12
0.678592 393 3.13
0.678399 392 3.14
0.678399 391 3.15
0.678205 389 3.17
0.677819 387 3.18
0.677432 387 3.19
0.677045 383 3.2
0.676658 383 3.21
0.676658 382 3.22
0.676465 381 3.23
0.676272 380 3.24
0.675885 379 3.25
0.675498 379 3.26
0.675305 379 3.27
0.675111 379 3.28
0.675111 378 3.29
0.674724 378 3.3
0.674531 378 3.31
0.674144 376 3.32
0.673951 376 3.33
0.673371 374 3.34
0.673177 373 3.35
0.673177 371 3.36
0.672984 371 3.37
0.672597 366 3.38
0.672017 366 3.39
0.672017 365 3.4
0.67163 363 3.41
0.671243 362 3.42
0.670663 359 3.43
0.67047 356 3.44
0.670277 352 3.45
0.66989 351 3.47
0.669503 345 3.48
0.669503 344 3.49
0.66931 344 3.5
0.668923 343 3.51
0.668923 340 3.52
0.668923 338 3.53
0.668729 338 3.54
0.668729 335 3.55
0.668536 334 3.56
0.668343 330 3.57
0.668343 329 3.58
0.668343 327 3.59
0.667763 326 3.6
0.667569 323 3.61
0.667182 322 3.62
0.667182 320 3.63
0.666989 316 3.64
0.666602 313 3.65
0.666022 312 3.66
0.666022 310 3.67
0.665249 308 3.68
0.665055 307 3.69
0.664862 305 3.7
0.663895 303 3.71
0.663121 301 3.72
0.662348 297 3.73
0.662154 295 3.74
0.661768 292 3.76
0.661381 291 3.77
0.661187 290 3.78
0.660994 290 3.79
0.660607 287 3.8
0.660027 287 3.81
0.659834 286 3.82
0.659254 286 3.83
0.65906 285 3.84
0.658867 285 3.85
0.658287 284 3.86
0.658093 280 3.88
0.6579 279 3.89
0.6579 276 3.9
0.657706 276 3.91
0.657126 273 3.92
0.65674 273 3.93
0.65674 272 3.94
0.656353 271 3.95
0.656159 269 3.96
0.655966 268 3.97
0.655579 264 3.98
0.655192 263 3.99
0.654612 262 4
0.654419 257 4.01
0.654419 254 4.02
0.653839 252 4.03
0.653645 250 4.04
0.653065 247 4.05
0.652678 247 4.06
0.652485 246 4.07
0.651905 244 4.08
0.651518 242 4.09
0.651325 240 4.1
0.650745 239 4.11
0.650551 237 4.12
0.650164 234 4.13
0.649971 234 4.14
0.649778 229 4.15
0.648617 229 4.16
0.648231 227 4.17
0.648037 226 4.18
0.64765 224 4.19
0.64765 223 4.2
0.64707 222 4.21
0.64649 221 4.22
0.645523 221 4.23
0.645136 220 4.24
0.644556 218 4.25
0.643976 213 4.28
0.643396 211 4.29
0.642622 211 4.3
0.642236 211 4.31
0.641462 210 4.32
0.640882 210 4.33
0.640495 209 4.34
0.639915 207 4.36
0.639915 206 4.37
0.639528 205 4.38
0.638561 204 4.39
0.637788 203 4.4
0.637401 203 4.41
0.637014 201 4.42
0.636627 201 4.43
0.635854 200 4.44
0.635467 200 4.45
0.63508 199 4.46
0.634307 197 4.47
0.63392 197 4.48
0.63392 196 4.49
0.633533 195 4.5
0.633146 193 4.51
0.632953 191 4.52
0.632566 189 4.53
0.631406 189 4.54
0.631019 189 4.55
0.630439 187 4.56
0.629665 187 4.57
0.629472 187 4.58
0.629085 186 4.59
0.628699 185 4.6
0.628505 182 4.61
0.627538 181 4.62
0.626765 179 4.63
0.625798 179 4.64
0.625218 179 4.65
0.624057 178 4.66
0.62367 176 4.67
0.623477 176 4.68
0.62309 175 4.69
0.62251 173 4.7
0.622123 169 4.71
0.621156 168 4.72
0.620963 167 4.73
0.620383 167 4.74
0.619803 167 4.75
0.618836 167 4.76
0.618642 167 4.77
0.617869 165 4.78
0.617675 164 4.79
0.617289 163 4.8
0.616902 161 4.81
0.616128 158 4.82
0.615742 157 4.83
0.615548 157 4.84
0.615161 157 4.85
0.614581 154 4.86
0.614001 153 4.87
0.613421 153 4.88
0.612841 152 4.89
0.612841 151 4.9
0.612454 151 4.91
0.612261 149 4.93
0.611874 148 4.94
0.611487 145 4.95
0.610907 143 4.96
0.61052 142 4.97
0.610133 141 4.98
0.609747 140 4.99
0.60936 139 5
0.608393 139 5.01
0.607813 138 5.02
0.607233 138 5.03
0.606652 137 5.04
0.606459 133 5.05
0.605492 133 5.06
0.605492 132 5.07
0.604719 132 5.08
0.604138 132 5.09
0.603752 131 5.1
0.603365 130 5.11
0.602398 130 5.12
0.601431 130 5.13
0.600658 130 5.14
0.600077 130 5.15
0.599497 130 5.16
0.598143 128 5.17
0.596403 128 5.18
0.59621 128 5.19
0.595243 128 5.2
0.594469 124 5.21
0.593889 123 5.22
0.593115 123 5.23
0.592729 121 5.24
0.591762 120 5.25
0.591182 118 5.26
0.590601 118 5.27
0.590215 116 5.28
0.589441 115 5.29
0.589054 115 5.3
0.588281 110 5.31
0.587894 110 5.32
0.58712 109 5.33
0.586347 109 5.34
0.585573 109 5.35
0.584413 109 5.36
0.584413 108 5.37
0.584026 107 5.38
0.582479 107 5.39
0.581899 106 5.4
0.581126 106 5.41
0.579965 104 5.42
0.578805 104 5.43
0.577838 103 5.44
0.577645 103 5.45
0.576871 103 5.46
0.575711 101 5.47
0.574937 100 5.48
0.573777 99 5.49
0.573003 99 5.5
0.572617 98 5.51
0.572423 98 5.52
0.570489 97 5.53
0.569716 96 5.54
0.569136 94 5.55
0.567782 94 5.56
0.567588 94 5.57
0.566815 93 5.58
0.566235 92 5.59
0.565461 91 5.6
0.563721 90 5.61
0.562754 90 5.62
0.562367 89 5.63
0.5614 88 5.64
0.561207 87 5.65
0.56024 86 5.66
0.559853 85 5.67
0.559466 85 5.68
0.559079 85 5.69
0.557339 84 5.7
0.556759 83 5.71
0.556565 81 5.72
0.556372 81 5.73
0.555599 81 5.74
0.554632 79 5.75
0.554051 79 5.76
0.552891 78 5.77
0.551924 76 5.79
0.54999 74 5.8
0.549604 73 5.81
0.54883 72 5.82
0.548443 72 5.83
0.54767 72 5.84
0.546896 71 5.85
0.545736 69 5.86
0.545349 69 5.87
0.544576 69 5.88
0.544189 69 5.89
0.542061 68 5.9
0.541481 68 5.91
0.540514 67 5.92
0.539934 67 5.93
0.538967 67 5.94
0.538387 67 5.95
0.53742 67 5.96
0.537033 66 5.97
0.53626 65 5.98
0.53568 65 5.99
0.534519 64 6
0.533939 64 6.01
0.533359 64 6.02
0.532972 62 6.03
0.531619 61 6.04
0.529491 61 6.05
0.528524 59 6.06
0.527558 59 6.07
0.526591 58 6.08
0.525624 58 6.09
0.52485 58 6.1
0.523303 58 6.11
0.522143 57 6.12
0.521176 57 6.13
0.520209 56 6.14
0.518468 56 6.15
0.518082 56 6.16
0.516535 56 6.17
0.515954 56 6.18
0.515374 54 6.19
0.514601 52 6.2
0.513634 51 6.21
0.51286 51 6.22
0.512667 51 6.23
0.5117 50 6.24
0.511506 50 6.25
0.510733 50 6.26
0.509959 49 6.27
0.508412 48 6.28
0.507252 48 6.29
0.506285 47 6.3
0.505898 47 6.31
0.504351 46 6.32
0.502804 46 6.33
0.501644 45 6.34
0.501064 45 6.35
0.50087 45 6.36
0.500483 43 6.37
0.499517 43 6.38
0.498743 43 6.39
0.497583 43 6.4
0.495069 43 6.41
0.493908 43 6.42
0.492361 43 6.43
0.491588 43 6.44
0.490427 43 6.45
0.489654 43 6.46
0.489074 43 6.47
0.487333 43 6.48
0.485206 43 6.49
0.484432 43 6.5
0.482885 40 6.51
0.481918 40 6.52
0.480371 40 6.53
0.479791 40 6.54
0.479211 39 6.55
0.477664 38 6.56
0.477084 38 6.57
0.476504 38 6.58
0.475537 38 6.59
0.47515 36 6.6
0.474376 34 6.61
0.473216 34 6.62
0.471862 34 6.63
0.471089 34 6.64
0.469735 33 6.65
0.468768 33 6.66
0.467995 33 6.67
0.466834 33 6.68
0.466447 32 6.69
0.465674 32 6.7
0.46432 32 6.71
0.46316 32 6.72
0.462386 32 6.73
0.460646 32 6.74
0.460066 32 6.75
0.459872 32 6.76
0.458905 32 6.77
0.457939 32 6.78
0.457552 32 6.79
0.456391 32 6.8
0.455811 32 6.81
0.455038 32 6.82
0.454844 32 6.83
0.453491 32 6.84
0.452717 31 6.85
0.45233 31 6.86
0.451557 31 6.87
0.450203 31 6.88
0.449816 31 6.89
0.449236 31 6.9
0.447882 31 6.91
0.446915 31 6.92
0.445562 30 6.93
0.444788 29 6.94
0.443048 29 6.95
0.442081 29 6.96
0.441307 29 6.97
0.440534 29 6.98
0.439373 29 6.99
0.4386 29 7
0.437053 29 7.01
0.436086 29 7.02
0.435119 29 7.03
0.434345 28 7.04
0.432798 28 7.05
0.432605 28 7.06
0.431445 27 7.07
0.430671 26 7.08
0.430091 24 7.09
0.429704 23 7.1
0.428157 23 7.11
0.42719 23 7.12
0.425643 23 7.13
0.424676 23 7.14
0.423516 23 7.15
0.421582 22 7.16
0.421002 21 7.17
0.419841 21 7.18
0.418681 19 7.2
0.417714 19 7.21
0.415974 19 7.22
0.41462 19 7.23
0.413653 19 7.24
0.412106 19 7.25
0.410752 19 7.26
0.409979 19 7.27
0.408625 19 7.28
0.407658 19 7.29
0.406498 19 7.3
0.406111 18 7.31
0.404757 17 7.32
0.402823 16 7.33
0.40147 15 7.34
0.400116 15 7.35
0.399342 15 7.36
0.397989 15 7.37
0.396635 15 7.38
0.395475 15 7.39
0.394508 14 7.4
0.393348 14 7.41
0.392187 14 7.42
0.3918 14 7.43
0.39122 14 7.44
0.390447 14 7.45
0.3889 14 7.46
0.387353 14 7.47
0.385805 14 7.48
0.384645 14 7.49
0.383678 14 7.5
0.382518 14 7.51
0.381358 14 7.52
0.380391 14 7.53
0.379617 14 7.54
0.377877 13 7.55
0.377103 13 7.56
0.375749 13 7.57
0.374589 13 7.58
0.374396 13 7.59
0.373429 13 7.6
0.372849 13 7.61
0.371688 13 7.62
0.371495 13 7.63
0.370141 13 7.64
0.367821 13 7.65
0.36666 13 7.66
0.36492 12 7.67
0.36434 12 7.68
0.363179 12 7.69
0.361439 12 7.7
0.360085 11 7.71
0.358538 11 7.72
0.357764 11 7.73
0.356411 10 7.74
0.355637 10 7.75
0.353897 10 7.76
0.35293 10 7.77
0.350996 10 7.78
0.348869 10 7.79
0.348482 10 7.8
0.348095 9 7.81
0.346935 9 7.82
0.345388 8 7.83
0.344227 8 7.84
0.343067 8 7.85
0.341907 8 7.86
0.341133 8 7.87
0.340553 8 7.88
0.339006 8 7.89
0.337266 8 7.9
0.334751 8 7.91
0.333978 8 7.92
0.332818 8 7.93
0.331271 8 7.94
0.330497 8 7.95
0.32895 8 7.96
0.328563 8 7.97
0.328176 7 7.98
0.327403 7 7.99
0.326823 7 8
0.325469 7 8.01
0.325082 7 8.02
0.323535 7 8.03
0.322568 7 8.04
0.320828 6 8.05
0.319281 6 8.06
0.318314 6 8.07
0.31754 6 8.08
0.315993 6 8.09
0.314833 6 8.1
0.314253 6 8.11
0.313286 6 8.12
0.311932 6 8.13
0.310191 6 8.14
0.309225 6 8.15
0.308258 6 8.16
0.307871 6 8.17
0.307097 6 8.18
0.306711 6 8.19
0.304777 6 8.2
0.302263 6 8.21
0.300909 6 8.22
0.299749 5 8.23
0.298782 5 8.24
0.296848 5 8.25
0.295687 5 8.26
0.294914 5 8.27
0.293367 5 8.28
0.291433 5 8.29
0.290853 5 8.3
0.290466 5 8.31
0.288919 5 8.32
0.288726 5 8.33
0.287565 5 8.34
0.285825 5 8.35
0.285245 5 8.36
0.283698 5 8.37
0.282344 5 8.38
0.280797 5 8.39
0.280217 5 8.4
0.27867 5 8.41
0.276542 5 8.42
0.275575 5 8.43
0.274995 5 8.44
0.274415 5 8.45
0.273448 5 8.46
0.272288 5 8.47
0.270741 5 8.48
0.270161 5 8.49
0.269194 5 8.5
0.267066 5 8.51
0.265906 5 8.52
0.264746 5 8.53
0.263005 4 8.54
0.261845 4 8.55
0.261458 4 8.56
0.260685 4 8.57
0.259331 4 8.58
0.258171 4 8.59
0.25701 4 8.6
0.25469 3 8.61
0.253723 3 8.62
0.252562 3 8.63
0.251015 3 8.64
0.249468 3 8.65
0.248308 3 8.66
0.247341 3 8.67
0.246954 3 8.68
0.2456 3 8.69
0.244634 3 8.7
0.244247 3 8.71
0.2427 3 8.72
0.241733 3 8.73
0.240379 3 8.74
0.238832 3 8.75
0.237091 3 8.76
0.235738 3 8.77
0.235158 3 8.78
0.234384 3 8.79
0.232837 3 8.8
0.232063 3 8.81
0.231096 3 8.82
0.230323 3 8.83
0.229163 3 8.84
0.228389 3 8.85
0.227616 3 8.86
0.226455 3 8.87
0.225488 3 8.88
0.224521 3 8.89
0.223941 3 8.9
0.222394 3 8.91
0.221427 3 8.92
0.220073 3 8.93
0.219107 3 8.94
0.217946 3 8.95
0.216399 3 8.96
0.214465 3 8.97
0.212725 3 8.98
0.211951 3 8.99
0.210404 3 9
0.209631 3 9.01
0.20847 3 9.02
0.20731 3 9.03
0.206343 3 9.04
0.20557 3 9.05
0.204989 3 9.06
0.204022 3 9.07
0.203249 3 9.08
0.202089 3 9.09
0.201508 3 9.1
0.200155 3 9.11
0.198994 3 9.12
0.197641 3 9.13
0.19648 3 9.14
0.195513 3 9.15
0.193773 3 9.16
0.193193 3 9.17
0.192226 3 9.18
0.191066 3 9.19
0.190099 3 9.2
0.189325 3 9.21
0.188552 3 9.22
0.187971 3 9.23
0.186811 3 9.24
0.184877 3 9.25
0.18391 3 9.26
0.18275 3 9.27
0.18217 2 9.28
0.181396 2 9.29
0.180043 2 9.3
0.179269 2 9.31
0.178109 2 9.32
0.177335 2 9.33
0.175595 2 9.34
0.174434 2 9.35
0.173661 2 9.36
0.172694 2 9.37
0.17134 2 9.38
0.17076 2 9.39
0.169406 2 9.4
0.168246 2 9.41
0.167859 2 9.42
0.167086 2 9.43
0.166312 2 9.44
0.165539 2 9.45
0.164958 2 9.46
0.164765 2 9.47
0.164378 2 9.48
0.163411 2 9.49
0.162638 2 9.5
0.161864 2 9.51
0.161091 2 9.52
0.160511 2 9.53
0.159544 2 9.54
0.158577 2 9.55
0.15761 2 9.56
0.156449 2 9.57
0.154902 2 9.58
0.154709 2 9.59
0.153742 2 9.6
0.152582 2 9.61
0.151615 2 9.62
0.150068 2 9.63
0.148907 2 9.64
0.148521 2 9.65
0.14794 2 9.66
0.146587 2 9.67
0.14562 2 9.68
0.14504 2 9.69
0.143879 2 9.7
0.143299 2 9.71
0.142332 2 9.72
0.141945 2 9.73
0.140592 2 9.74
0.139238 2 9.75
0.138658 2 9.76
0.137498 2 9.77
0.136917 2 9.78
0.136144 2 9.79
0.13479 2 9.8
0.134017 2 9.81
0.133436 2 9.82
0.13305 2 9.83
0.131116 2 9.84
0.130342 2 9.85
0.129375 2 9.86
0.128602 2 9.87
0.127635 2 9.88
0.126668 2 9.89
0.125508 2 9.9
0.124347 2 9.91
0.124154 2 9.92
0.123961 2 9.93
0.122994 2 9.94
0.122607 2 9.95
0.122413 2 9.96
0.12164 2 9.97
0.120866 2 9.98
0.120286 1 9.99
0.119706 1 10
0.118739 1 10.01
0.118352 1 10.02
0.117385 1 10.03
0.116999 1 10.04
0.116225 1 10.05
0.115838 1 10.06
0.115065 1 10.07
0.114485 1 10.08
0.113324 1 10.09
0.112938 1 10.1
0.112357 1 10.11
0.111197 1 10.12
0.110617 1 10.13
0.11023 1 10.14
0.109263 1 10.15
0.10907 1 10.16
0.108103 1 10.17
0.107136 1 10.18
0.106169 1 10.19
0.105782 1 10.21
0.105202 1 10.22
0.104429 1 10.23
0.103268 1 10.24
0.102495 1 10.25
0.102108 1 10.26
0.101334 1 10.27
0.100561 1 10.28
0.0997873 1 10.29
0.0992071 1 10.3
0.0982402 1 10.31
0.09766 1 10.32
0.0974666 1 10.33
0.0968865 1 10.35
0.0964997 1 10.37
0.0963063 1 10.38
0.0957262 1 10.39
0.0949526 1 10.4
0.0945658 1 10.41
0.0941791 1 10.42
0.0935989 1 10.43
0.0930188 1 10.44
0.0918584 1 10.45
0.0910849 1 10.46
0.0905047 1 10.47
0.0897312 1 10.48
0.0893444 1 10.49
0.0879907 1 10.5
0.0872172 1 10.51
0.086637 1 10.52
0.0856701 1 10.53
0.0848965 1 10.54
0.084123 1 10.55
0.0829627 1 10.56
0.0823825 1 10.58
0.081609 1 10.59
0.0810288 1 10.6
0.0800619 1 10.61
0.0792883 1 10.62
0.0783214 1 10.63
0.0769677 1 10.64
0.0763875 1 10.65
0.075614 1 10.66
0.0754206 1 10.67
0.0748405 1 10.68
0.0742603 1 10.69
0.0736801 1 10.7
0.0729066 1 10.71
0.072133 1 10.72
0.0719397 1 10.73
0.0707793 1 10.74
0.0698124 1 10.75
0.0694256 1 10.77
0.0686521 1 10.78
0.0682653 1 10.79
0.0678786 1 10.8
0.0676852 1 10.81
0.0672984 1 10.82
0.0661381 1 10.83
0.0659447 1 10.84
0.0653645 1 10.85
0.064591 1 10.86
0.0640108 1 10.87
0.0630439 1 10.88
0.062077 1 10.89
0.0614968 1 10.9
0.0613034 1 10.91
0.0607233 1 10.92
0.0597563 1 10.93
0.0589828 1 10.94
0.0587894 1 10.95
0.058596 1 10.96
0.0584026 1 10.97
0.0572423 1 10.98
0.0570489 1 10.99
0.0566622 1 11
0.0564688 1 11.01
0.0556952 1 11.02
0.0553085 1 11.04
0.0545349 1 11.05
0.0539547 1 11.07
0.0537614 1 11.08
0.0533746 1 11.09
0.0531812 1 11.1
0.0527944 1 11.11
0.0516341 1 11.12
0.0512473 1 11.13
0.050087 1 11.14
0.0498936 1 11.15
0.0493135 1 11.16
0.0489267 1 11.17
0.0481532 1 11.18
0.0477664 1 11.19
0.0467995 1 11.2
0.0462193 1 11.21
0.0460259 1 11.22
0.0458325 1 11.23
0.0452524 1 11.24
0.045059 1 11.25
0.0442854 1 11.26
0.0437053 1 11.28
0.0433185 1 11.29
0.0431251 1 11.3
0.0429317 1 11.32
0.0427383 1 11.33
0.042545 1 11.34
0.0421582 1 11.35
0.0417714 1 11.36
0.0413846 1 11.37
0.0408045 1 11.38
0.0402243 1 11.39
0.0398376 1 11.41
0.0394508 1 11.42
0.0392574 0 11.43
0.039064 0 11.44
0.0386772 0 11.45
0.0380971 0 11.47
0.0377103 0 11.48
0.0371301 0 11.49
0.0369368 0 11.5
0.03655 0 11.51
0.0361632 0 11.52
0.0359698 0 11.53
0.0357764 0 11.54
0.0355831 0 11.55
0.0350029 0 11.56
0.0346161 0 11.57
0.034036 0 11.58
0.0338426 0 11.59
0.0334558 0 11.6
0.0332624 0 11.61
0.0324889 0 11.62
0.0321021 0 11.63
0.0319087 0 11.64
0.0317153 0 11.66
0.0313286 0 11.67
0.030555 0 11.68
0.0297815 0 11.69
0.0295881 0 11.72
0.0290079 0 11.73
0.0286212 0 11.74
0.0284278 0 11.76
0.028041 0 11.77
0.0278476 0 11.78
0.0276542 0 11.8
0.0274608 0 11.81
0.0270741 0 11.82
0.0268807 0 11.83
0.0266873 0 11.84
0.0264939 0 11.85
0.0263005 0 11.87
0.025527 0 11.88
0.0249468 0 11.89
0.0247534 0 11.9
0.0243667 0 11.91
0.0241733 0 11.93
0.0239799 0 11.95
0.0233997 0 11.96
0.0232063 0 11.97
0.0226262 0 11.98
0.0224328 0 12
0.022046 0 12.02
0.0218526 0 12.03
0.0216593 0 12.05
0.0214659 0 12.06
0.0212725 0 12.07
0.0206923 0 12.08
0.0204989 0 12.09
0.0201122 0 12.11
0.0199188 0 12.12
0.0197254 0 12.13
0.019532 0 12.16
0.0193386 0 12.17
0.0191452 0 12.18
0.0189518 0 12.2
0.0185651 0 12.21
0.0181783 0 12.22
0.0179849 0 12.23
0.0177915 0 12.27
0.0174048 0 12.28
0.017018 0 12.29
0.0168246 0 12.3
0.0166312 0 12.31
0.0162444 0 12.32
0.0158577 0 12.34
0.0154709 0 12.35
0.0150841 0 12.36
0.0148907 0 12.38
0.0146974 0 12.39
0.014504 0 12.41
0.0143106 0 12.42
0.0141172 0 12.43
0.0139238 0 12.44
0.0137304 0 12.45
0.013537 0 12.5
0.0133436 0 12.51
0.0131503 0 12.54
0.0125701 0 12.56
0.0123767 0 12.59
0.0119899 0 12.61
0.0117966 0 12.63
0.0116032 0 12.65
0.0114098 0 12.68
0.0112164 0 12.69
0.011023 0 12.71
0.0108296 0 12.74
0.0106362 0 12.75
0.0102495 0 12.77
0.0100561 0 12.78
0.0098627 0 12.79
0.00966931 0 12.82
0.00947592 0 12.83
0.00928254 0 12.85
0.00908915 0 12.87
0.00889576 0 12.89
0.00870238 0 12.91
0.00850899 0 12.92
0.00831561 0 12.93
0.00812222 0 12.95
0.00792883 0 12.99
0.00754206 0 13
0.00734868 0 13.05
0.00715529 0 13.07
0.0069619 0 13.08
0.00676852 0 13.09
0.00657513 0 13.1
0.00599497 0 13.12
0.00580159 0 13.14
0.0056082 0 13.15
0.00522143 0 13.18
0.00502804 0 13.21
0.00483465 0 13.22
0.00464127 0 13.24
0.00444788 0 13.28
0.00406111 0 13.29
0.00386772 0 13.33
0.00367434 0 13.34
0.00328757 0 13.37
0.00309418 0 13.38
0.00290079 0 13.41
0.00270741 0 13.43
0.00251402 0 13.47
0.00232063 0 13.56
0.00193386 0 13.66
0.00174048 0 13.71
0.00154709 0 13.72
0.0013537 0 13.73
0.00116032 0 13.94
0.000966931 0 14.06
0.000773545 0 14.17
0.000580159 0 14.18
0.000386772 0 15.06
0.000193386 0 16.05
0 0 1.79769e+308
