0.458253 168
0.458114 168
0.458114 167
0.458012 167
0.458012 166
0.458012 165
0.457879 165
0.457749 164
0.457624 164
0.457624 163
0.457624 162
0.457624 161
0.457488 161
0.457366 161
0.457365 159
0.457109 159
0.457109 157
0.456942 155
0.456942 154
0.456942 153
0.456811 153
0.456738 152
0.456738 151
0.456738 148
0.456525 147
0.456398 147
0.456398 146
0.456398 145
0.455766 145
0.455766 144
0.455759 142
0.455636 142
0.455354 140
0.455354 139
0.455354 138
0.455258 137
0.455171 136
0.455171 135
0.455171 133
0.454775 129
0.45441 128
0.454211 126
0.45397 123
0.453398 122
0.453159 119
0.453159 118
0.452893 117
0.452504 116
0.452284 115
0.452149 114
0.452149 113
0.452004 111
0.451748 111
0.451409 109
0.451246 106
0.451016 105
0.450389 105
0.450246 105
0.449862 104
0.449629 103
0.449506 102
0.449393 100
0.449274 99
0.449042 99
0.44846 98
0.447674 95
0.447393 95
0.446941 94
0.446824 94
0.446222 94
0.445826 94
0.445226 94
0.444959 91
0.444018 90
0.443676 89
0.442716 88
0.44165 86
0.441035 85
0.440783 85
0.440524 84
0.439742 82
0.438969 80
0.438138 79
0.43777 79
0.437022 76
0.436 74
0.435244 74
0.434376 72
0.433472 72
0.432773 72
0.431865 72
0.430992 70
0.430369 69
0.430042 68
0.42906 68
0.427113 67
0.425829 67
0.424574 64
0.423845 64
0.422798 63
0.421582 62
0.420249 62
0.419004 60
0.417194 59
0.417076 58
0.416313 57
0.415304 55
0.414414 54
0.4132 54
0.412991 54
0.411436 54
0.410533 52
0.409691 51
0.408612 50
0.406831 46
0.40501 45
0.403109 44
0.400912 43
0.399219 41
0.397958 40
0.396393 37
0.395035 37
0.393703 37
0.392557 37
0.391153 36
0.389364 36
0.388289 35
0.386856 34
0.385891 33
0.384564 31
0.382379 29
0.381816 28
0.3801 28
0.378139 27
0.376435 26
0.374808 24
0.372678 24
0.370631 24
0.368786 23
0.366961 21
0.365399 21
0.364019 21
0.361786 20
0.361026 20
0.359566 19
0.357593 19
0.35598 19
0.354645 17
0.35328 17
0.351797 16
0.349888 16
0.347515 16
0.345963 16
0.3437 14
0.341377 13
0.339456 13
0.336296 13
0.334244 12
0.332259 12
0.329391 12
0.325773 12
0.323762 12
0.321928 11
0.320545 11
0.318414 11
0.31575 10
0.313821 10
0.31198 10
0.309989 10
0.306964 10
0.304221 10
0.301493 10
0.300607 10
0.297987 10
0.294582 10
0.290932 10
0.288177 10
0.285366 9
0.282502 9
0.281377 9
0.279113 9
0.276224 8
0.273664 8
0.271721 7
0.26953 7
0.26739 7
0.264104 7
0.261278 7
0.258289 5
0.256015 5
0.253139 5
0.250965 5
0.247997 5
0.245268 5
0.241847 5
0.239476 5
0.23627 5
0.234096 5
0.231002 4
0.227446 4
0.225052 4
0.22239 4
0.219353 3
0.216244 3
0.213483 3
0.210491 3
0.20753 3
0.204053 3
0.201217 3
0.198887 3
0.196872 3
0.194415 3
0.191569 3
0.189475 3
0.186574 3
0.183334 3
0.179644 2
0.176685 2
0.17404 2
0.171536 2
0.168944 2
0.16614 2
0.164248 2
0.16125 2
0.159346 2
0.15654 2
0.154716 2
0.152174 2
0.149497 2
0.14683 2
0.143597 2
0.141808 2
0.139898 2
0.136306 2
0.134655 2
0.132349 2
0.130199 1
0.127652 1
0.125074 1
0.123069 1
0.121155 1
0.118682 1
0.116622 1
0.114334 1
0.112493 1
0.109917 1
0.107605 1
0.10635 1
0.104338 1
0.101872 1
0.0999359 1
0.0973697 0
0.0958271 0
0.0943177 0
0.0920084 0
0.0899446 0
0.0878794 0
0.0862416 0
0.0838924 0
0.0820293 0
0.0808905 0
0.0779861 0
0.0758048 0
0.0744035 0
0.0733628 0
0.0718173 0
0.0696608 0
0.0671539 0
0.0657443 0
0.0635875 0
0.0623429 0
0.0604415 0
0.0590537 0
0.0579029 0
0.0565014 0
0.0551005 0
0.054046 0
0.0532895 0
0.051452 0
0.0497898 0
0.047689 0
0.0461575 0
0.0447171 0
0.0432426 0
0.0415643 0
0.0409106 0
0.0389955 0
0.0372111 0
0.0357972 0
0.0340187 0
0.0330012 0
0.0317324 0
0.0314754 0
0.0305764 0
0.0292775 0
0.0278303 0
0.0267763 0
0.0258785 0
0.0248141 0
0.023889 0
0.0231078 0
0.022718 0
0.0219256 0
0.0211422 0
0.0201102 0
0.0194683 0
0.0190822 0
0.0187037 0
0.0183145 0
0.0176851 0
0.0172785 0
0.0163914 0
0.0156435 0
0.0150005 0
0.0144623 0
0.0139216 0
0.013399 0
0.0125931 0
0.01144 0
0.0113212 0
0.0108046 0
0.0106864 0
0.0105536 0
0.00979292 0
0.00953652 0
0.00927549 0
0.00888416 0
0.00875146 0
0.008079 0
0.00782697 0
0.0073118 0
0.00692668 0
0.00641421 0
0.00615939 0
0.0058883 0
0.00562519 0
0.00511643 0
0.00485474 0
0.00443534 0
0.00431555 0
0.0040255 0
0.00390006 0
0.00377773 0
0.00338721 0
0.00312101 0
0.00285424 0
0.00260239 0
0.00234797 0
0.00210263 0
0.00184923 0
0.00171454 0
0.0015741 0
0.00144147 0
0.00119591 0
0.00106358 0
0.000930987 0
0.000660932 0
0.000536874 0
0.000397744 0
0.000264725 0
0.000139603 0
0 0
