0.463339 205
0.4632 205
0.4632 204
0.463161 203
0.463059 203
0.463059 202
0.463059 201
0.463059 200
0.462926 199
0.462926 198
0.462797 197
0.462671 197
0.462539 197
0.462539 195
0.462539 193
0.462539 192
0.462404 190
0.462293 189
0.462171 189
0.462068 187
0.461811 187
0.461811 185
0.461644 183
0.461644 182
0.461644 181
0.461514 179
0.461441 178
0.461441 177
0.461161 174
0.460949 171
0.460821 171
0.460821 170
0.460711 169
0.460079 169
0.460079 168
0.459951 165
0.459828 164
0.459546 161
0.459546 160
0.459546 159
0.45945 158
0.459363 157
0.459217 156
0.459217 154
0.458803 149
0.458308 147
0.458171 146
0.457972 144
0.457731 141
0.457119 139
0.456881 136
0.456881 135
0.456615 134
0.456225 133
0.456005 132
0.455871 130
0.455871 129
0.455726 127
0.455437 126
0.455098 124
0.454935 121
0.454704 119
0.454077 119
0.453818 117
0.453434 116
0.453083 114
0.452842 113
0.452606 111
0.452487 109
0.452255 109
0.451536 108
0.45075 105
0.450469 104
0.450017 103
0.449761 103
0.449159 103
0.448763 103
0.448163 103
0.447896 100
0.446955 99
0.446503 98
0.445343 94
0.444155 92
0.44354 91
0.443288 91
0.44303 90
0.442131 88
0.441358 86
0.440527 85
0.440033 85
0.439285 82
0.438263 80
0.437507 80
0.436639 78
0.435459 77
0.434641 77
0.433733 77
0.43286 75
0.432237 74
0.43191 73
0.430839 72
0.428891 71
0.427608 71
0.426352 68
0.425623 68
0.424577 67
0.423361 66
0.422027 66
0.420783 64
0.418877 62
0.418759 61
0.417995 60
0.416886 58
0.415907 56
0.41456 56
0.414351 56
0.412796 56
0.411893 54
0.410792 53
0.409713 52
0.407932 48
0.406111 47
0.40421 46
0.402013 45
0.400321 43
0.39906 42
0.397494 39
0.396136 39
0.394804 39
0.393659 39
0.392255 38
0.390466 38
0.38939 36
0.387958 35
0.386992 34
0.385665 32
0.38348 30
0.382918 29
0.381201 29
0.379133 28
0.377429 27
0.375802 25
0.373544 25
0.371497 25
0.369652 24
0.367826 22
0.366265 22
0.364885 22
0.362651 21
0.361891 21
0.360432 20
0.358458 20
0.356729 20
0.355394 18
0.353898 18
0.352415 17
0.350506 17
0.348133 17
0.346581 17
0.344318 15
0.341995 14
0.340074 13
0.336914 13
0.334862 12
0.332877 12
0.330009 12
0.326391 12
0.32438 12
0.322546 11
0.321163 11
0.318896 11
0.316232 10
0.314303 10
0.312462 10
0.310471 10
0.307446 10
0.304703 10
0.301862 10
0.300976 10
0.298356 10
0.294951 10
0.291301 10
0.288546 10
0.285735 9
0.282871 9
0.281746 9
0.279482 9
0.276593 8
0.273902 8
0.27183 7
0.269638 7
0.267499 7
0.264213 7
0.261387 7
0.258398 5
0.256124 5
0.253248 5
0.251074 5
0.248106 5
0.245377 5
0.241956 5
0.239585 5
0.236379 5
0.234205 5
0.231111 4
0.227555 4
0.225161 4
0.222499 4
0.219461 3
0.216353 3
0.213592 3
0.2106 3
0.207639 3
0.204161 3
0.201326 3
0.198996 3
0.196981 3
0.194524 3
0.191678 3
0.189584 3
0.186682 3
0.183443 3
0.179753 2
0.176793 2
0.174148 2
0.171645 2
0.169053 2
0.166249 2
0.164357 2
0.161359 2
0.159455 2
0.156649 2
0.154825 2
0.152282 2
0.149606 2
0.146939 2
0.143706 2
0.141917 2
0.140007 2
0.136415 2
0.134655 2
0.132349 2
0.130199 1
0.127652 1
0.125074 1
0.123069 1
0.121155 1
0.118682 1
0.116622 1
0.114334 1
0.112493 1
0.109917 1
0.107605 1
0.10635 1
0.104338 1
0.101872 1
0.0999359 1
0.0973697 0
0.0958271 0
0.0943177 0
0.0920084 0
0.0899446 0
0.0878794 0
0.0862416 0
0.0838924 0
0.0820293 0
0.0808905 0
0.0779861 0
0.0758048 0
0.0744035 0
0.0733628 0
0.0718173 0
0.0696608 0
0.0671539 0
0.0657443 0
0.0635875 0
0.0623429 0
0.0604415 0
0.0590537 0
0.0579029 0
0.0565014 0
0.0551005 0
0.054046 0
0.0532895 0
0.051452 0
0.0497898 0
0.047689 0
0.0461575 0
0.0447171 0
0.0432426 0
0.0415643 0
0.0409106 0
0.0389955 0
0.0372111 0
0.0357972 0
0.0340187 0
0.0330012 0
0.0317324 0
0.0314754 0
0.0305764 0
0.0292775 0
0.0278303 0
0.0267763 0
0.0258785 0
0.0248141 0
0.023889 0
0.0231078 0
0.022718 0
0.0219256 0
0.0211422 0
0.0201102 0
0.0194683 0
0.0190822 0
0.0187037 0
0.0183145 0
0.0176851 0
0.0172785 0
0.0163914 0
0.0156435 0
0.0150005 0
0.0144623 0
0.0139216 0
0.013399 0
0.0125931 0
0.01144 0
0.0113212 0
0.0108046 0
0.0106864 0
0.0105536 0
0.00979292 0
0.00953652 0
0.00927549 0
0.00888416 0
0.00875146 0
0.008079 0
0.00782697 0
0.0073118 0
0.00692668 0
0.00641421 0
0.00615939 0
0.0058883 0
0.00562519 0
0.00511643 0
0.00485474 0
0.00443534 0
0.00431555 0
0.0040255 0
0.00390006 0
0.00377773 0
0.00338721 0
0.00312101 0
0.00285424 0
0.00260239 0
0.00234797 0
0.00210263 0
0.00184923 0
0.00171454 0
0.0015741 0
0.00144147 0
0.00119591 0
0.00106358 0
0.000930987 0
0.000660932 0
0.000536874 0
0.000397744 0
0.000264725 0
0.000139603 0
0 0
