0.725778 622 -1.41
0.725778 621 -1.04
0.725778 620 -0.92
0.725778 619 -0.86
0.725585 619 -0.59
0.725585 618 -0.58
0.725585 617 -0.46
0.725585 616 -0.38
0.725585 615 -0.32
0.725585 614 -0.28
0.725392 614 -0.21
0.725392 613 -0.17
0.725392 611 -0.13
0.725392 610 0.01
0.725392 609 0.02
0.725198 609 0.06
0.725198 607 0.08
0.725198 606 0.09
0.725198 605 0.23
0.725198 604 0.25
0.725198 603 0.27
0.725198 601 0.32
0.725198 600 0.34
0.725198 599 0.35
0.725005 599 0.37
0.725005 598 0.39
0.725005 596 0.4
0.725005 595 0.41
0.725005 594 0.42
0.725005 593 0.43
0.724811 593 0.44
0.724811 592 0.46
0.724618 592 0.47
0.724618 590 0.55
0.724618 589 0.57
0.724425 588 0.61
0.724425 586 0.64
0.724425 585 0.65
0.724425 584 0.66
0.724231 584 0.71
0.724231 583 0.73
0.724231 582 0.74
0.724231 581 0.76
0.724231 579 0.77
0.724231 578 0.8
0.724231 577 0.81
0.724231 576 0.82
0.724038 576 0.83
0.723845 576 0.84
0.723845 575 0.87
0.723845 574 0.88
0.723651 573 0.9
0.723458 573 0.91
0.723458 572 0.92
0.723458 570 0.93
0.723458 569 0.94
0.723458 567 0.95
0.723458 565 0.98
0.723458 563 1.01
0.723264 560 1.03
0.723071 560 1.04
0.723071 559 1.05
0.723071 558 1.06
0.723071 557 1.07
0.723071 556 1.08
0.723071 554 1.11
0.722878 553 1.19
0.722878 551 1.2
0.722878 550 1.21
0.722684 550 1.22
0.722491 549 1.23
0.722491 548 1.25
0.722491 546 1.26
0.722491 544 1.27
0.722491 542 1.28
0.722491 541 1.29
0.722104 540 1.3
0.721911 535 1.32
0.721717 533 1.34
0.721717 529 1.35
0.721524 527 1.36
0.721524 526 1.37
0.721524 525 1.38
0.72133 524 1.4
0.72133 522 1.41
0.72133 521 1.42
0.721137 521 1.43
0.721137 518 1.44
0.720944 518 1.45
0.720944 516 1.46
0.720944 512 1.47
0.720944 511 1.48
0.72075 510 1.49
0.72075 509 1.5
0.720364 509 1.52
0.720364 507 1.54
0.720364 506 1.55
0.720364 504 1.56
0.72017 503 1.57
0.72017 502 1.58
0.719783 500 1.59
0.719783 499 1.6
0.719783 498 1.62
0.71959 498 1.64
0.719397 496 1.65
0.719203 495 1.69
0.71901 494 1.7
0.718623 492 1.71
0.718623 491 1.72
0.718623 490 1.73
0.718623 489 1.74
0.71843 488 1.75
0.71843 485 1.78
0.71843 484 1.79
0.71843 483 1.81
0.718236 480 1.82
0.718236 479 1.84
0.718236 477 1.85
0.718236 476 1.86
0.718236 475 1.87
0.718043 474 1.88
0.71785 473 1.91
0.71785 472 1.93
0.717656 469 1.94
0.717656 468 1.95
0.717656 466 1.96
0.717656 464 1.97
0.717463 464 1.99
0.717076 463 2
0.717076 462 2.01
0.717076 461 2.02
0.717076 460 2.03
0.716883 460 2.04
0.716883 458 2.05
0.716689 456 2.06
0.716689 453 2.07
0.716689 452 2.08
0.716689 451 2.09
0.716302 451 2.11
0.716302 450 2.12
0.716302 449 2.13
0.716302 448 2.14
0.716302 446 2.15
0.716302 444 2.16
0.716302 442 2.17
0.716109 441 2.18
0.715916 439 2.19
0.715722 438 2.2
0.715722 436 2.21
0.715529 433 2.22
0.715336 433 2.23
0.715142 431 2.24
0.714949 429 2.26
0.714949 427 2.27
0.714755 425 2.28
0.714562 425 2.29
0.714562 424 2.31
0.714562 422 2.32
0.714369 421 2.33
0.713982 420 2.34
0.713402 418 2.36
0.713402 416 2.37
0.713402 414 2.38
0.713402 413 2.39
0.713402 412 2.4
0.713402 410 2.42
0.713208 410 2.43
0.712822 410 2.45
0.712628 408 2.46
0.712628 407 2.47
0.712435 404 2.48
0.712048 400 2.49
0.711661 399 2.5
0.711661 398 2.51
0.711661 396 2.52
0.711468 395 2.53
0.711468 394 2.54
0.711274 390 2.55
0.711274 388 2.56
0.711274 386 2.57
0.711081 386 2.58
0.710888 385 2.6
0.710694 382 2.61
0.710694 381 2.62
0.710114 380 2.65
0.710114 378 2.66
0.709921 378 2.67
0.709727 378 2.69
0.709341 376 2.7
0.70876 374 2.71
0.708374 374 2.72
0.708374 372 2.73
0.70818 371 2.74
0.70818 368 2.75
0.70818 366 2.76
0.70818 363 2.78
0.707793 359 2.79
0.707213 356 2.81
0.70702 354 2.82
0.70702 352 2.83
0.706827 351 2.84
0.70644 351 2.86
0.70644 347 2.87
0.70644 345 2.88
0.706053 345 2.89
0.70586 343 2.9
0.70586 341 2.92
0.705473 340 2.93
0.705279 338 2.94
0.705086 338 2.96
0.705086 337 2.97
0.705086 336 2.98
0.704699 335 2.99
0.704506 331 3
0.704506 329 3.01
0.704506 327 3.03
0.704313 326 3.04
0.704313 324 3.05
0.704313 322 3.06
0.704313 321 3.07
0.703926 320 3.08
0.703539 315 3.09
0.703346 315 3.1
0.703346 314 3.11
0.703346 312 3.12
0.703152 310 3.13
0.703152 309 3.14
0.703152 308 3.15
0.703152 307 3.17
0.702765 306 3.18
0.702379 306 3.19
0.701992 302 3.2
0.701605 302 3.21
0.701605 301 3.22
0.701605 300 3.23
0.701412 300 3.24
0.701218 299 3.25
0.700832 299 3.26
0.700445 299 3.27
0.700251 299 3.28
0.700251 298 3.29
0.699865 298 3.3
0.699671 298 3.31
0.699478 296 3.32
0.699284 296 3.33
0.698898 293 3.34
0.698704 293 3.35
0.698704 292 3.36
0.698511 292 3.37
0.698124 287 3.38
0.697737 287 3.39
0.697737 286 3.4
0.697351 285 3.41
0.696964 284 3.42
0.696384 282 3.43
0.69619 279 3.44
0.69619 275 3.45
0.695804 274 3.47
0.695223 270 3.48
0.695223 269 3.49
0.69503 269 3.5
0.694643 268 3.51
0.694643 266 3.52
0.694643 265 3.53
0.69445 265 3.54
0.69445 264 3.55
0.694256 263 3.56
0.694063 260 3.57
0.694063 259 3.58
0.694063 258 3.59
0.693483 257 3.6
0.693289 254 3.61
0.692903 253 3.62
0.692903 252 3.63
0.692709 248 3.64
0.692323 246 3.65
0.691742 245 3.66
0.691742 243 3.67
0.691162 241 3.68
0.690969 240 3.69
0.690775 239 3.7
0.689422 238 3.71
0.688648 236 3.72
0.687681 233 3.73
0.687488 232 3.74
0.687101 229 3.76
0.686908 228 3.77
0.686714 227 3.78
0.686521 227 3.79
0.686328 226 3.8
0.685941 226 3.81
0.685747 225 3.82
0.685167 225 3.83
0.684974 224 3.84
0.684781 224 3.85
0.6842 223 3.86
0.683814 220 3.88
0.68362 219 3.89
0.68362 217 3.9
0.683233 217 3.91
0.682653 215 3.92
0.682266 215 3.93
0.682266 214 3.94
0.68188 213 3.95
0.681686 211 3.96
0.681493 210 3.97
0.681106 207 3.98
0.680719 205 3.99
0.680139 204 4
0.679752 201 4.01
0.679559 199 4.02
0.678979 197 4.03
0.678786 195 4.04
0.678205 193 4.05
0.677819 193 4.06
0.677432 192 4.07
0.676852 190 4.08
0.676465 188 4.09
0.676272 186 4.1
0.675885 185 4.11
0.675498 183 4.12
0.675305 182 4.13
0.675111 182 4.14
0.674918 177 4.15
0.673757 177 4.16
0.673564 177 4.17
0.673177 176 4.18
0.672791 175 4.19
0.672597 175 4.2
0.672017 174 4.21
0.671437 173 4.22
0.670663 173 4.23
0.670277 173 4.24
0.669696 172 4.25
0.669116 168 4.28
0.668729 167 4.29
0.668149 167 4.3
0.667956 167 4.31
0.667182 167 4.32
0.666602 167 4.33
0.666022 166 4.34
0.665635 164 4.35
0.665442 164 4.37
0.665055 163 4.38
0.664088 162 4.39
0.663315 161 4.4
0.662734 161 4.41
0.662348 160 4.42
0.661961 160 4.43
0.661381 160 4.44
0.660994 160 4.45
0.660607 159 4.46
0.659834 157 4.47
0.659447 157 4.48
0.659447 156 4.49
0.65906 155 4.5
0.658673 153 4.51
0.658673 151 4.52
0.658287 149 4.53
0.65732 149 4.54
0.656933 149 4.55
0.656353 147 4.56
0.655579 147 4.57
0.655386 147 4.58
0.654999 146 4.59
0.654612 146 4.6
0.654419 144 4.61
0.653645 143 4.62
0.652872 141 4.63
0.652098 141 4.64
0.651518 141 4.65
0.650551 140 4.66
0.650164 139 4.67
0.649971 139 4.68
0.649584 138 4.69
0.649197 136 4.7
0.648617 132 4.71
0.64765 131 4.72
0.647264 131 4.73
0.646877 131 4.74
0.646297 131 4.75
0.645716 131 4.76
0.645523 131 4.77
0.644943 129 4.78
0.64475 129 4.79
0.644363 129 4.8
0.643976 127 4.81
0.643396 125 4.82
0.642816 124 4.83
0.642429 124 4.84
0.642042 124 4.85
0.641655 122 4.86
0.641075 121 4.87
0.640688 121 4.88
0.640302 120 4.89
0.640302 119 4.91
0.640108 117 4.92
0.639915 117 4.93
0.639528 116 4.94
0.639141 114 4.95
0.638561 112 4.96
0.638368 111 4.97
0.637981 110 4.98
0.637594 109 4.99
0.637208 109 5
0.636047 109 5.01
0.63566 108 5.02
0.63508 108 5.03
0.6345 107 5.04
0.634307 103 5.05
0.63392 103 5.06
0.63392 102 5.07
0.633146 102 5.08
0.632566 102 5.09
0.632179 101 5.1
0.631793 101 5.11
0.630826 101 5.12
0.629859 101 5.13
0.629085 101 5.14
0.628505 101 5.15
0.627925 101 5.16
0.626765 99 5.17
0.624831 99 5.18
0.624637 99 5.19
0.62367 99 5.2
0.62309 97 5.21
0.62251 97 5.22
0.62193 97 5.23
0.621737 96 5.24
0.62077 95 5.25
0.620383 93 5.26
0.619803 93 5.27
0.619416 91 5.28
0.618642 90 5.29
0.618256 90 5.3
0.617482 86 5.31
0.617095 86 5.32
0.616322 85 5.33
0.615548 85 5.34
0.614968 85 5.35
0.614195 85 5.36
0.614195 84 5.37
0.614001 83 5.38
0.612647 83 5.39
0.612067 82 5.4
0.611294 82 5.41
0.610133 80 5.42
0.60936 80 5.43
0.6082 79 5.44
0.608006 79 5.45
0.607233 79 5.46
0.606652 79 5.47
0.605686 78 5.48
0.604525 78 5.49
0.603752 78 5.5
0.603365 77 5.51
0.602978 77 5.52
0.601044 76 5.53
0.600271 75 5.54
0.599691 73 5.55
0.598337 73 5.56
0.598143 73 5.57
0.59737 72 5.58
0.59679 71 5.59
0.595823 71 5.6
0.594276 71 5.61
0.593115 71 5.62
0.592729 70 5.63
0.591762 69 5.64
0.591375 68 5.65
0.590408 67 5.66
0.590021 66 5.67
0.589441 66 5.68
0.589054 66 5.69
0.587314 65 5.7
0.586734 64 5.71
0.586347 62 5.72
0.586154 62 5.73
0.58538 62 5.74
0.584606 60 5.75
0.584026 60 5.76
0.582866 59 5.77
0.581899 57 5.79
0.579578 57 5.8
0.579192 56 5.81
0.578418 55 5.82
0.578031 55 5.83
0.577258 55 5.84
0.576291 55 5.85
0.575131 53 5.86
0.574937 53 5.87
0.574164 53 5.88
0.573777 53 5.89
0.57223 52 5.9
0.571843 52 5.91
0.570876 51 5.92
0.570296 51 5.93
0.569329 51 5.94
0.568749 51 5.95
0.567975 51 5.96
0.567782 50 5.97
0.567008 49 5.98
0.566428 49 5.99
0.565268 49 6
0.564688 49 6.01
0.564301 49 6.02
0.563721 48 6.03
0.562367 47 6.04
0.56024 47 6.05
0.559466 45 6.06
0.558693 45 6.07
0.558113 44 6.08
0.557339 44 6.09
0.556565 44 6.1
0.554825 44 6.11
0.553665 43 6.12
0.552698 43 6.13
0.551731 42 6.14
0.54999 42 6.15
0.549604 42 6.16
0.548056 42 6.17
0.54767 42 6.18
0.54709 41 6.19
0.546316 40 6.2
0.545349 40 6.21
0.544769 40 6.22
0.544382 40 6.23
0.543415 39 6.24
0.543222 39 6.25
0.542448 39 6.26
0.541481 39 6.27
0.540321 38 6.28
0.538967 38 6.29
0.538 37 6.3
0.537614 37 6.31
0.536067 36 6.32
0.534713 36 6.33
0.533553 35 6.34
0.532779 35 6.35
0.532586 35 6.36
0.532199 33 6.37
0.531232 33 6.38
0.530265 33 6.39
0.529105 33 6.4
0.526784 33 6.41
0.525624 33 6.42
0.524077 33 6.43
0.523303 33 6.44
0.521949 33 6.45
0.521369 33 6.46
0.520789 33 6.47
0.519242 33 6.48
0.516921 33 6.49
0.515954 33 6.5
0.514987 31 6.51
0.51402 31 6.52
0.51286 31 6.53
0.511893 31 6.54
0.51112 30 6.55
0.509186 29 6.56
0.508412 29 6.57
0.507639 29 6.58
0.506478 29 6.59
0.506092 28 6.6
0.505318 28 6.61
0.504351 28 6.62
0.502997 28 6.63
0.502417 28 6.64
0.501064 28 6.65
0.500097 28 6.66
0.499323 28 6.67
0.498163 28 6.68
0.497776 28 6.69
0.497196 28 6.7
0.495842 28 6.71
0.494488 28 6.72
0.493715 28 6.73
0.491781 28 6.74
0.491201 28 6.75
0.490621 28 6.76
0.489847 28 6.77
0.48888 28 6.78
0.488494 28 6.79
0.487333 28 6.8
0.486753 28 6.81
0.48598 28 6.82
0.485399 28 6.83
0.483852 28 6.84
0.482885 27 6.85
0.482499 27 6.86
0.481725 27 6.87
0.480178 27 6.88
0.479791 27 6.89
0.479404 27 6.9
0.478051 27 6.91
0.477277 27 6.92
0.475537 26 6.93
0.474956 25 6.94
0.473409 25 6.95
0.472442 25 6.96
0.471669 25 6.97
0.470702 25 6.98
0.469542 25 6.99
0.468768 25 7
0.467414 25 7.01
0.466254 25 7.02
0.465287 24 7.03
0.464514 23 7.04
0.462773 23 7.05
0.46258 23 7.06
0.461419 22 7.07
0.460453 21 7.08
0.459679 20 7.09
0.458905 19 7.1
0.457358 19 7.11
0.456005 19 7.12
0.454458 19 7.13
0.453491 19 7.14
0.45233 19 7.15
0.450396 18 7.16
0.449816 17 7.17
0.448463 17 7.18
0.447109 15 7.19
0.446915 15 7.2
0.445949 15 7.21
0.444595 15 7.22
0.443241 15 7.23
0.442081 15 7.24
0.44034 15 7.25
0.4386 15 7.26
0.437633 15 7.27
0.436279 15 7.28
0.435312 15 7.29
0.434152 15 7.3
0.433765 14 7.31
0.432025 14 7.32
0.430091 13 7.33
0.428737 12 7.34
0.427577 12 7.35
0.426997 12 7.36
0.425836 12 7.37
0.424483 12 7.38
0.423129 12 7.39
0.422355 11 7.4
0.421002 11 7.41
0.420035 11 7.42
0.419261 11 7.43
0.418488 11 7.44
0.417908 11 7.45
0.416167 11 7.46
0.414233 11 7.47
0.412686 11 7.48
0.411526 11 7.49
0.410365 11 7.5
0.409205 11 7.51
0.408045 11 7.52
0.407271 11 7.53
0.406498 11 7.54
0.404371 11 7.55
0.403404 11 7.56
0.401857 11 7.57
0.400696 11 7.58
0.400503 11 7.59
0.399342 11 7.6
0.398569 11 7.61
0.397409 11 7.62
0.397215 11 7.63
0.395475 11 7.64
0.392961 11 7.65
0.3918 11 7.66
0.39006 10 7.67
0.389286 10 7.68
0.388126 10 7.69
0.385999 10 7.7
0.384839 9 7.71
0.382905 9 7.72
0.382131 9 7.73
0.380777 8 7.74
0.380004 8 7.75
0.378457 8 7.76
0.37749 8 7.77
0.375749 8 7.78
0.373622 8 7.79
0.373042 8 7.8
0.372849 7 7.81
0.371108 7 7.82
0.369561 6 7.83
0.368207 6 7.84
0.36724 6 7.85
0.36608 6 7.86
0.365307 6 7.87
0.364726 6 7.88
0.363179 6 7.89
0.361052 6 7.9
0.358538 6 7.91
0.357764 6 7.92
0.356604 6 7.93
0.355057 6 7.94
0.354284 6 7.95
0.352736 6 7.96
0.351963 6 7.97
0.351189 6 7.98
0.350222 6 7.99
0.349642 6 8
0.348289 6 8.01
0.347708 6 8.02
0.346161 6 8.03
0.345001 6 8.04
0.34326 5 8.05
0.341713 5 8.06
0.340746 5 8.07
0.339973 5 8.08
0.338426 5 8.09
0.337266 5 8.1
0.336105 5 8.11
0.335138 5 8.12
0.333785 5 8.13
0.332044 5 8.14
0.331077 5 8.15
0.330304 5 8.16
0.32953 5 8.17
0.32837 5 8.18
0.327596 5 8.19
0.325856 5 8.2
0.322955 5 8.21
0.321601 5 8.22
0.320248 5 8.23
0.319281 5 8.24
0.317153 5 8.25
0.3158 5 8.26
0.315026 5 8.27
0.313866 5 8.28
0.311932 5 8.29
0.311352 5 8.3
0.310965 5 8.31
0.309031 5 8.32
0.308258 5 8.33
0.307097 5 8.34
0.30555 5 8.35
0.305163 5 8.36
0.30323 5 8.37
0.301682 5 8.38
0.300135 5 8.39
0.299555 5 8.4
0.298008 5 8.41
0.295881 5 8.42
0.294914 5 8.43
0.294334 5 8.44
0.293754 5 8.45
0.292787 5 8.46
0.291626 5 8.47
0.290079 5 8.48
0.289306 5 8.49
0.287952 5 8.5
0.285438 5 8.51
0.284278 5 8.52
0.282924 5 8.53
0.281377 4 8.54
0.28041 4 8.55
0.27983 4 8.56
0.279056 4 8.57
0.277316 4 8.58
0.276155 4 8.59
0.274995 4 8.6
0.272481 3 8.61
0.271127 3 8.62
0.269774 3 8.63
0.26842 3 8.64
0.267066 3 8.65
0.265713 3 8.66
0.264552 3 8.67
0.264166 3 8.68
0.262812 3 8.69
0.261652 3 8.7
0.261071 3 8.71
0.259524 3 8.72
0.258557 3 8.73
0.25701 3 8.74
0.255657 2 8.75
0.253916 2 8.76
0.252562 2 8.77
0.251982 2 8.78
0.251209 2 8.79
0.249468 2 8.8
0.248695 2 8.81
0.247728 2 8.82
0.246954 2 8.83
0.245987 2 8.84
0.245214 2 8.85
0.244247 2 8.86
0.243086 2 8.87
0.241926 2 8.88
0.240766 2 8.89
0.240186 2 8.9
0.238639 2 8.91
0.237672 2 8.92
0.236125 2 8.93
0.235158 2 8.94
0.234191 2 8.95
0.232644 2 8.96
0.23071 2 8.97
0.228776 2 8.98
0.227809 2 8.99
0.226455 2 9
0.225682 2 9.01
0.224521 2 9.02
0.223361 2 9.03
0.222394 2 9.04
0.221621 2 9.05
0.22104 2 9.06
0.220267 2 9.07
0.2193 2 9.08
0.21814 2 9.09
0.217559 2 9.1
0.216206 2 9.11
0.215045 2 9.12
0.213692 2 9.13
0.212531 2 9.14
0.211564 2 9.15
0.209824 2 9.16
0.208857 2 9.17
0.208084 2 9.18
0.206923 2 9.19
0.205956 2 9.2
0.205376 2 9.21
0.204603 2 9.22
0.203829 2 9.23
0.202475 2 9.24
0.200541 2 9.25
0.199768 2 9.26
0.198608 2 9.27
0.197834 1 9.28
0.197061 1 9.29
0.19532 1 9.3
0.194353 1 9.31
0.193193 1 9.32
0.192419 1 9.33
0.190679 1 9.34
0.189712 1 9.35
0.189132 1 9.36
0.188165 1 9.37
0.187004 1 9.38
0.186424 1 9.39
0.185071 1 9.4
0.183717 1 9.41
0.18333 1 9.42
0.182557 1 9.43
0.181783 1 9.44
0.181009 1 9.45
0.180623 1 9.46
0.180043 1 9.47
0.179462 1 9.48
0.178302 1 9.49
0.177529 1 9.5
0.176755 1 9.51
0.175981 1 9.52
0.175401 1 9.53
0.174241 1 9.54
0.173274 1 9.55
0.172307 1 9.56
0.171147 1 9.57
0.1696 1 9.58
0.16902 1 9.59
0.168053 1 9.6
0.166892 1 9.61
0.165539 1 9.62
0.163798 1 9.63
0.162638 1 9.64
0.162251 1 9.65
0.161477 1 9.66
0.15993 1 9.67
0.158963 1 9.68
0.158383 1 9.69
0.157416 1 9.7
0.156643 1 9.71
0.155676 1 9.72
0.155289 1 9.73
0.153935 1 9.74
0.152582 1 9.75
0.152002 1 9.76
0.150841 1 9.77
0.150261 1 9.78
0.149294 1 9.79
0.14794 1 9.8
0.146974 1 9.81
0.146393 1 9.82
0.146007 1 9.83
0.144266 1 9.84
0.143686 1 9.85
0.142526 1 9.86
0.141752 1 9.87
0.140785 1 9.88
0.139625 1 9.89
0.138078 1 9.9
0.136917 1 9.91
0.136724 1 9.92
0.136144 1 9.93
0.135177 1 9.94
0.13479 1 9.95
0.13421 1 9.96
0.133436 1 9.97
0.13247 1 9.98
0.131696 1 9.99
0.131116 1 10
0.129956 1 10.01
0.129569 1 10.02
0.128602 1 10.03
0.128022 1 10.04
0.127248 1 10.05
0.126861 1 10.06
0.125701 1 10.07
0.124927 1 10.08
0.123767 1 10.09
0.12338 1 10.1
0.1228 1 10.11
0.12164 1 10.12
0.120673 1 10.13
0.120286 1 10.14
0.119319 1 10.15
0.119126 1 10.16
0.117966 1 10.17
0.116805 1 10.18
0.115838 1 10.19
0.115452 1 10.2
0.115065 1 10.21
0.114485 1 10.22
0.113711 1 10.23
0.112551 1 10.24
0.111777 1 10.25
0.11139 1 10.26
0.11023 1 10.27
0.109457 1 10.28
0.10849 1 10.29
0.107909 1 10.3
0.106943 1 10.31
0.106362 1 10.32
0.105976 1 10.33
0.105395 1 10.35
0.105009 1 10.37
0.104622 1 10.38
0.103848 1 10.39
0.103075 1 10.4
0.102688 1 10.41
0.102301 1 10.42
0.101721 1 10.43
0.100948 1 10.44
0.0997873 1 10.45
0.0990137 1 10.46
0.0984336 1 10.47
0.0972733 1 10.48
0.0968865 1 10.49
0.0955328 1 10.5
0.0947592 1 10.51
0.0939857 1 10.52
0.0930188 1 10.53
0.0918584 1 10.54
0.0914717 1 10.55
0.0903114 1 10.56
0.0897312 1 10.58
0.0887643 1 10.59
0.0881841 1 10.6
0.0872172 1 10.61
0.0862502 1 10.62
0.0852833 1 10.63
0.084123 1 10.64
0.0835428 1 10.65
0.0827693 1 10.66
0.0825759 1 10.67
0.0819957 1 10.68
0.0812222 1 10.69
0.080642 1 10.7
0.0796751 1 10.71
0.0789016 1 10.72
0.0787082 1 10.73
0.0773545 1 10.74
0.0763875 1 10.75
0.0758074 1 10.77
0.0748405 1 10.78
0.0744537 1 10.79
0.0738735 1 10.8
0.0736801 1 10.81
0.0731 1 10.82
0.0717463 1 10.83
0.0715529 1 10.84
0.0709727 1 10.85
0.0701992 1 10.86
0.0694256 1 10.87
0.0682653 1 10.88
0.0672984 1 10.89
0.0667182 1 10.9
0.0665249 1 10.91
0.0657513 1 10.92
0.0647844 1 10.93
0.0640108 1 10.94
0.0638174 1 10.95
0.0636241 1 10.96
0.0634307 1 10.97
0.0622704 1 10.98
0.062077 1 10.99
0.0616902 1 11
0.0614968 1 11.01
0.0607233 1 11.02
0.0603365 1 11.03
0.0601431 1 11.04
0.0595629 1 11.05
0.058596 1 11.07
0.0584026 1 11.08
0.0578225 1 11.09
0.0576291 1 11.1
0.0572423 1 11.11
0.056082 1 11.12
0.0556952 1 11.13
0.0545349 1 11.14
0.0543415 1 11.15
0.053568 1 11.16
0.0531812 1 11.17
0.0524077 1 11.18
0.0520209 1 11.19
0.051054 1 11.2
0.0504738 1 11.21
0.0502804 1 11.22
0.050087 1 11.23
0.0497003 1 11.24
0.0495069 1 11.25
0.0485399 1 11.26
0.0481532 1 11.27
0.0479598 1 11.28
0.047573 1 11.29
0.0473796 1 11.3
0.0471862 1 11.32
0.0469928 1 11.33
0.0464127 1 11.34
0.0460259 1 11.35
0.0456391 1 11.36
0.0452524 1 11.37
0.0444788 1 11.38
0.0438987 1 11.39
0.0435119 1 11.41
0.0429317 1 11.42
0.042545 0 11.43
0.0423516 0 11.44
0.0419648 0 11.45
0.0411913 0 11.47
0.0408045 0 11.48
0.0402243 0 11.49
0.0400309 0 11.5
0.0396442 0 11.51
0.0392574 0 11.52
0.039064 0 11.53
0.0388706 0 11.54
0.0384839 0 11.55
0.0379037 0 11.56
0.0375169 0 11.57
0.0369368 0 11.58
0.0367434 0 11.59
0.0361632 0 11.6
0.0359698 0 11.61
0.0351963 0 11.62
0.0346161 0 11.63
0.0344227 0 11.64
0.0342294 0 11.66
0.0338426 0 11.67
0.033069 0 11.68
0.0322955 0 11.69
0.0321021 0 11.7
0.0319087 0 11.72
0.0311352 0 11.73
0.0307484 0 11.74
0.030555 0 11.75
0.0303616 0 11.76
0.0299749 0 11.77
0.0297815 0 11.78
0.0295881 0 11.8
0.0293947 0 11.81
0.0290079 0 11.82
0.0288145 0 11.83
0.0286212 0 11.84
0.0284278 0 11.85
0.0282344 0 11.87
0.0274608 0 11.88
0.0268807 0 11.89
0.0266873 0 11.9
0.0263005 0 11.91
0.0259137 0 11.92
0.0257204 0 11.93
0.025527 0 11.95
0.0249468 0 11.96
0.0247534 0 11.97
0.0241733 0 11.98
0.0239799 0 12
0.0235931 0 12.02
0.0233997 0 12.03
0.0232063 0 12.05
0.0228196 0 12.06
0.0226262 0 12.07
0.022046 0 12.08
0.0218526 0 12.09
0.0214659 0 12.11
0.0212725 0 12.12
0.0210791 0 12.13
0.0206923 0 12.16
0.0204989 0 12.17
0.0203056 0 12.18
0.0201122 0 12.2
0.0197254 0 12.21
0.0193386 0 12.22
0.0191452 0 12.23
0.0189518 0 12.27
0.0187585 0 12.28
0.0183717 0 12.29
0.0181783 0 12.3
0.0179849 0 12.31
0.0175981 0 12.32
0.0172114 0 12.34
0.0168246 0 12.35
0.0164378 0 12.36
0.0162444 0 12.38
0.0160511 0 12.39
0.0158577 0 12.41
0.0156643 0 12.42
0.0154709 0 12.43
0.0152775 0 12.44
0.0150841 0 12.45
0.0146974 0 12.5
0.014504 0 12.51
0.0143106 0 12.54
0.0137304 0 12.56
0.013537 0 12.59
0.0131503 0 12.61
0.0129569 0 12.63
0.0127635 0 12.65
0.0125701 0 12.67
0.0123767 0 12.68
0.0121833 0 12.69
0.0119899 0 12.71
0.0117966 0 12.74
0.0116032 0 12.75
0.0112164 0 12.77
0.011023 0 12.78
0.0108296 0 12.79
0.0106362 0 12.82
0.0104429 0 12.83
0.0102495 0 12.85
0.0100561 0 12.87
0.0098627 0 12.89
0.00966931 0 12.91
0.00947592 0 12.92
0.00928254 0 12.93
0.00908915 0 12.95
0.00889576 0 12.99
0.00850899 0 13
0.00831561 0 13.04
0.00812222 0 13.05
0.00792883 0 13.07
0.00773545 0 13.08
0.00754206 0 13.09
0.00734868 0 13.1
0.00676852 0 13.12
0.00657513 0 13.14
0.00638174 0 13.15
0.00599497 0 13.18
0.00580159 0 13.21
0.0056082 0 13.22
0.00541481 0 13.24
0.00522143 0 13.28
0.00483465 0 13.29
0.00464127 0 13.31
0.00444788 0 13.33
0.0042545 0 13.34
0.00386772 0 13.37
0.00367434 0 13.38
0.00348095 0 13.41
0.00328757 0 13.43
0.00309418 0 13.47
0.00290079 0 13.56
0.00251402 0 13.58
0.00232063 0 13.66
0.00193386 0 13.71
0.00174048 0 13.72
0.00154709 0 13.73
0.0013537 0 13.86
0.00116032 0 13.94
0.000966931 0 14.06
0.000773545 0 14.17
0.000580159 0 14.18
0.000386772 0 15.06
0.000193386 0 16.05
0 0 1.79769e+308
