0.448548 70
0.448548 69
0.448431 69
0.448173 69
0.448048 69
0.447926 69
0.447791 69
0.447689 69
0.447584 69
0.447462 69
0.447342 68
0.447342 67
0.447209 67
0.447209 65
0.446968 65
0.446842 65
0.446842 64
0.446715 64
0.446449 64
0.446352 63
0.446233 63
0.446106 63
0.445988 63
0.445741 63
0.445741 61
0.445624 61
0.44511 60
0.444736 59
0.444729 58
0.444618 58
0.444405 58
0.443897 58
0.443647 58
0.443135 57
0.442266 57
0.441529 57
0.441388 56
0.441254 55
0.440844 55
0.440345 55
0.440223 55
0.439863 54
0.439598 54
0.439491 53
0.439245 53
0.43887 53
0.438524 52
0.437938 52
0.437187 52
0.436917 52
0.436254 52
0.435504 52
0.435122 52
0.434163 50
0.433638 50
0.432912 49
0.43217 47
0.431118 47
0.430999 47
0.430484 47
0.430221 47
0.429852 46
0.429113 46
0.4282 45
0.427322 45
0.42644 45
0.425413 45
0.424894 44
0.424464 43
0.42367 43
0.422942 42
0.421336 42
0.420588 41
0.419479 41
0.418693 41
0.417948 41
0.416994 40
0.416126 40
0.415251 40
0.414364 40
0.413385 40
0.411914 40
0.411133 39
0.409478 37
0.406751 35
0.405776 34
0.4041 34
0.402552 34
0.401372 34
0.400567 34
0.399531 33
0.398268 31
0.396819 30
0.395294 28
0.394801 28
0.39237 27
0.3901 27
0.388978 27
0.38721 27
0.385795 27
0.384556 26
0.382573 25
0.381754 25
0.380377 24
0.379091 22
0.377732 21
0.376718 21
0.374611 21
0.372469 20
0.370829 19
0.368718 18
0.367257 18
0.365063 18
0.36369 18
0.361338 18
0.359239 18
0.357883 17
0.355773 16
0.354005 16
0.351859 16
0.349925 16
0.348541 16
0.347316 16
0.345692 16
0.343449 16
0.340482 15
0.337618 15
0.335698 15
0.333251 15
0.331611 15
0.32905 15
0.326848 15
0.324868 15
0.322653 14
0.320124 13
0.317775 12
0.314169 12
0.3126 12
0.311239 12
0.308623 11
0.306633 11
0.304695 11
0.303499 11
0.300917 10
0.298447 9
0.295884 9
0.292837 7
0.290469 7
0.288481 7
0.285732 6
0.281938 6
0.27966 6
0.277455 6
0.274549 6
0.271454 6
0.269192 6
0.26688 6
0.264475 6
0.261745 6
0.259209 6
0.256441 6
0.25496 6
0.251644 6
0.247726 6
0.245101 6
0.241496 6
0.238151 6
0.234861 6
0.231592 6
0.228815 6
0.226317 6
0.223221 6
0.220712 6
0.218336 5
0.214179 5
0.21115 5
0.208073 5
0.204124 5
0.200449 5
0.197687 4
0.195118 4
0.192957 4
0.190626 4
0.187238 3
0.183815 3
0.182018 3
0.178994 2
0.175716 2
0.172422 2
0.170506 2
0.16815 1
0.165769 1
0.163062 1
0.159794 1
0.157598 1
0.154728 1
0.150413 1
0.147273 1
0.145231 1
0.142782 1
0.140093 1
0.137911 1
0.135309 1
0.131453 1
0.12845 1
0.126298 1
0.123445 1
0.120876 1
0.119586 1
0.117484 0
0.115337 0
0.113773 0
0.111362 0
0.109284 0
0.107771 0
0.105591 0
0.103565 0
0.100997 0
0.098995 0
0.0970416 0
0.0951099 0
0.0932355 0
0.0914664 0
0.089383 0
0.0872857 0
0.0853902 0
0.0836038 0
0.0823302 0
0.0799644 0
0.077902 0
0.0762465 0
0.0748684 0
0.0730817 0
0.0708606 0
0.0694375 0
0.06788 0
0.0668561 0
0.0650435 0
0.0633802 0
0.0619771 0
0.0605548 0
0.0589621 0
0.057151 0
0.0554713 0
0.0545592 0
0.0537756 0
0.0521282 0
0.0506867 0
0.0491899 0
0.0481593 0
0.0467492 0
0.0448731 0
0.0439603 0
0.0432 0
0.0419311 0
0.0405363 0
0.0392289 0
0.0380493 0
0.0369021 0
0.0357419 0
0.0354919 0
0.0345108 0
0.033486 0
0.0324557 0
0.0314228 0
0.0307827 0
0.0301337 0
0.0287446 0
0.0275523 0
0.0269178 0
0.026555 0
0.0259259 0
0.0250423 0
0.0241674 0
0.0237546 0
0.0224661 0
0.02194 0
0.0211846 0
0.0202942 0
0.0196414 0
0.0190072 0
0.0182302 0
0.0176952 0
0.0166832 0
0.0153703 0
0.0140926 0
0.0138175 0
0.0135594 0
0.0129169 0
0.0127038 0
0.0122282 0
0.011621 0
0.0109894 0
0.0107281 0
0.010454 0
0.010321 0
0.0100659 0
0.00954531 0
0.00889054 0
0.00876285 0
0.00850542 0
0.00837412 0
0.00786388 0
0.00722906 0
0.00668051 0
0.00640124 0
0.00605072 0
0.00549978 0
0.00497553 0
0.004289 0
0.00414554 0
0.00389917 0
0.00364087 0
0.00326745 0
0.00300782 0
0.00273838 0
0.0023562 0
0.00221045 0
0.00208753 0
0.00197276 0
0.00185954 0
0.00173016 0
0.00146098 0
0.00132382 0
0.00119372 0
0.0010465 0
0.000912819 0
0.000776364 0
0.000647679 0
0.000516706 0
0.000389662 0
0.00026609 0
0.000130156 0
0 0
