0.44634 68
0.44634 67
0.446224 67
0.445965 67
0.44584 67
0.445718 67
0.445583 67
0.445482 67
0.445376 67
0.445254 67
0.445134 66
0.445134 65
0.445001 65
0.445001 63
0.444895 63
0.444769 63
0.444769 62
0.444641 62
0.444375 62
0.444279 61
0.444159 61
0.444032 61
0.443914 61
0.443668 61
0.443668 59
0.443551 59
0.443036 58
0.442662 57
0.442655 56
0.442544 56
0.442331 56
0.441823 56
0.441573 56
0.441065 55
0.440196 55
0.439459 55
0.439318 54
0.439184 53
0.438774 53
0.438275 53
0.438153 53
0.437792 52
0.437528 52
0.437421 51
0.437175 51
0.436918 51
0.436572 50
0.436089 50
0.435338 50
0.435069 50
0.434405 50
0.433656 50
0.433274 50
0.432314 49
0.431789 49
0.431063 48
0.430322 46
0.42927 46
0.42915 46
0.428636 46
0.428373 46
0.428004 45
0.427397 45
0.426489 44
0.425611 44
0.424729 44
0.423702 44
0.423182 43
0.422753 42
0.421959 42
0.421231 41
0.419625 41
0.418877 41
0.417768 41
0.416982 41
0.416237 41
0.415282 40
0.414415 40
0.413539 40
0.412652 40
0.411674 40
0.410203 40
0.409422 39
0.407767 37
0.40505 35
0.404076 34
0.4024 34
0.400727 34
0.399547 34
0.398742 34
0.397706 33
0.396443 31
0.395238 30
0.393714 28
0.393221 28
0.390789 27
0.388525 27
0.387402 27
0.385635 27
0.384219 27
0.38298 26
0.380997 25
0.380179 25
0.378801 24
0.377656 22
0.376297 21
0.375283 21
0.373313 21
0.371171 20
0.369531 19
0.367561 18
0.366096 18
0.363912 18
0.362539 18
0.360187 18
0.358089 18
0.356732 17
0.354623 16
0.352855 16
0.350927 16
0.348993 16
0.347608 16
0.346384 16
0.344761 16
0.342517 16
0.339551 15
0.336687 15
0.334768 15
0.332321 15
0.330681 15
0.32812 15
0.325918 15
0.323938 15
0.321723 14
0.319194 13
0.316845 12
0.313239 12
0.31167 12
0.310309 12
0.307693 11
0.305702 11
0.303765 11
0.302568 11
0.299983 10
0.297513 9
0.294951 9
0.291904 7
0.289536 7
0.287549 7
0.2848 6
0.281005 6
0.278727 6
0.276528 6
0.273622 6
0.270527 6
0.268265 6
0.265953 6
0.263548 6
0.260818 6
0.258304 6
0.255536 6
0.254066 6
0.250892 6
0.246975 6
0.244349 6
0.240744 6
0.237399 6
0.234121 6
0.230852 6
0.228075 6
0.225707 6
0.222611 6
0.220102 6
0.217731 5
0.213574 5
0.210546 5
0.20759 5
0.203768 5
0.200093 5
0.197331 4
0.194762 4
0.192601 4
0.19027 4
0.186882 3
0.183459 3
0.181662 3
0.178638 2
0.17536 2
0.172066 2
0.17015 2
0.167794 1
0.165412 1
0.162705 1
0.159437 1
0.157241 1
0.154372 1
0.150056 1
0.146916 1
0.144874 1
0.142551 1
0.139861 1
0.137679 1
0.135077 1
0.131223 1
0.12822 1
0.126068 1
0.123215 1
0.120757 1
0.119467 1
0.117365 0
0.115218 0
0.113654 0
0.111244 0
0.109165 0
0.107652 0
0.105472 0
0.103446 0
0.100878 0
0.0988761 0
0.0969227 0
0.0949887 0
0.0931142 0
0.0913452 0
0.0892618 0
0.0871644 0
0.0852689 0
0.0834826 0
0.082209 0
0.0798432 0
0.0778989 0
0.0762434 0
0.0748653 0
0.0730786 0
0.0708575 0
0.0694345 0
0.0678769 0
0.0668531 0
0.0650404 0
0.0633772 0
0.061974 0
0.0605517 0
0.0589591 0
0.0571479 0
0.0554682 0
0.0545562 0
0.0537725 0
0.0521251 0
0.050689 0
0.0491922 0
0.0481616 0
0.0467515 0
0.0448724 0
0.0439596 0
0.0431993 0
0.0419304 0
0.0405356 0
0.0392282 0
0.0380486 0
0.0369014 0
0.0357412 0
0.0354912 0
0.0345101 0
0.0334853 0
0.032455 0
0.0314221 0
0.030782 0
0.030133 0
0.0287446 0
0.0275523 0
0.0269178 0
0.026555 0
0.0259259 0
0.0250423 0
0.0241674 0
0.0237546 0
0.0224661 0
0.02194 0
0.0211846 0
0.0202942 0
0.0196414 0
0.0190072 0
0.0182302 0
0.0176952 0
0.0166832 0
0.0153703 0
0.0140926 0
0.0138175 0
0.0135594 0
0.0129169 0
0.0127038 0
0.0122282 0
0.011621 0
0.0109894 0
0.0107281 0
0.010454 0
0.010321 0
0.0100659 0
0.00954531 0
0.00889054 0
0.00876285 0
0.00850542 0
0.00837412 0
0.00786388 0
0.00722906 0
0.00668051 0
0.00640124 0
0.00605072 0
0.00549978 0
0.00497553 0
0.004289 0
0.00414554 0
0.00389917 0
0.00364087 0
0.00326745 0
0.00300782 0
0.00273838 0
0.0023562 0
0.00221045 0
0.00208753 0
0.00197276 0
0.00185954 0
0.00173016 0
0.00146098 0
0.00132382 0
0.00119372 0
0.0010465 0
0.000912819 0
0.000776364 0
0.000647679 0
0.000516706 0
0.000389662 0
0.00026609 0
0.000130156 0
0 0
