0.117864 1
0.117739 1
0.117605 1
0.117489 1
0.117353 1
0.117229 1
0.117101 1
0.11697 1
0.116844 1
0.116712 1
0.116585 1
0.116455 1
0.116332 1
0.116086 1
0.115957 1
0.115823 1
0.115687 1
0.115559 1
0.115432 1
0.115313 1
0.115204 1
0.115097 1
0.11484 1
0.114688 1
0.114562 1
0.114439 1
0.114321 1
0.114195 1
0.113946 1
0.113827 1
0.113693 1
0.113439 1
0.113308 1
0.113057 1
0.112815 1
0.112558 1
0.112417 1
0.112168 1
0.111908 1
0.111655 1
0.111523 1
0.111395 1
0.111017 1
0.110901 1
0.110512 1
0.110124 1
0.109997 1
0.109745 1
0.108988 1
0.10886 1
0.108738 1
0.107982 1
0.107624 1
0.107239 1
0.106842 1
0.106707 1
0.106449 1
0.106185 1
0.106058 1
0.105284 1
0.104891 1
0.104758 1
0.104631 1
0.104384 1
0.104028 0
0.103917 0
0.103788 0
0.103661 0
0.103281 0
0.103033 0
0.102408 0
0.102294 0
0.101759 0
0.10149 0
0.10138 0
0.10072 0
0.100455 0
0.100076 0
0.0996787 0
0.0995626 0
0.0989122 0
0.0985155 0
0.0983837 0
0.0979876 0
0.0977328 0
0.0973572 0
0.0970023 0
0.0968782 0
0.0967415 0
0.0962636 0
0.0958864 0
0.0952702 0
0.0946398 0
0.0940259 0
0.0933694 0
0.0926285 0
0.0922409 0
0.0914988 0
0.0911168 0
0.0909874 0
0.090855 0
0.0904418 0
0.0897839 0
0.0896598 0
0.0890317 0
0.0888984 0
0.0881478 0
0.0873899 0
0.0868809 0
0.0863518 0
0.0859659 0
0.0857002 0
0.0854389 0
0.0851967 0
0.0850644 0
0.0846853 0
0.0840532 0
0.0833329 0
0.0823157 0
0.0815339 0
0.0810278 0
0.0806512 0
0.0804099 0
0.0801555 0
0.0793821 0
0.0791521 0
0.0787811 0
0.0785421 0
0.078031 0
0.0776624 0
0.07725 0
0.076611 0
0.0763584 0
0.0760991 0
0.0751962 0
0.0748213 0
0.074437 0
0.0740543 0
0.0737998 0
0.0736715 0
0.0731462 0
0.0727468 0
0.072374 0
0.0719604 0
0.0715788 0
0.0709563 0
0.0704387 0
0.0696715 0
0.0692983 0
0.0691761 0
0.0680216 0
0.0673966 0
0.0668879 0
0.066518 0
0.0663878 0
0.0656103 0
0.0654857 0
0.064726 0
0.0642237 0
0.0634204 0
0.0629162 0
0.0622957 0
0.0612646 0
0.0607461 0
0.0606135 0
0.06048 0
0.0599638 0
0.0589316 0
0.0584171 0
0.0580312 0
0.0576321 0
0.0575067 0
0.0573818 0
0.0572507 0
0.0568745 0
0.0564637 0
0.0556778 0
0.0550412 0
0.0547965 0
0.0545446 0
0.0542937 0
0.0540319 0
0.0536337 0
0.0533867 0
0.0530027 0
0.0524947 0
0.0522409 0
0.0519809 0
0.0514691 0
0.0509479 0
0.0508172 0
0.0501797 0
0.049683 0
0.049041 0
0.048785 0
0.0478848 0
0.047498 0
0.0467119 0
0.0460852 0
0.045843 0
0.0453195 0
0.0448023 0
0.0436702 0
0.0431363 0
0.0427476 0
0.0426159 0
0.0422204 0
0.0417131 0
0.0414584 0
0.041083 0
0.0407029 0
0.040308 0
0.0399356 0
0.0396818 0
0.0392887 0
0.0390349 0
0.0387877 0
0.038662 0
0.0379073 0
0.0372575 0
0.0370047 0
0.0363553 0
0.0362356 0
0.036124 0
0.0357299 0
0.035086 0
0.0348144 0
0.0344378 0
0.0339248 0
0.0332899 0
0.0330409 0
0.0324208 0
0.0320362 0
0.0315471 0
0.0314142 0
0.0312856 0
0.0308923 0
0.0306457 0
0.0297238 0
0.0292176 0
0.0290683 0
0.0283045 0
0.0275271 0
0.0272766 0
0.0263908 0
0.0258985 0
0.025637 0
0.0248748 0
0.0246057 0
0.0243583 0
0.0239732 0
0.0232482 0
0.0226066 0
0.0224929 0
0.0219885 0
0.0217292 0
0.0216053 0
0.021351 0
0.0212196 0
0.0205662 0
0.0200725 0
0.0199445 0
0.0198214 0
0.0195724 0
0.019314 0
0.0186792 0
0.0183991 0
0.0180101 0
0.0176324 0
0.0173654 0
0.0168308 0
0.0163204 0
0.0158029 0
0.0153948 0
0.015269 0
0.0147439 0
0.0146118 0
0.0142415 0
0.0139824 0
0.0138468 0
0.0134457 0
0.0131961 0
0.0130625 0
0.0129346 0
0.0126774 0
0.0125544 0
0.0124208 0
0.0121615 0
0.0120296 0
0.0117674 0
0.0113763 0
0.0110036 0
0.0108898 0
0.0104964 0
0.0102519 0
0.0101265 0
0.00998981 0
0.0097565 0
0.00949045 0
0.00924094 0
0.00911726 0
0.00859133 0
0.0084661 0
0.00833574 0
0.00821294 0
0.00809445 0
0.00796709 0
0.00772304 0
0.00760362 0
0.00747886 0
0.0073483 0
0.00722177 0
0.00708947 0
0.00684444 0
0.0065852 0
0.00645714 0
0.0060731 0
0.00594883 0
0.00582024 0
0.00555745 0
0.00529261 0
0.00517876 0
0.00491032 0
0.0047815 0
0.0046556 0
0.00452441 0
0.00439791 0
0.00426884 0
0.00413312 0
0.00399898 0
0.00387046 0
0.003758 0
0.00363141 0
0.00350263 0
0.00325507 0
0.00312509 0
0.00299011 0
0.00286881 0
0.00273578 0
0.00260542 0
0.00247296 0
0.00221166 0
0.00195061 0
0.00181984 0
0.00169278 0
0.00142456 0
0.00129172 0
0.0011669 0
0.00103348 0
0.000904499 0
0.000782085 0
0.000642278 0
0.000521372 0
0.000392507 0
0.000263043 0
0.00013169 0
0 0
