0.287952 1 0.8
0.287759 1 0.95
0.287565 1 1.1
0.287372 1 1.13
0.287178 1 1.2
0.286985 1 1.37
0.286792 1 1.39
0.286598 1 1.4
0.286405 1 1.42
0.286212 1 1.46
0.286018 1 1.48
0.285825 1 1.54
0.285631 1 1.55
0.285438 1 1.61
0.285245 1 1.63
0.285051 1 1.65
0.284858 1 1.68
0.284664 1 1.71
0.284471 1 1.74
0.284084 1 1.76
0.283891 1 1.79
0.283504 1 1.8
0.283311 1 1.84
0.282731 1 1.87
0.282537 1 1.89
0.282344 1 1.9
0.28215 1 1.91
0.281764 1 1.96
0.28157 1 1.97
0.281377 1 1.98
0.28099 1 1.99
0.28041 1 2.02
0.280023 1 2.04
0.27983 1 2.06
0.279443 1 2.07
0.27925 1 2.09
0.279056 1 2.1
0.27867 1 2.13
0.278089 1 2.14
0.277703 1 2.15
0.277509 1 2.16
0.277316 1 2.17
0.277122 1 2.19
0.276349 1 2.21
0.275769 1 2.22
0.274802 1 2.23
0.274415 1 2.27
0.274222 1 2.28
0.274028 1 2.29
0.273641 1 2.3
0.273255 1 2.31
0.272675 1 2.32
0.272481 1 2.33
0.272288 1 2.34
0.272094 1 2.35
0.271901 1 2.36
0.271514 1 2.37
0.270934 1 2.39
0.26958 1 2.41
0.269387 1 2.42
0.269 1 2.43
0.268227 1 2.44
0.26726 1 2.45
0.266873 1 2.46
0.266293 1 2.47
0.266099 1 2.49
0.265519 1 2.5
0.264939 1 2.51
0.264552 1 2.52
0.263779 1 2.53
0.263392 1 2.54
0.263005 1 2.55
0.262812 1 2.56
0.262618 1 2.57
0.261652 1 2.58
0.261071 1 2.59
0.260298 1 2.6
0.259718 1 2.61
0.259137 1 2.62
0.258364 1 2.63
0.25759 1 2.64
0.257204 1 2.65
0.256817 1 2.66
0.25585 1 2.67
0.255463 0 2.68
0.25469 0 2.69
0.254496 0 2.7
0.253916 0 2.71
0.253529 0 2.72
0.253143 0 2.73
0.252756 0 2.74
0.252369 0 2.75
0.251982 0 2.76
0.251789 0 2.77
0.251209 0 2.78
0.250435 0 2.8
0.249855 0 2.81
0.249275 0 2.82
0.248888 0 2.83
0.247148 0 2.84
0.246567 0 2.85
0.246181 0 2.86
0.24502 0 2.87
0.244634 0 2.88
0.244053 0 2.89
0.24386 0 2.91
0.242313 0 2.92
0.241926 0 2.93
0.240959 0 2.94
0.239992 0 2.95
0.239799 0 2.96
0.239219 0 2.97
0.238832 0 2.98
0.237865 0 2.99
0.237285 0 3
0.236705 0 3.01
0.235738 0 3.02
0.234964 0 3.03
0.234577 0 3.04
0.233997 0 3.05
0.232644 0 3.06
0.232063 0 3.07
0.231483 0 3.08
0.23071 0 3.09
0.229549 0 3.1
0.228196 0 3.11
0.227616 0 3.12
0.226068 0 3.13
0.224521 0 3.14
0.223748 0 3.15
0.222588 0 3.16
0.220847 0 3.17
0.219493 0 3.18
0.21814 0 3.19
0.217559 0 3.2
0.216206 0 3.21
0.215432 0 3.22
0.214079 0 3.23
0.213692 0 3.24
0.212145 0 3.25
0.211178 0 3.26
0.209631 0 3.27
0.208664 0 3.28
0.20731 0 3.29
0.206923 0 3.3
0.205763 0 3.31
0.204603 0 3.32
0.203249 0 3.33
0.202089 0 3.34
0.201122 0 3.35
0.200928 0 3.36
0.199188 0 3.37
0.197254 0 3.38
0.196674 0 3.39
0.195513 0 3.4
0.194933 0 3.41
0.193966 0 3.42
0.193386 0 3.43
0.192999 0 3.44
0.192806 0 3.45
0.191259 0 3.46
0.190099 0 3.47
0.189712 0 3.48
0.188358 0 3.49
0.187004 0 3.5
0.186231 0 3.51
0.185071 0 3.52
0.183717 0 3.53
0.18275 0 3.54
0.181783 0 3.55
0.181203 0 3.56
0.180429 0 3.57
0.179462 0 3.58
0.178882 0 3.59
0.177529 0 3.6
0.176368 0 3.61
0.175401 0 3.62
0.173661 0 3.63
0.172694 0 3.64
0.171534 0 3.65
0.169986 0 3.66
0.168826 0 3.67
0.168053 0 3.68
0.167472 0 3.69
0.165925 0 3.7
0.164765 0 3.71
0.163605 0 3.72
0.161864 0 3.73
0.160704 0 3.74
0.15935 0 3.75
0.15819 0 3.76
0.156836 0 3.77
0.155869 0 3.78
0.154516 0 3.79
0.153162 0 3.8
0.151615 0 3.81
0.150454 0 3.82
0.149681 0 3.83
0.148327 0 3.84
0.146974 0 3.85
0.14562 0 3.86
0.144653 0 3.87
0.143686 0 3.88
0.143299 0 3.89
0.140592 0 3.9
0.139818 0 3.91
0.138851 0 3.92
0.138271 0 3.93
0.135564 0 3.94
0.135177 0 3.95
0.134403 0 3.96
0.13363 0 3.97
0.13305 0 3.98
0.132083 0 3.99
0.131309 0 4
0.130149 0 4.01
0.129182 0 4.02
0.127828 0 4.03
0.127248 0 4.04
0.125894 0 4.05
0.124734 0 4.06
0.123767 0 4.07
0.122607 0 4.08
0.122027 0 4.09
0.121253 0 4.1
0.120093 0 4.11
0.118159 0 4.12
0.116805 0 4.13
0.115452 0 4.14
0.113324 0 4.15
0.112744 0 4.16
0.11139 0 4.17
0.110037 0 4.18
0.108103 0 4.19
0.106943 0 4.2
0.106362 0 4.21
0.105202 0 4.22
0.104235 0 4.23
0.103655 0 4.24
0.102881 0 4.25
0.102301 0 4.26
0.101528 0 4.27
0.100754 0 4.28
0.0999807 0 4.29
0.0990137 0 4.3
0.0982402 0 4.31
0.0974666 0 4.32
0.0966931 0 4.33
0.0953394 0 4.34
0.0937923 0 4.35
0.0934055 0 4.36
0.0930188 0 4.37
0.0922452 0 4.38
0.0908915 0 4.39
0.0897312 0 4.4
0.0881841 0 4.41
0.0872172 0 4.42
0.0860569 0 4.43
0.0848965 0 4.44
0.0837362 0 4.45
0.0827693 0 4.46
0.081609 0 4.47
0.0804487 0 4.48
0.0798685 0 4.49
0.0783214 0 4.5
0.0773545 0 4.51
0.0761942 0 4.53
0.0750338 0 4.54
0.0742603 0 4.55
0.0734868 0 4.56
0.0729066 0 4.57
0.0715529 0 4.58
0.0707793 0 4.59
0.069619 0 4.6
0.0690389 0 4.61
0.0682653 0 4.62
0.0672984 0 4.63
0.0657513 0 4.65
0.064591 0 4.66
0.0634307 0 4.67
0.0626571 0 4.68
0.0618836 0 4.69
0.0607233 0 4.7
0.0591762 0 4.71
0.0578225 0 4.72
0.0568555 0 4.73
0.056082 0 4.74
0.0553085 0 4.75
0.0545349 0 4.76
0.0539547 0 4.77
0.0529878 0 4.78
0.0508606 0 4.79
0.0498936 0 4.8
0.0497003 0 4.81
0.0491201 0 4.82
0.0487333 0 4.83
0.0485399 0 4.84
0.0479598 0 4.85
0.0466061 0 4.86
0.0460259 0 4.87
0.045059 0 4.88
0.0438987 0 4.89
0.0429317 0 4.9
0.0419648 0 4.91
0.041578 0 4.92
0.0404177 0 4.93
0.0394508 0 4.95
0.039064 0 4.96
0.0386772 0 4.97
0.0380971 0 4.98
0.0379037 0 4.99
0.0373235 0 5
0.0371301 0 5.01
0.0363566 0 5.02
0.0359698 0 5.04
0.0351963 0 5.06
0.0346161 0 5.07
0.0338426 0 5.08
0.0326823 0 5.09
0.0324889 0 5.1
0.0315219 0 5.11
0.0311352 0 5.12
0.0303616 0 5.13
0.0292013 0 5.14
0.0288145 0 5.15
0.0282344 0 5.17
0.0274608 0 5.19
0.0270741 0 5.2
0.0268807 0 5.21
0.0264939 0 5.22
0.0261071 0 5.23
0.0253336 0 5.24
0.0251402 0 5.25
0.0247534 0 5.26
0.0243667 0 5.27
0.0235931 0 5.28
0.0228196 0 5.29
0.0224328 0 5.3
0.0218526 0 5.31
0.0214659 0 5.32
0.0206923 0 5.33
0.0204989 0 5.34
0.0201122 0 5.35
0.0197254 0 5.36
0.019532 0 5.37
0.0191452 0 5.38
0.0189518 0 5.39
0.0187585 0 5.4
0.0181783 0 5.42
0.0179849 0 5.43
0.0175981 0 5.44
0.0172114 0 5.45
0.0166312 0 5.46
0.0164378 0 5.49
0.0162444 0 5.52
0.0158577 0 5.53
0.0154709 0 5.54
0.0150841 0 5.56
0.014504 0 5.57
0.0139238 0 5.58
0.0131503 0 5.59
0.0129569 0 5.6
0.0123767 0 5.61
0.0121833 0 5.62
0.0114098 0 5.63
0.0112164 0 5.64
0.0104429 0 5.66
0.0102495 0 5.69
0.0100561 0 5.7
0.0098627 0 5.71
0.00966931 0 5.72
0.00928254 0 5.75
0.00870238 0 5.78
0.00850899 0 5.8
0.00812222 0 5.83
0.00792883 0 5.85
0.00773545 0 5.86
0.00754206 0 5.91
0.00715529 0 5.92
0.0069619 0 5.93
0.00638174 0 5.94
0.00599497 0 5.99
0.00580159 0 6.04
0.0056082 0 6.07
0.00522143 0 6.08
0.00502804 0 6.09
0.00464127 0 6.1
0.00444788 0 6.11
0.0042545 0 6.13
0.00406111 0 6.15
0.00386772 0 6.16
0.00367434 0 6.2
0.00328757 0 6.24
0.00309418 0 6.25
0.00290079 0 6.27
0.00270741 0 6.28
0.00251402 0 6.35
0.00232063 0 6.36
0.00212725 0 6.37
0.00193386 0 6.43
0.00174048 0 6.56
0.00154709 0 6.61
0.0013537 0 6.63
0.00116032 0 6.67
0.000966931 0 6.7
0.000580159 0 6.87
0.000386772 0 6.96
0.000193386 0 7.16
0 0 1.79769e+308
