0.470557 131
0.470557 130
0.470557 129
0.470443 129
0.470443 128
0.470443 127
0.470443 126
0.470443 125
0.470443 123
0.47032 123
0.470105 122
0.470003 122
0.470003 121
0.470003 120
0.46989 120
0.469761 119
0.469658 118
0.469506 118
0.46937 118
0.468959 118
0.468835 118
0.468715 118
0.468596 117
0.468596 116
0.468595 115
0.468481 114
0.468384 114
0.468243 114
0.468243 113
0.468134 113
0.467992 113
0.467734 113
0.467474 110
0.467138 108
0.466893 108
0.466668 106
0.466668 105
0.466505 102
0.466505 101
0.466237 100
0.466107 97
0.466017 96
0.465542 96
0.465405 96
0.465301 95
0.465168 95
0.465045 95
0.46467 95
0.464292 94
0.464044 94
0.463925 93
0.463786 92
0.463539 90
0.463307 90
0.462962 89
0.462277 87
0.461885 86
0.461481 86
0.461111 86
0.460793 84
0.460671 83
0.459977 82
0.459842 81
0.459063 79
0.458518 77
0.458131 74
0.45775 72
0.457622 71
0.457262 71
0.456855 70
0.456349 69
0.456026 68
0.455459 68
0.455326 68
0.454964 66
0.454842 66
0.454474 65
0.453964 64
0.453769 63
0.453137 63
0.452565 62
0.451961 62
0.451557 60
0.451086 57
0.450537 56
0.449738 56
0.449369 56
0.448989 56
0.448493 56
0.447986 55
0.447614 54
0.447112 53
0.446356 53
0.445627 53
0.444822 51
0.444227 51
0.443604 51
0.442753 51
0.442288 49
0.441855 49
0.441232 48
0.440364 48
0.439761 47
0.439414 47
0.438199 47
0.43694 47
0.435707 47
0.434781 45
0.433475 44
0.432772 43
0.431847 43
0.429707 43
0.428975 43
0.427973 43
0.427348 43
0.426631 43
0.425572 41
0.424044 41
0.423518 40
0.422919 39
0.421937 37
0.420273 37
0.419427 37
0.4176 36
0.41654 34
0.415402 34
0.414335 34
0.412841 33
0.411612 31
0.410233 31
0.407631 29
0.407121 29
0.405524 28
0.403681 28
0.402091 26
0.400938 24
0.399182 24
0.398168 23
0.396842 21
0.395849 20
0.392943 20
0.391845 20
0.391377 20
0.39013 20
0.38878 19
0.386938 18
0.385642 18
0.383542 17
0.381379 17
0.380163 17
0.378592 15
0.376631 15
0.374564 14
0.372256 14
0.370801 14
0.369418 13
0.366953 13
0.364426 13
0.362635 13
0.360112 13
0.358007 12
0.35628 11
0.354671 11
0.352269 11
0.350339 11
0.348304 11
0.346124 11
0.343836 10
0.342406 9
0.339493 9
0.337301 9
0.335257 9
0.333177 9
0.331031 8
0.329244 8
0.32658 8
0.324793 8
0.322879 8
0.320716 8
0.318585 8
0.316346 8
0.312851 7
0.310473 7
0.308343 6
0.30619 6
0.303918 6
0.301372 5
0.299753 5
0.296285 5
0.293684 5
0.291114 4
0.28764 4
0.285681 4
0.282539 3
0.281074 3
0.279382 3
0.275721 3
0.273744 3
0.270704 3
0.268366 2
0.264552 2
0.260845 2
0.258359 1
0.255846 1
0.254072 1
0.252267 1
0.249177 1
0.247541 1
0.244688 1
0.241867 1
0.239406 1
0.235113 1
0.232116 1
0.229037 1
0.226323 1
0.223004 1
0.219505 1
0.216073 1
0.212992 1
0.210683 1
0.207734 1
0.204631 1
0.20197 1
0.199209 1
0.196571 1
0.194313 0
0.191892 0
0.188685 0
0.185759 0
0.182456 0
0.179328 0
0.176228 0
0.172957 0
0.170752 0
0.168301 0
0.165728 0
0.163174 0
0.161626 0
0.158709 0
0.156566 0
0.152782 0
0.149451 0
0.147396 0
0.144543 0
0.142244 0
0.140069 0
0.138028 0
0.13583 0
0.133776 0
0.131567 0
0.128015 0
0.125174 0
0.123644 0
0.122754 0
0.120987 0
0.118536 0
0.116207 0
0.114162 0
0.11263 0
0.110884 0
0.109431 0
0.106958 0
0.105821 0
0.102677 0
0.0995658 0
0.0977862 0
0.0954918 0
0.09419 0
0.0918472 0
0.0907054 0
0.0888734 0
0.0866029 0
0.0854503 0
0.0838017 0
0.0814921 0
0.0799819 0
0.0784508 0
0.076086 0
0.0751505 0
0.0727635 0
0.0716131 0
0.0705991 0
0.068128 0
0.0663553 0
0.0653521 0
0.0632772 0
0.061575 0
0.0595371 0
0.0577465 0
0.0560793 0
0.0543663 0
0.0533302 0
0.052293 0
0.0516443 0
0.0506229 0
0.0497492 0
0.0492326 0
0.0475681 0
0.0463538 0
0.0454485 0
0.0442495 0
0.0432258 0
0.0423214 0
0.041169 0
0.0396123 0
0.0381716 0
0.0371764 0
0.0362543 0
0.0351101 0
0.0341698 0
0.0333736 0
0.0322093 0
0.031046 0
0.0301544 0
0.0293854 0
0.0283357 0
0.0275633 0
0.0267832 0
0.0265247 0
0.0256134 0
0.024347 0
0.023719 0
0.0233432 0
0.0230838 0
0.0227314 0
0.0220939 0
0.0214509 0
0.0202693 0
0.019896 0
0.0193643 0
0.018305 0
0.0177968 0
0.0175399 0
0.0163743 0
0.0159704 0
0.0154577 0
0.0141587 0
0.0132304 0
0.012977 0
0.0123473 0
0.0120986 0
0.0118333 0
0.0114305 0
0.0111555 0
0.0106372 0
0.0103667 0
0.0095775 0
0.00944499 0
0.00906225 0
0.00879639 0
0.00854729 0
0.00842694 0
0.00817555 0
0.00791835 0
0.0075191 0
0.00713076 0
0.00686789 0
0.00659481 0
0.00632788 0
0.00606695 0
0.00593604 0
0.00568046 0
0.0054221 0
0.00528518 0
0.00491298 0
0.00477765 0
0.00464995 0
0.00441254 0
0.00428438 0
0.00414695 0
0.00375402 0
0.0033752 0
0.00324179 0
0.00298886 0
0.00259152 0
0.00245679 0
0.00232837 0
0.00220268 0
0.00206569 0
0.00180693 0
0.00155131 0
0.00130698 0
0.00117658 0
0.000910322 0
0.000779292 0
0.000651496 0
0.000521402 0
0.000396658 0
0.000266277 0
0.00012734 0
0 0
