0.466432 106
0.466432 105
0.466432 104
0.466432 103
0.466432 102
0.466432 101
0.466308 101
0.466177 101
0.466075 101
0.466075 100
0.465962 100
0.465833 99
0.46573 99
0.465578 99
0.465442 99
0.465168 99
0.465045 99
0.464924 99
0.464805 98
0.464805 97
0.464805 96
0.464691 95
0.46455 95
0.46444 95
0.464298 95
0.46404 95
0.463781 92
0.463535 92
0.46329 92
0.463065 91
0.462973 89
0.462705 88
0.462575 85
0.462485 84
0.462009 84
0.461905 84
0.461772 84
0.46165 84
0.4614 84
0.461022 83
0.460774 83
0.460654 82
0.460516 81
0.460268 79
0.460151 79
0.459806 78
0.459325 77
0.458932 76
0.458529 76
0.458158 76
0.457841 75
0.457719 74
0.457155 73
0.457019 73
0.456491 72
0.455946 71
0.455574 69
0.455327 68
0.455198 67
0.454959 67
0.454551 66
0.454046 65
0.453723 64
0.453156 64
0.453022 64
0.452661 63
0.452539 63
0.452302 62
0.452066 61
0.451871 60
0.45124 60
0.450668 59
0.450174 59
0.44977 57
0.449299 54
0.448895 53
0.448218 53
0.447849 53
0.447469 53
0.446973 53
0.446466 52
0.446094 51
0.445592 50
0.444836 50
0.444107 50
0.443302 48
0.442707 48
0.442205 48
0.441467 48
0.441002 46
0.440569 46
0.439946 45
0.439078 45
0.438579 45
0.438232 45
0.437017 45
0.435759 45
0.434526 45
0.433708 43
0.432402 42
0.431699 41
0.430774 41
0.428634 41
0.427902 41
0.426899 41
0.426275 41
0.425558 41
0.424499 39
0.42297 39
0.422444 38
0.421845 37
0.420864 35
0.419323 35
0.418476 35
0.416649 34
0.415589 32
0.414577 32
0.41351 32
0.41212 31
0.410891 29
0.409513 29
0.40691 27
0.4064 27
0.404803 26
0.40296 26
0.40137 24
0.400218 22
0.398461 22
0.397575 21
0.396249 19
0.395257 18
0.392482 18
0.391384 18
0.390916 18
0.389669 18
0.388318 17
0.386477 16
0.385307 16
0.383207 15
0.381044 15
0.379828 15
0.378257 13
0.376296 13
0.374322 13
0.372014 13
0.370559 13
0.369176 12
0.366711 12
0.364299 12
0.362508 12
0.359986 12
0.35788 11
0.356153 10
0.354545 10
0.352142 10
0.350212 10
0.348178 10
0.345997 10
0.343709 9
0.342279 9
0.339367 9
0.337175 9
0.33513 9
0.33305 9
0.330904 8
0.329117 8
0.326453 8
0.324666 8
0.322752 8
0.320589 8
0.318458 8
0.316219 8
0.312724 7
0.310346 7
0.308216 6
0.306063 6
0.303792 6
0.301245 5
0.299626 5
0.296158 5
0.293557 5
0.290987 4
0.287513 4
0.285554 4
0.282412 3
0.280947 3
0.279255 3
0.275721 3
0.273744 3
0.270704 3
0.268366 2
0.264552 2
0.260845 2
0.258359 1
0.255846 1
0.254072 1
0.252267 1
0.249177 1
0.247541 1
0.244688 1
0.241867 1
0.239406 1
0.235113 1
0.232116 1
0.229037 1
0.226323 1
0.223004 1
0.219505 1
0.216073 1
0.212992 1
0.210683 1
0.207734 1
0.204631 1
0.20197 1
0.199209 1
0.196571 1
0.194313 0
0.191892 0
0.188685 0
0.185759 0
0.182456 0
0.179328 0
0.176228 0
0.172957 0
0.170752 0
0.168301 0
0.165728 0
0.163174 0
0.161626 0
0.158709 0
0.156566 0
0.152782 0
0.149451 0
0.147396 0
0.144543 0
0.142244 0
0.140069 0
0.138028 0
0.13583 0
0.133776 0
0.131567 0
0.128015 0
0.125174 0
0.123644 0
0.122754 0
0.120987 0
0.118536 0
0.116207 0
0.114162 0
0.11263 0
0.110884 0
0.109431 0
0.106958 0
0.105821 0
0.102677 0
0.0995658 0
0.0977862 0
0.0954918 0
0.09419 0
0.0918472 0
0.0907054 0
0.0888734 0
0.0866029 0
0.0854503 0
0.0838017 0
0.0814921 0
0.0799819 0
0.0784508 0
0.076086 0
0.0751505 0
0.0727635 0
0.0716131 0
0.0705991 0
0.068128 0
0.0663553 0
0.0653521 0
0.0632772 0
0.061575 0
0.0595371 0
0.0577465 0
0.0560793 0
0.0543663 0
0.0533302 0
0.052293 0
0.0516443 0
0.0506229 0
0.0497492 0
0.0492326 0
0.0475681 0
0.0463538 0
0.0454485 0
0.0442495 0
0.0432258 0
0.0423214 0
0.041169 0
0.0396123 0
0.0381716 0
0.0371764 0
0.0362543 0
0.0351101 0
0.0341698 0
0.0333736 0
0.0322093 0
0.031046 0
0.0301544 0
0.0293854 0
0.0283357 0
0.0275633 0
0.0267832 0
0.0265247 0
0.0256134 0
0.024347 0
0.023719 0
0.0233432 0
0.0230838 0
0.0227314 0
0.0220939 0
0.0214509 0
0.0202693 0
0.019896 0
0.0193643 0
0.018305 0
0.0177968 0
0.0175399 0
0.0163743 0
0.0159704 0
0.0154577 0
0.0141587 0
0.0132304 0
0.012977 0
0.0123473 0
0.0120986 0
0.0118333 0
0.0114305 0
0.0111555 0
0.0106372 0
0.0103667 0
0.0095775 0
0.00944499 0
0.00906225 0
0.00879639 0
0.00854729 0
0.00842694 0
0.00817555 0
0.00791835 0
0.0075191 0
0.00713076 0
0.00686789 0
0.00659481 0
0.00632788 0
0.00606695 0
0.00593604 0
0.00568046 0
0.0054221 0
0.00528518 0
0.00491298 0
0.00477765 0
0.00464995 0
0.00441254 0
0.00428438 0
0.00414695 0
0.00375402 0
0.0033752 0
0.00324179 0
0.00298886 0
0.00259152 0
0.00245679 0
0.00232837 0
0.00220268 0
0.00206569 0
0.00180693 0
0.00155131 0
0.00130698 0
0.00117658 0
0.000910322 0
0.000779292 0
0.000651496 0
0.000521402 0
0.000396658 0
0.000266277 0
0.00012734 0
0 0
