0.413814 60
0.413678 60
0.413553 60
0.413437 60
0.413306 60
0.413289 59
0.413052 59
0.412963 58
0.412806 55
0.412684 55
0.412566 55
0.412431 54
0.412178 54
0.41206 54
0.411957 53
0.411957 52
0.411707 52
0.411356 52
0.411105 52
0.410967 52
0.410609 52
0.410353 52
0.41022 52
0.41022 51
0.41013 50
0.409865 50
0.409434 48
0.408949 48
0.408593 48
0.408473 48
0.408105 46
0.407397 46
0.407273 46
0.40696 44
0.406495 43
0.405975 43
0.405475 43
0.404982 43
0.404345 43
0.404002 43
0.40376 43
0.403618 43
0.402867 43
0.402659 43
0.402074 42
0.401661 42
0.400808 42
0.400143 42
0.399911 40
0.399635 40
0.399033 39
0.398686 38
0.398058 38
0.397433 38
0.396796 38
0.395626 38
0.395018 38
0.394667 38
0.393568 37
0.392809 37
0.391729 37
0.390787 36
0.389301 36
0.388437 36
0.387706 36
0.386977 36
0.385679 35
0.384907 34
0.38397 34
0.383104 34
0.382365 33
0.381568 32
0.381086 32
0.380464 32
0.379516 32
0.378121 32
0.377482 32
0.376786 31
0.375353 31
0.374175 30
0.373029 30
0.372493 30
0.371257 30
0.369941 29
0.368815 29
0.368165 29
0.366908 29
0.365524 29
0.364512 29
0.362983 28
0.362115 27
0.360432 27
0.359043 26
0.357341 26
0.355708 26
0.354449 25
0.352692 24
0.351158 21
0.350121 20
0.348688 20
0.347417 19
0.345213 19
0.344322 19
0.34279 19
0.340782 19
0.339366 18
0.337285 18
0.335642 18
0.333858 17
0.331435 17
0.329993 17
0.328748 17
0.326882 16
0.324482 14
0.321372 14
0.319138 12
0.316758 12
0.315122 12
0.311879 12
0.310617 12
0.308136 12
0.30618 11
0.304287 11
0.301754 11
0.298864 11
0.297228 11
0.294952 11
0.291903 11
0.290154 10
0.287623 9
0.285346 9
0.283346 9
0.281882 9
0.279381 9
0.277009 8
0.275709 8
0.272983 8
0.270227 8
0.2682 8
0.266118 8
0.264592 8
0.263197 8
0.260351 8
0.257718 8
0.255552 8
0.253217 8
0.25043 8
0.248003 8
0.246232 7
0.243366 6
0.241471 6
0.238006 5
0.235742 4
0.232524 4
0.230229 4
0.228339 4
0.225998 4
0.223988 4
0.220353 4
0.217795 4
0.214668 4
0.212314 4
0.209457 4
0.204861 4
0.202408 3
0.200476 3
0.197512 3
0.19476 2
0.192833 2
0.190163 2
0.188507 2
0.185588 2
0.183047 2
0.180259 2
0.177694 2
0.174868 2
0.172324 2
0.169635 2
0.167773 2
0.165935 2
0.164095 2
0.161457 2
0.159661 2
0.157634 2
0.155515 1
0.152791 1
0.150485 1
0.148826 1
0.147247 0
0.144704 0
0.142181 0
0.140477 0
0.137421 0
0.134662 0
0.132763 0
0.131075 0
0.129071 0
0.126997 0
0.124534 0
0.121709 0
0.118635 0
0.116358 0
0.113856 0
0.111988 0
0.110453 0
0.108317 0
0.106247 0
0.103153 0
0.101586 0
0.100136 0
0.0990073 0
0.0974328 0
0.0961143 0
0.0944694 0
0.0925857 0
0.090794 0
0.0886198 0
0.0875983 0
0.0865989 0
0.0857209 0
0.08408 0
0.082552 0
0.0813907 0
0.079053 0
0.0770176 0
0.0751204 0
0.074366 0
0.07308 0
0.0711345 0
0.0679999 0
0.0669706 0
0.0657714 0
0.0642445 0
0.0629442 0
0.0616646 0
0.0600002 0
0.0585872 0
0.057446 0
0.0559176 0
0.054089 0
0.0531814 0
0.0517614 0
0.0502172 0
0.048909 0
0.0476234 0
0.0466141 0
0.045988 0
0.0448435 0
0.0440655 0
0.0426641 0
0.0413568 0
0.0399457 0
0.0382906 0
0.0374972 0
0.0361873 0
0.0350509 0
0.0343906 0
0.0337701 0
0.0332551 0
0.0324689 0
0.0311407 0
0.030258 0
0.0296002 0
0.0278979 0
0.0271327 0
0.0258884 0
0.0252558 0
0.0242026 0
0.0231565 0
0.0225124 0
0.022002 0
0.0217556 0
0.0215066 0
0.0208896 0
0.0201236 0
0.0199938 0
0.0190945 0
0.0188335 0
0.0184376 0
0.0176512 0
0.0170148 0
0.0162379 0
0.0155683 0
0.0147733 0
0.0141309 0
0.0137168 0
0.0130915 0
0.0123415 0
0.0120783 0
0.0116846 0
0.0109115 0
0.0106497 0
0.010133 0
0.00985342 0
0.00958965 0
0.00945608 0
0.00919724 0
0.00855042 0
0.00790836 0
0.00724782 0
0.00712157 0
0.00700598 0
0.00675086 0
0.00661507 0
0.00647368 0
0.00619818 0
0.00594671 0
0.0056802 0
0.00540475 0
0.00502251 0
0.0048947 0
0.00477336 0
0.00465088 0
0.00390092 0
0.00377076 0
0.00311989 0
0.00299008 0
0.00273865 0
0.00260415 0
0.00247857 0
0.00222319 0
0.0020894 0
0.00184077 0
0.00170786 0
0.00158167 0
0.0013171 0
0.00118504 0
0.00092636 0
0.000787969 0
0.000658487 0
0.000521702 0
0.000402937 0
0.000264001 0
0.000127951 0
0 0
