0.646877 77 54.36
0.646877 76 54.62
0.646683 76 54.74
0.646297 76 54.76
0.646103 76 54.79
0.64591 76 54.89
0.645716 76 54.92
0.645523 76 54.96
0.64533 76 54.98
0.645136 76 55
0.644943 75 55.01
0.644943 74 55.04
0.64475 74 55.06
0.64475 72 55.07
0.644556 72 55.08
0.644363 72 55.1
0.644363 71 55.11
0.644169 71 55.12
0.643783 71 55.13
0.643783 70 55.15
0.643589 70 55.17
0.643396 70 55.18
0.643009 70 55.19
0.643009 68 55.2
0.642816 68 55.21
0.642042 66 55.22
0.641462 65 55.23
0.641462 64 55.24
0.641269 64 55.25
0.640882 64 55.26
0.640108 64 55.27
0.639722 64 55.28
0.638948 63 55.29
0.637594 63 55.3
0.636627 63 55.31
0.636627 62 55.32
0.636434 61 55.33
0.63566 61 55.34
0.634887 61 55.35
0.634693 61 55.36
0.63392 60 55.37
0.633533 60 55.38
0.633146 59 55.39
0.63276 59 55.4
0.632179 59 55.41
0.631599 58 55.42
0.630632 58 55.43
0.629472 58 55.45
0.628505 58 55.46
0.627538 58 55.47
0.626958 58 55.48
0.625798 56 55.49
0.625024 56 55.5
0.623864 55 55.51
0.62309 54 55.52
0.621737 54 55.53
0.621543 54 55.54
0.620576 54 55.55
0.619996 54 55.56
0.619223 53 55.57
0.618062 53 55.58
0.616709 51 55.59
0.614968 51 55.6
0.613614 51 55.61
0.611874 51 55.62
0.61052 50 55.63
0.609553 49 55.64
0.608006 49 55.65
0.607233 49 55.66
0.604912 49 55.67
0.603558 47 55.68
0.602011 47 55.69
0.600851 47 55.7
0.599884 47 55.71
0.598337 46 55.72
0.59679 46 55.73
0.595629 46 55.74
0.594082 46 55.75
0.592729 46 55.76
0.590601 46 55.77
0.589248 45 55.78
0.58712 43 55.79
0.583833 41 55.8
0.582092 40 55.81
0.579578 40 55.82
0.577258 40 55.83
0.575517 40 55.84
0.574164 40 55.85
0.572617 39 55.86
0.571069 37 55.87
0.568749 36 55.88
0.566235 34 55.89
0.565461 33 55.9
0.561594 32 55.91
0.558306 32 55.92
0.556565 32 55.93
0.554245 32 55.94
0.552118 32 55.95
0.550377 31 55.96
0.547283 30 55.97
0.546123 30 55.98
0.544382 29 55.99
0.542448 27 56
0.540514 26 56.01
0.539161 26 56.02
0.536067 26 56.03
0.532972 25 56.04
0.530265 24 56.05
0.527751 22 56.06
0.525237 22 56.07
0.522143 21 56.08
0.520209 21 56.09
0.516148 21 56.1
0.512473 21 56.11
0.510733 20 56.12
0.508219 18 56.13
0.505512 18 56.14
0.502224 18 56.15
0.499323 18 56.16
0.497003 18 56.17
0.495262 18 56.18
0.493135 18 56.19
0.490041 18 56.2
0.486173 16 56.21
0.481918 16 56.22
0.479018 16 56.23
0.475923 16 56.24
0.473796 16 56.25
0.470122 16 56.26
0.466061 16 56.27
0.46316 16 56.28
0.460646 15 56.29
0.457165 14 56.3
0.453877 13 56.31
0.449043 13 56.32
0.446722 13 56.33
0.444595 13 56.34
0.440534 12 56.35
0.43802 12 56.36
0.434732 12 56.37
0.433185 12 56.38
0.429124 11 56.39
0.425643 10 56.4
0.421775 10 56.41
0.417134 8 56.42
0.413266 8 56.43
0.410559 8 56.44
0.406498 7 56.45
0.401663 7 56.46
0.398376 7 56.47
0.395088 7 56.48
0.390447 7 56.49
0.385419 7 56.5
0.381938 7 56.51
0.37865 7 56.52
0.374782 7 56.53
0.370915 7 56.54
0.367047 7 56.55
0.363566 7 56.56
0.361052 7 56.57
0.355637 7 56.58
0.350222 7 56.59
0.346935 7 56.6
0.3421 7 56.61
0.337072 7 56.62
0.332237 7 56.63
0.327403 7 56.64
0.323148 7 56.65
0.318894 7 56.66
0.314253 7 56.67
0.310578 7 56.68
0.307097 6 56.69
0.301489 6 56.7
0.296848 6 56.71
0.29182 6 56.72
0.285825 6 56.73
0.280797 6 56.74
0.276929 5 56.75
0.273641 5 56.76
0.270741 5 56.77
0.267646 5 56.78
0.262812 4 56.79
0.257977 4 56.8
0.255463 4 56.81
0.251015 3 56.82
0.246761 3 56.83
0.241926 3 56.84
0.239605 3 56.85
0.236318 2 56.86
0.232644 2 56.87
0.228969 2 56.88
0.224135 2 56.89
0.22104 2 56.9
0.216593 2 56.91
0.210404 2 56.92
0.205763 2 56.93
0.203056 2 56.94
0.199381 2 56.95
0.195513 2 56.96
0.192419 2 56.97
0.188165 2 56.98
0.182557 2 56.99
0.178882 2 57
0.176175 2 57.01
0.172114 2 57.02
0.168633 2 57.03
0.166892 2 57.04
0.163605 1 57.05
0.160511 1 57.06
0.15819 1 57.07
0.155096 1 57.08
0.152388 1 57.09
0.150261 1 57.1
0.14736 0 57.11
0.144653 0 57.12
0.140979 0 57.13
0.138078 0 57.14
0.13537 0 57.15
0.132663 0 57.16
0.129956 0 57.17
0.127248 0 57.18
0.123961 0 57.19
0.12164 0 57.2
0.118933 0 57.21
0.116225 0 57.22
0.114485 0 57.23
0.11081 0 57.24
0.108103 0 57.25
0.105976 0 57.26
0.104235 0 57.27
0.101721 0 57.28
0.098627 0 57.29
0.0966931 0 57.3
0.0945658 0 57.31
0.0930188 0 57.32
0.0903114 0 57.33
0.0877973 0 57.34
0.0860569 0 57.35
0.0847032 0 57.36
0.0823825 0 57.37
0.0798685 0 57.38
0.0775479 0 57.39
0.0761942 0 57.4
0.0748405 0 57.41
0.0723264 0 57.42
0.0701992 0 57.43
0.0680719 0 57.44
0.0665249 0 57.45
0.064591 0 57.46
0.0616902 0 57.47
0.0605299 0 57.48
0.0593696 0 57.49
0.0574357 0 57.5
0.0555018 0 57.51
0.053568 0 57.52
0.0524077 0 57.53
0.0506672 0 57.54
0.0493135 0 57.55
0.0489267 0 57.56
0.0477664 0 57.57
0.0464127 0 57.58
0.0448656 0 57.59
0.0433185 0 57.6
0.042545 0 57.61
0.041578 0 57.62
0.0394508 0 57.63
0.0379037 0 57.64
0.0371301 0 57.65
0.03655 0 57.66
0.0355831 0 57.67
0.0342294 0 57.68
0.0332624 0 57.69
0.0328757 0 57.7
0.0309418 0 57.71
0.0301682 0 57.72
0.0292013 0 57.73
0.0278476 0 57.74
0.0266873 0 57.75
0.0259137 0 57.76
0.0247534 0 57.77
0.0239799 0 57.78
0.0224328 0 57.79
0.0204989 0 57.8
0.0191452 0 57.81
0.0189518 0 57.82
0.0185651 0 57.83
0.0175981 0 57.84
0.0172114 0 57.85
0.0164378 0 57.86
0.0154709 0 57.87
0.0146974 0 57.88
0.0143106 0 57.89
0.0139238 0 57.9
0.0137304 0 57.91
0.0133436 0 57.92
0.0125701 0 57.93
0.0116032 0 57.94
0.0114098 0 57.95
0.011023 0 57.96
0.0108296 0 57.97
0.0102495 0 57.98
0.00947592 0 57.99
0.00889576 0 58.01
0.00870238 0 58.02
0.00812222 0 58.03
0.00773545 0 58.04
0.0069619 0 58.05
0.00599497 0 58.06
0.00580159 0 58.08
0.00541481 0 58.09
0.00502804 0 58.11
0.00464127 0 58.14
0.0042545 0 58.15
0.00386772 0 58.16
0.00328757 0 58.18
0.00309418 0 58.19
0.00290079 0 58.2
0.00270741 0 58.22
0.00251402 0 58.23
0.00232063 0 58.24
0.00193386 0 58.25
0.00174048 0 58.29
0.00154709 0 58.32
0.0013537 0 58.38
0.00116032 0 58.39
0.000966931 0 58.5
0.000773545 0 58.51
0.000580159 0 58.54
0.000386772 0 58.55
0.000193386 0 58.68
0 0 1.79769e+308
