0.481956 548
0.481956 547
0.48185 547
0.48185 546
0.48185 545
0.48185 544
0.48185 543
0.481731 543
0.481731 542
0.481731 541
0.481731 540
0.481607 540
0.481607 538
0.481607 537
0.481607 536
0.481607 535
0.481607 534
0.481474 534
0.481474 533
0.48138 531
0.48138 530
0.48138 529
0.48138 528
0.481246 528
0.481117 528
0.481028 526
0.480974 525
0.480848 524
0.480848 522
0.480848 521
0.480728 521
0.480728 520
0.480728 519
0.480728 518
0.480728 516
0.480728 515
0.480728 514
0.480728 513
0.48061 513
0.480589 513
0.480589 512
0.480589 511
0.480488 511
0.480369 511
0.480369 510
0.480239 509
0.480239 508
0.480239 507
0.480239 506
0.48012 503
0.47998 503
0.47998 502
0.47998 501
0.47998 500
0.479818 499
0.479818 497
0.479689 497
0.479469 496
0.479469 495
0.479469 493
0.479469 491
0.479469 490
0.479469 489
0.479219 489
0.479023 487
0.478891 485
0.478884 481
0.478755 479
0.478755 478
0.478576 477
0.478571 475
0.478571 474
0.478446 474
0.478446 471
0.478446 469
0.478379 467
0.478379 466
0.478271 465
0.478271 464
0.478032 464
0.477999 462
0.477999 460
0.477884 459
0.477884 458
0.477758 457
0.477758 456
0.477614 456
0.477614 454
0.477487 453
0.477364 452
0.477114 450
0.477114 449
0.477114 448
0.477049 447
0.476934 446
0.476934 444
0.476934 443
0.476815 440
0.476815 438
0.476808 436
0.476808 434
0.476676 433
0.476676 432
0.476676 431
0.476676 428
0.476676 426
0.476676 424
0.476546 424
0.476487 424
0.476487 423
0.476487 422
0.47647 421
0.476366 421
0.476366 418
0.476262 416
0.476262 412
0.476262 410
0.476262 409
0.476026 409
0.476026 408
0.476026 407
0.476026 406
0.476026 405
0.47594 403
0.47594 402
0.47594 400
0.475811 400
0.475675 399
0.475567 399
0.475567 397
0.475492 394
0.475373 394
0.475245 392
0.475132 390
0.475132 387
0.475015 385
0.474897 385
0.474815 383
0.474815 381
0.474689 380
0.474443 379
0.474061 377
0.474061 375
0.474061 373
0.474061 372
0.474061 371
0.474061 370
0.473934 370
0.473703 370
0.473607 369
0.473607 368
0.473523 365
0.473275 362
0.473013 361
0.473013 360
0.472938 358
0.472817 356
0.472817 355
0.472695 353
0.472695 352
0.472695 350
0.472695 349
0.47257 347
0.47257 346
0.472208 345
0.472203 343
0.472082 343
0.471952 343
0.471708 341
0.471455 339
0.47118 339
0.47118 337
0.471039 336
0.470944 333
0.470939 331
0.470939 328
0.470718 325
0.470279 322
0.47014 321
0.47014 320
0.469958 319
0.469707 319
0.469629 315
0.469629 313
0.469354 313
0.469111 312
0.469111 310
0.468864 310
0.468671 308
0.468553 308
0.468293 307
0.46816 304
0.46816 302
0.46816 301
0.46806 300
0.46806 298
0.46806 296
0.46806 295
0.467796 294
0.467648 289
0.467527 289
0.467527 288
0.467527 286
0.467392 285
0.467392 283
0.467337 282
0.467337 281
0.467204 281
0.466963 281
0.466755 281
0.466493 277
0.466235 277
0.466235 276
0.466235 275
0.4661 275
0.466001 274
0.465773 274
0.465651 274
0.46552 274
0.46552 273
0.465266 273
0.465134 273
0.465008 271
0.464872 271
0.46461 270
0.464499 270
0.464499 269
0.464383 269
0.464122 266
0.463859 266
0.463859 265
0.463612 265
0.463347 264
0.462991 263
0.462877 261
0.462877 257
0.462604 256
0.462212 252
0.462212 251
0.462081 251
0.46184 250
0.46184 248
0.46184 247
0.461713 247
0.461713 246
0.461585 245
0.461332 242
0.461332 241
0.461332 240
0.460945 239
0.460853 236
0.460606 235
0.460556 233
0.460413 229
0.460159 227
0.45977 226
0.45977 224
0.459395 222
0.459278 221
0.45916 220
0.458246 219
0.457728 218
0.457098 215
0.456963 214
0.456591 210
0.456465 210
0.456328 209
0.456202 209
0.456063 208
0.455827 208
0.455703 208
0.455335 208
0.45523 207
0.455126 207
0.45465 206
0.454376 203
0.454268 202
0.454185 200
0.453911 200
0.453556 198
0.453308 198
0.453308 197
0.453052 196
0.452928 194
0.452831 193
0.452586 190
0.452232 189
0.451627 188
0.451386 185
0.451257 183
0.451007 181
0.450898 179
0.45051 177
0.450257 177
0.450002 176
0.449625 174
0.449367 172
0.449247 170
0.448912 169
0.448608 167
0.448417 166
0.448306 166
0.448084 162
0.447325 162
0.447222 162
0.4471 161
0.446844 160
0.446702 160
0.446318 159
0.44607 158
0.44567 158
0.44544 158
0.444986 157
0.444572 154
0.444249 153
0.443905 153
0.443801 153
0.443319 153
0.442981 153
0.442596 152
0.442361 151
0.442239 151
0.441987 150
0.441408 149
0.440925 148
0.44055 148
0.440314 148
0.440061 148
0.439665 148
0.439436 148
0.439164 147
0.43884 145
0.438573 145
0.43849 144
0.438246 144
0.438002 142
0.437985 140
0.437645 138
0.437045 138
0.436804 138
0.436322 137
0.435815 137
0.435685 137
0.435294 137
0.434799 137
0.434672 136
0.434076 135
0.433489 133
0.432992 132
0.432596 132
0.431975 131
0.431769 130
0.431664 130
0.431338 129
0.431094 127
0.430666 123
0.430038 122
0.429782 122
0.429541 122
0.429173 122
0.428766 122
0.428634 122
0.428255 120
0.42815 120
0.428013 120
0.427804 118
0.427416 117
0.426864 116
0.426626 116
0.426374 116
0.426114 114
0.425749 113
0.425524 113
0.425284 113
0.425223 112
0.425092 111
0.424975 111
0.424701 111
0.424462 109
0.424106 107
0.423984 106
0.423749 106
0.423428 105
0.423167 105
0.422457 105
0.422182 104
0.421787 104
0.421421 103
0.421284 99
0.421033 99
0.420959 98
0.420486 98
0.420111 98
0.419863 97
0.419613 97
0.419005 97
0.418383 97
0.417773 96
0.417417 96
0.417063 96
0.41634 94
0.415079 94
0.414947 93
0.414332 93
0.413925 91
0.413562 91
0.413307 91
0.4132 90
0.412576 89
0.412363 87
0.411987 87
0.411642 85
0.411149 84
0.410905 84
0.410404 80
0.410059 80
0.409485 79
0.408964 79
0.408568 79
0.408076 79
0.408076 78
0.407863 77
0.407004 77
0.406519 76
0.406008 76
0.405161 74
0.404678 74
0.403936 73
0.403804 73
0.403331 73
0.402976 73
0.402337 72
0.401579 72
0.40124 72
0.400977 71
0.400728 71
0.399473 70
0.398984 69
0.398597 67
0.397832 67
0.39769 67
0.397192 66
0.396826 65
0.396211 65
0.395179 65
0.394465 65
0.394305 64
0.393675 64
0.393421 63
0.392732 62
0.392424 61
0.392055 61
0.3918 61
0.390635 60
0.390141 59
0.3899 58
0.389781 58
0.389267 58
0.388757 57
0.388392 56
0.387784 55
0.386974 53
0.385545 52
0.385202 51
0.384612 51
0.384343 51
0.383847 51
0.383255 51
0.382505 49
0.382387 49
0.381885 49
0.381505 49
0.380393 48
0.380121 48
0.379407 47
0.378872 47
0.378225 47
0.377842 47
0.377333 47
0.377231 46
0.376763 45
0.376385 45
0.375701 45
0.375356 45
0.375103 45
0.374703 44
0.373714 43
0.37232 43
0.371612 41
0.371106 41
0.370637 40
0.370173 39
0.369692 39
0.368562 39
0.367778 38
0.367153 38
0.366526 37
0.365391 37
0.365142 37
0.364126 37
0.363866 37
0.36352 36
0.362987 35
0.362495 35
0.362025 35
0.361763 35
0.361108 35
0.360977 35
0.360442 35
0.359816 35
0.358966 34
0.357945 34
0.357185 34
0.356937 34
0.355906 33
0.354998 33
0.354179 32
0.353687 32
0.353544 32
0.353286 30
0.352625 30
0.351995 30
0.351249 30
0.34976 30
0.348971 30
0.347953 30
0.347454 30
0.346596 30
0.346197 30
0.345823 30
0.34482 30
0.343377 30
0.342742 30
0.341933 28
0.341323 28
0.340566 28
0.33994 28
0.339438 28
0.338112 27
0.337626 27
0.337109 26
0.336338 26
0.336083 25
0.335598 25
0.334954 25
0.334044 25
0.333663 25
0.332761 25
0.332124 25
0.331615 25
0.330837 25
0.330573 25
0.330202 25
0.329276 25
0.328396 25
0.327899 25
0.326639 25
0.326242 25
0.325901 25
0.325378 25
0.324732 25
0.32449 25
0.323746 25
0.323367 25
0.322878 25
0.322489 25
0.321482 25
0.320737 24
0.320464 24
0.319811 24
0.31881 24
0.31855 24
0.318296 24
0.31743 24
0.316982 24
0.315721 23
0.315295 22
0.314301 22
0.313657 22
0.313143 22
0.312494 22
0.311739 22
0.311235 22
0.310314 22
0.309568 22
0.308925 21
0.308372 20
0.307236 20
0.307111 20
0.306384 19
0.305736 18
0.305212 18
0.304708 17
0.303676 17
0.302804 17
0.301762 17
0.301138 17
0.30036 17
0.299102 17
0.298722 16
0.297863 16
0.296985 15
0.29687 15
0.296237 15
0.295363 15
0.294562 15
0.293812 15
0.292675 15
0.291525 15
0.290849 15
0.289947 15
0.289344 15
0.28857 15
0.288288 14
0.28719 14
0.285846 13
0.284912 12
0.284139 12
0.283641 12
0.282864 12
0.281988 12
0.281108 12
0.280577 11
0.279672 11
0.279069 11
0.278563 11
0.278042 11
0.277665 11
0.276547 11
0.275295 11
0.274285 11
0.273469 11
0.272691 11
0.271904 11
0.2711 11
0.270473 11
0.269968 11
0.268596 11
0.267968 11
0.266935 11
0.266197 11
0.266078 11
0.265337 11
0.264829 11
0.264094 11
0.263971 11
0.262803 11
0.261124 11
0.260327 11
0.2592 10
0.258672 10
0.257894 10
0.256513 10
0.255708 9
0.254434 9
0.25394 9
0.252853 8
0.252326 8
0.251291 8
0.25067 8
0.249446 8
0.248053 8
0.247681 8
0.247548 7
0.246396 7
0.245369 6
0.244449 6
0.243843 6
0.243116 6
0.242578 6
0.242204 6
0.241164 6
0.239724 6
0.238018 6
0.237496 6
0.236676 6
0.235679 6
0.235155 6
0.234142 6
0.233614 6
0.233127 6
0.232469 6
0.232053 6
0.231176 6
0.23078 6
0.229766 6
0.228878 6
0.227638 5
0.226495 5
0.225704 5
0.225194 5
0.22419 5
0.223432 5
0.222677 5
0.222025 5
0.221091 5
0.21994 5
0.219305 5
0.218784 5
0.218247 5
0.2175 5
0.216985 5
0.215871 5
0.213922 5
0.213055 5
0.212166 5
0.211535 5
0.2101 5
0.209195 5
0.208681 5
0.20789 5
0.206641 5
0.206272 5
0.20602 5
0.204706 5
0.20417 5
0.203422 5
0.202404 5
0.202138 5
0.200859 5
0.199842 5
0.198792 5
0.198429 5
0.197388 5
0.195994 5
0.195413 5
0.195027 5
0.194633 5
0.194012 5
0.193239 5
0.192195 5
0.191695 5
0.190792 5
0.189149 5
0.188385 5
0.18745 5
0.186351 4
0.185749 4
0.185348 4
0.184851 4
0.183716 4
0.182996 4
0.182207 4
0.180446 3
0.179529 3
0.178654 3
0.177774 3
0.176879 3
0.175996 3
0.175264 3
0.174995 3
0.174066 3
0.173326 3
0.172932 3
0.171913 3
0.171282 3
0.170258 3
0.169356 2
0.168223 2
0.167286 2
0.166921 2
0.166273 2
0.165151 2
0.164641 2
0.164005 2
0.163522 2
0.162807 1
0.162313 1
0.161694 1
0.160963 1
0.160191 1
0.159412 1
0.159065 1
0.158069 1
0.157412 1
0.156385 1
0.155745 1
0.15512 1
0.154113 1
0.152969 1
0.151673 1
0.151006 1
0.150108 1
0.149598 1
0.148839 1
0.148061 1
0.147424 1
0.14693 1
0.146531 1
0.146025 1
0.145368 1
0.144605 1
0.144228 1
0.143204 1
0.142423 1
0.141534 1
0.140775 1
0.140166 1
0.138967 1
0.138322 1
0.137807 1
0.137039 1
0.136432 1
0.136068 1
0.135568 1
0.135048 1
0.134117 1
0.132869 1
0.132363 1
0.131579 1
0.131075 1
0.130594 1
0.129475 1
0.128839 1
0.128078 1
0.127534 1
0.126427 1
0.125796 1
0.125423 1
0.124764 1
0.123973 1
0.123587 1
0.122577 1
0.121672 1
0.121409 1
0.120911 1
0.120446 1
0.119925 1
0.119665 1
0.11926 1
0.118832 1
0.11809 1
0.117594 1
0.11709 1
0.116574 1
0.11622 1
0.115341 1
0.114684 1
0.11407 1
0.113289 1
0.112243 1
0.111842 1
0.111231 1
0.110444 1
0.109569 1
0.108391 1
0.107627 1
0.107387 1
0.106888 1
0.10585 1
0.105202 1
0.104809 1
0.104187 1
0.103697 1
0.103078 1
0.102824 1
0.101929 1
0.101064 1
0.100697 1
0.0999543 1
0.0995751 1
0.0989168 1
0.0980116 1
0.0973307 1
0.0969654 1
0.0967261 1
0.0955569 1
0.0951992 1
0.0944202 1
0.0938971 1
0.0932708 1
0.092482 1
0.0914966 1
0.0907174 1
0.090602 1
0.0901847 1
0.0895874 1
0.0893403 1
0.0889495 1
0.0884467 1
0.0878409 1
0.087328 1
0.0869323 1
0.0861503 1
0.0859008 1
0.0852687 1
0.0848871 1
0.0843671 1
0.0840912 1
0.0833201 1
0.0827936 1
0.0820482 1
0.081786 1
0.0814214 1
0.0806563 1
0.0800096 1
0.07975 1
0.0791273 1
0.0789905 1
0.078235 1
0.0774956 1
0.0768572 1
0.0766092 1
0.076353 1
0.0759645 1
0.075463 1
0.0747049 1
0.0741797 1
0.0739277 1
0.0731649 1
0.0726586 1
0.0720243 1
0.0716482 1
0.071032 1
0.0706519 1
0.0704033 1
0.0700226 1
0.0697749 1
0.0695277 1
0.06902 1
0.0685321 1
0.0682684 1
0.0680174 1
0.0675278 1
0.0670252 1
0.0662003 1
0.0657057 1
0.0653236 1
0.064541 1
0.0642989 1
0.0633985 1
0.0628886 1
0.0624057 1
0.0617512 1
0.0609634 1
0.0606934 1
0.0599401 1
0.0595653 1
0.0589336 1
0.0585533 1
0.0578871 1
0.0572418 1
0.0565817 1
0.0558258 1
0.0554373 1
0.0549065 1
0.0547718 1
0.0543698 1
0.0538583 1
0.0534532 1
0.0528312 1
0.0523133 1
0.0521743 1
0.0512657 1
0.0506272 1
0.0502315 1
0.0495979 1
0.0493356 1
0.0489296 1
0.0487985 1
0.048423 1
0.0475021 1
0.0473794 1
0.0469854 1
0.0464771 1
0.0459584 1
0.0452109 1
0.0445761 1
0.0441981 1
0.044078 1
0.0436059 1
0.0429751 1
0.0424908 1
0.0423555 1
0.0422319 1
0.0421005 1
0.0413158 1
0.0411933 1
0.040949 1
0.0408277 1
0.0403033 1
0.0400542 1
0.0399151 1
0.0395309 1
0.0388873 1
0.0387525 1
0.0383775 1
0.0382503 1
0.0379912 1
0.0372471 1
0.0369864 1
0.0361978 1
0.0360728 1
0.0355775 1
0.0353216 1
0.0347993 1
0.03454 1
0.0339038 1
0.033535 1
0.0334099 1
0.0332884 1
0.0330364 1
0.0329096 1
0.0322658 1
0.0320344 1
0.0318952 1
0.0316339 1
0.0314952 1
0.0313677 1
0.0312443 1
0.030861 1
0.0306109 1
0.0303466 1
0.0301062 1
0.0296173 1
0.0292221 1
0.0289701 1
0.0285909 1
0.0282313 0
0.0281078 0
0.0278432 0
0.0273281 0
0.0270738 0
0.0266966 0
0.0265674 0
0.0262917 0
0.0260404 0
0.0259062 0
0.0257725 0
0.0255067 0
0.0251235 0
0.024865 0
0.0245021 0
0.0243716 0
0.0239885 0
0.0238627 0
0.02335 0
0.0229546 0
0.022825 0
0.0226913 0
0.0224407 0
0.0219389 0
0.0214415 0
0.0213058 0
0.0211713 0
0.020663 0
0.0204022 0
0.0202866 0
0.0201577 0
0.0199003 0
0.0197752 0
0.0196372 0
0.0195062 0
0.0192485 0
0.0191252 0
0.0190007 0
0.0188739 0
0.0187419 0
0.018239 0
0.0178795 0
0.0177477 0
0.0174694 0
0.0172072 0
0.0170826 0
0.0169457 0
0.016536 0
0.0164095 0
0.0160322 0
0.0159102 0
0.0156539 0
0.0155184 0
0.0153932 0
0.0151271 0
0.0149986 0
0.014613 0
0.014487 0
0.0142383 0
0.014096 0
0.0139724 0
0.0137106 0
0.0135762 0
0.0134449 0
0.0133097 0
0.0130638 0
0.0127866 0
0.012659 0
0.0125442 0
0.0124263 0
0.0121647 0
0.0120367 0
0.0119054 0
0.0116674 0
0.0114043 0
0.0111507 0
0.0108855 0
0.0107525 0
0.0106236 0
0.0104944 0
0.010355 0
0.0102262 0
0.0101008 0
0.00997304 0
0.00971938 0
0.0095829 0
0.00944445 0
0.00905771 0
0.00894503 0
0.00873106 0
0.00859855 0
0.00845965 0
0.00833162 0
0.00820763 0
0.0080787 0
0.00794824 0
0.00781902 0
0.0076833 0
0.00742001 0
0.00728577 0
0.00715509 0
0.00701085 0
0.00688318 0
0.00675686 0
0.00663389 0
0.00650857 0
0.00638121 0
0.00624768 0
0.00613084 0
0.0060124 0
0.00587198 0
0.00563261 0
0.00550651 0
0.00537843 0
0.00525728 0
0.00513316 0
0.00501332 0
0.00488152 0
0.00449337 0
0.00436157 0
0.004238 0
0.00397186 0
0.00383837 0
0.00370718 0
0.00357191 0
0.00345057 0
0.00318339 0
0.00305192 0
0.00291761 0
0.00278897 0
0.00253552 0
0.00240656 0
0.00227145 0
0.00215511 0
0.00201666 0
0.00188994 0
0.00163704 0
0.00149726 0
0.00124407 0
0.00111718 0
0.00100941 0
0.000877114 0
0.00075268 0
0.000624375 0
0.000502307 0
0.000374857 0
0.000245358 0
0.000121955 0
0 0
