0.484928 193
0.484788 193
0.484788 192
0.484686 192
0.484561 191
0.484561 190
0.484561 189
0.484428 188
0.484428 187
0.484298 186
0.484172 186
0.484033 186
0.484033 184
0.484033 182
0.484033 181
0.483898 179
0.483787 178
0.483787 177
0.483665 177
0.483562 175
0.483305 175
0.483305 173
0.483139 171
0.483139 170
0.483031 170
0.483031 169
0.4829 167
0.482827 166
0.482827 165
0.482548 162
0.482336 159
0.482208 159
0.482075 158
0.481965 157
0.481332 157
0.481332 156
0.481326 153
0.481203 152
0.480921 149
0.480698 148
0.480553 147
0.480553 145
0.480274 140
0.479903 138
0.479765 137
0.479567 135
0.479325 132
0.478714 130
0.478472 127
0.478472 126
0.478332 124
0.477934 123
0.477712 122
0.477577 120
0.477577 119
0.477565 117
0.477302 117
0.477081 115
0.476917 112
0.476784 111
0.476157 111
0.475937 110
0.475429 109
0.475059 107
0.474818 106
0.474581 104
0.474456 102
0.474224 102
0.473505 101
0.472663 99
0.472381 98
0.47193 96
0.471673 96
0.470955 96
0.470434 96
0.469697 96
0.469566 93
0.468505 92
0.468021 91
0.466986 87
0.465797 85
0.46508 83
0.464828 83
0.464693 82
0.463825 79
0.463023 77
0.462413 76
0.461646 76
0.461015 73
0.460112 71
0.459219 71
0.458082 69
0.457025 68
0.456328 68
0.455547 68
0.45466 66
0.454158 65
0.453705 63
0.452631 61
0.450803 60
0.449517 60
0.448337 58
0.447608 58
0.446615 57
0.445288 56
0.444057 55
0.442712 53
0.44107 51
0.440952 50
0.440053 49
0.43893 47
0.437816 46
0.436801 46
0.435334 46
0.434304 44
0.432949 43
0.431969 42
0.430319 40
0.428599 39
0.426462 39
0.424492 38
0.422779 37
0.421844 37
0.420598 34
0.419334 34
0.417743 34
0.416453 34
0.415133 33
0.412955 33
0.41186 31
0.4102 30
0.409225 29
0.407759 27
0.405702 25
0.405368 24
0.403764 24
0.401962 23
0.400486 22
0.398871 20
0.396838 20
0.394744 20
0.39273 20
0.391042 18
0.389609 18
0.387838 18
0.385644 17
0.384751 17
0.383043 16
0.380916 16
0.37929 16
0.378041 15
0.376522 15
0.374767 14
0.372822 14
0.370576 14
0.369023 14
0.366849 13
0.364722 13
0.362804 12
0.359788 12
0.357975 11
0.355474 11
0.352588 11
0.348669 11
0.346542 11
0.344456 10
0.34298 10
0.340426 10
0.337743 9
0.335684 9
0.333472 9
0.331478 9
0.328701 9
0.325761 9
0.323169 9
0.321643 9
0.318886 9
0.315667 9
0.312089 9
0.309285 9
0.306327 8
0.303194 8
0.301907 8
0.299777 8
0.29652 7
0.293496 7
0.291393 6
0.289196 6
0.287174 6
0.283606 6
0.280655 6
0.27726 4
0.275117 4
0.272107 4
0.26968 4
0.266315 4
0.263097 4
0.259794 4
0.257319 4
0.254252 4
0.251659 4
0.248665 3
0.245106 3
0.242479 3
0.239552 3
0.236219 3
0.232592 3
0.22987 3
0.226903 3
0.223553 3
0.220079 3
0.216832 3
0.213721 3
0.211452 3
0.209108 3
0.205921 3
0.203857 3
0.200936 3
0.197548 3
0.19386 2
0.190638 2
0.187874 2
0.185379 2
0.182528 2
0.179428 2
0.177282 2
0.173869 2
0.17196 2
0.169041 2
0.167218 2
0.164656 2
0.162224 2
0.159427 2
0.15605 2
0.1541 2
0.151804 2
0.148217 2
0.146443 2
0.143868 2
0.141474 1
0.138708 1
0.136132 1
0.133963 1
0.131778 1
0.128913 1
0.126726 1
0.124547 1
0.122453 1
0.119354 1
0.116777 1
0.115521 1
0.113386 1
0.110683 1
0.108618 1
0.105891 0
0.10435 0
0.102819 0
0.1005 0
0.0980374 0
0.095986 0
0.094078 0
0.0918521 0
0.0898413 0
0.0881581 0
0.0851206 0
0.0829483 0
0.0815545 0
0.0801378 0
0.0780925 0
0.0756806 0
0.0730502 0
0.0715122 0
0.0693622 0
0.0681119 0
0.0662101 0
0.0645545 0
0.0632701 0
0.0617476 0
0.0603427 0
0.0590621 0
0.058302 0
0.0563378 0
0.0542769 0
0.0518958 0
0.0505041 0
0.049066 0
0.0476109 0
0.0456761 0
0.0448895 0
0.0425706 0
0.0406573 0
0.0391024 0
0.0367852 0
0.035629 0
0.0344904 0
0.0342334 0
0.0333379 0
0.0317581 0
0.0301743 0
0.0291297 0
0.028108 0
0.0269308 0
0.0258643 0
0.0250831 0
0.0246933 0
0.023902 0
0.0231237 0
0.0220711 0
0.0211752 0
0.0206502 0
0.0202723 0
0.0198831 0
0.0191132 0
0.0185734 0
0.0176863 0
0.0169393 0
0.0163004 0
0.0157631 0
0.015224 0
0.0145636 0
0.013485 0
0.012331 0
0.0122122 0
0.0116958 0
0.0115816 0
0.0114487 0
0.0108343 0
0.0105779 0
0.0103169 0
0.00993171 0
0.00980174 0
0.00912928 0
0.00887645 0
0.00836127 0
0.00784861 0
0.00770867 0
0.007197 0
0.00694218 0
0.00667109 0
0.00627864 0
0.00577203 0
0.00551048 0
0.00509108 0
0.00497242 0
0.00468237 0
0.00455692 0
0.0044346 0
0.00430434 0
0.00391834 0
0.00365155 0
0.00324151 0
0.00298966 0
0.00273523 0
0.00236001 0
0.0021066 0
0.00197192 0
0.00183148 0
0.00169836 0
0.0014528 0
0.00132048 0
0.00118788 0
0.000917829 0
0.000789144 0
0.000662439 0
0.000530045 0
0.000397744 0
0.000264725 0
0.000139603 0
0 0
