0.42615 85
0.42615 84
0.426014 84
0.425889 84
0.425774 83
0.425656 83
0.425539 83
0.425539 82
0.425539 81
0.425409 81
0.425392 80
0.425392 78
0.425281 78
0.425125 78
0.424888 78
0.424554 77
0.424259 74
0.424123 74
0.424001 74
0.423633 73
0.423554 72
0.423286 71
0.422824 70
0.422584 70
0.422252 69
0.422123 67
0.421867 66
0.421744 66
0.421392 66
0.420904 66
0.420767 66
0.420313 65
0.419913 64
0.419785 64
0.419785 63
0.419597 62
0.419211 62
0.41878 60
0.418664 60
0.41818 60
0.417703 60
0.417583 60
0.416962 58
0.416137 58
0.416013 58
0.415573 56
0.415108 55
0.414455 55
0.414106 55
0.413606 55
0.413113 55
0.412363 55
0.411792 55
0.41155 55
0.411408 55
0.41066 54
0.410325 54
0.409466 53
0.409053 53
0.408199 53
0.407535 53
0.4072 51
0.406925 51
0.406194 50
0.405847 49
0.404833 48
0.404087 48
0.40345 48
0.402179 48
0.401196 48
0.400466 47
0.399129 46
0.398112 46
0.396772 45
0.395829 44
0.394333 43
0.39334 43
0.392624 43
0.391895 43
0.39039 41
0.389377 39
0.388303 39
0.387328 39
0.38622 38
0.385423 37
0.384682 37
0.384056 37
0.383109 37
0.381584 37
0.380942 37
0.380112 36
0.37868 36
0.377502 35
0.376356 35
0.37571 34
0.374343 33
0.372892 32
0.371766 32
0.371116 32
0.369775 31
0.368391 31
0.367247 30
0.365612 29
0.364744 28
0.362925 28
0.361413 27
0.359712 27
0.358079 27
0.35682 26
0.355062 25
0.353529 22
0.352492 21
0.350924 21
0.349653 20
0.347351 20
0.34646 20
0.344928 20
0.34292 20
0.34141 18
0.339216 18
0.337333 18
0.335549 17
0.332868 17
0.331303 17
0.330067 17
0.328081 16
0.325681 14
0.322575 14
0.320341 12
0.317962 12
0.316196 12
0.312692 12
0.31117 12
0.308563 12
0.306606 11
0.304714 11
0.302183 11
0.299396 11
0.29776 11
0.295484 11
0.29231 11
0.290426 10
0.287894 9
0.285629 9
0.283731 9
0.282267 9
0.279766 9
0.277261 8
0.27586 8
0.273134 8
0.270395 8
0.268369 8
0.266286 8
0.26476 8
0.263365 8
0.260519 8
0.257886 8
0.255619 8
0.253293 8
0.250631 8
0.248208 8
0.246437 7
0.243571 6
0.24179 6
0.238325 5
0.236061 4
0.232843 4
0.230548 4
0.228658 4
0.226317 4
0.224308 4
0.220672 4
0.218006 4
0.214864 4
0.212509 4
0.209529 4
0.204822 4
0.202369 3
0.200306 3
0.19734 3
0.194589 2
0.192662 2
0.189991 2
0.188336 2
0.185421 2
0.18288 2
0.180218 2
0.177652 2
0.174826 2
0.172282 2
0.169594 2
0.167605 2
0.165767 2
0.163927 2
0.161171 2
0.159249 2
0.157225 2
0.155106 1
0.152383 1
0.150077 1
0.148417 1
0.146839 0
0.144295 0
0.141772 0
0.140069 0
0.137012 0
0.134254 0
0.132627 0
0.130939 0
0.128935 0
0.126861 0
0.124398 0
0.121572 0
0.118499 0
0.116222 0
0.11372 0
0.111852 0
0.110317 0
0.108181 0
0.106111 0
0.103017 0
0.10145 0
0.0999977 0
0.0988689 0
0.0972944 0
0.095976 0
0.094331 0
0.0924502 0
0.0906585 0
0.0884843 0
0.0874628 0
0.0864634 0
0.0855854 0
0.0839445 0
0.0824165 0
0.0812552 0
0.0789175 0
0.0767625 0
0.0748653 0
0.0741109 0
0.0728249 0
0.0708795 0
0.0677449 0
0.0668268 0
0.0656276 0
0.0641007 0
0.0628025 0
0.0615229 0
0.0600008 0
0.0585878 0
0.0574466 0
0.0559176 0
0.054089 0
0.0531814 0
0.0517614 0
0.0502172 0
0.048909 0
0.0476234 0
0.0466141 0
0.045988 0
0.0448435 0
0.0440655 0
0.0426641 0
0.0413568 0
0.0399457 0
0.0382906 0
0.0374972 0
0.0361873 0
0.0350509 0
0.0343906 0
0.0337701 0
0.0332551 0
0.0324689 0
0.0311407 0
0.030258 0
0.0296002 0
0.0278979 0
0.0271327 0
0.0258884 0
0.0252558 0
0.0242026 0
0.0231565 0
0.0225124 0
0.022002 0
0.0217556 0
0.0215066 0
0.0208896 0
0.0201236 0
0.0199938 0
0.0190945 0
0.0188335 0
0.0184376 0
0.0176512 0
0.0170148 0
0.0162379 0
0.0155683 0
0.0147733 0
0.0141309 0
0.0137168 0
0.0130915 0
0.0123415 0
0.0120783 0
0.0116846 0
0.0109115 0
0.0106497 0
0.010133 0
0.00985342 0
0.00958965 0
0.00945608 0
0.00919724 0
0.00855042 0
0.00790836 0
0.00724782 0
0.00712157 0
0.00700598 0
0.00675086 0
0.00661507 0
0.00647368 0
0.00619818 0
0.00594671 0
0.0056802 0
0.00540475 0
0.00502251 0
0.0048947 0
0.00477336 0
0.00465088 0
0.00390092 0
0.00377076 0
0.00311989 0
0.00299008 0
0.00273865 0
0.00260415 0
0.00247857 0
0.00222319 0
0.0020894 0
0.00184077 0
0.00170786 0
0.00158167 0
0.0013171 0
0.00118504 0
0.00092636 0
0.000787969 0
0.000658487 0
0.000521702 0
0.000402937 0
0.000264001 0
0.000127951 0
0 0
