0.178302 1 1.16
0.178109 1 1.35
0.177915 1 1.4
0.177722 1 1.47
0.177529 1 1.48
0.177335 1 1.49
0.177142 1 1.54
0.176948 1 1.55
0.176755 1 1.62
0.176562 1 1.64
0.176368 1 1.66
0.176175 1 1.68
0.175981 1 1.7
0.175595 1 1.78
0.175401 1 1.79
0.175208 1 1.81
0.175015 1 1.83
0.174821 1 1.84
0.174628 1 1.85
0.174434 1 1.87
0.174241 1 1.9
0.174048 1 1.95
0.173661 1 1.99
0.173467 1 2.03
0.173274 1 2.04
0.173081 1 2.07
0.172887 1 2.14
0.172694 1 2.16
0.172307 1 2.18
0.172114 1 2.2
0.17192 1 2.22
0.171534 1 2.23
0.17134 1 2.24
0.170953 1 2.28
0.170567 1 2.3
0.17018 1 2.31
0.169986 1 2.32
0.1696 1 2.33
0.169213 1 2.35
0.168826 1 2.38
0.168633 1 2.39
0.168439 1 2.42
0.167859 1 2.44
0.167666 1 2.45
0.167086 1 2.46
0.166506 1 2.47
0.166312 1 2.48
0.165925 1 2.49
0.164765 1 2.5
0.164572 1 2.51
0.164378 1 2.53
0.163218 1 2.54
0.162638 1 2.55
0.162058 1 2.56
0.161477 1 2.57
0.161284 1 2.58
0.160897 1 2.59
0.160511 1 2.6
0.160317 1 2.61
0.159157 1 2.62
0.158577 1 2.63
0.158383 1 2.65
0.15819 1 2.66
0.157803 1 2.67
0.157416 0 2.68
0.157223 0 2.7
0.15703 0 2.72
0.156836 0 2.73
0.156256 0 2.75
0.155869 0 2.76
0.154902 0 2.77
0.154709 0 2.78
0.153935 0 2.79
0.153549 0 2.8
0.153355 0 2.81
0.152388 0 2.82
0.152002 0 2.83
0.151421 0 2.84
0.150841 0 2.85
0.150648 0 2.86
0.149681 0 2.87
0.149101 0 2.88
0.148907 0 2.89
0.148327 0 2.9
0.14794 0 2.91
0.14736 0 2.92
0.14678 0 2.93
0.146587 0 2.94
0.146393 0 2.95
0.14562 0 2.96
0.14504 0 2.97
0.144073 0 2.98
0.143106 0 2.99
0.142139 0 3
0.141172 0 3.01
0.140012 0 3.02
0.139431 0 3.03
0.138271 0 3.04
0.137691 0 3.05
0.137498 0 3.06
0.137304 0 3.07
0.136724 0 3.08
0.135757 0 3.09
0.135564 0 3.1
0.134597 0 3.11
0.134403 0 3.12
0.133243 0 3.13
0.132083 0 3.14
0.131309 0 3.15
0.130536 0 3.17
0.129956 0 3.18
0.129569 0 3.2
0.129182 0 3.21
0.128795 0 3.22
0.128602 0 3.23
0.128022 0 3.24
0.127055 0 3.26
0.125894 0 3.27
0.124347 0 3.28
0.123187 0 3.29
0.122413 0 3.3
0.121833 0 3.31
0.121447 0 3.32
0.12106 0 3.33
0.119899 0 3.34
0.119513 0 3.36
0.118933 0 3.37
0.118546 0 3.38
0.117772 0 3.39
0.117192 0 3.41
0.116612 0 3.42
0.115645 0 3.43
0.115258 0 3.44
0.114871 0 3.45
0.113518 0 3.46
0.112938 0 3.47
0.112357 0 3.48
0.111777 0 3.49
0.11139 0 3.51
0.111197 0 3.52
0.110424 0 3.53
0.109843 0 3.54
0.109263 0 3.55
0.108683 0 3.56
0.108103 0 3.57
0.107136 0 3.58
0.106362 0 3.59
0.105202 0 3.6
0.104622 0 3.61
0.104429 0 3.62
0.102688 0 3.63
0.101721 0 3.64
0.100948 0 3.65
0.100367 0 3.66
0.100174 0 3.67
0.0990137 0 3.68
0.0988203 0 3.69
0.09766 0 3.7
0.0968865 0 3.71
0.0957262 0 3.72
0.0949526 0 3.73
0.0939857 0 3.74
0.0924386 0 3.75
0.0916651 0 3.76
0.0914717 0 3.77
0.0912783 0 3.78
0.0905047 0 3.79
0.0889576 0 3.8
0.0881841 0 3.81
0.0876039 0 3.82
0.0870238 0 3.83
0.0868304 0 3.84
0.086637 0 3.85
0.0864436 0 3.86
0.0858635 0 3.87
0.0852833 0 3.88
0.084123 0 3.89
0.0831561 0 3.9
0.0827693 0 3.91
0.0823825 0 3.93
0.0819957 0 3.94
0.081609 0 3.95
0.0810288 0 3.96
0.080642 0 3.97
0.0800619 0 3.98
0.0792883 0 3.99
0.0789016 0 4
0.0785148 0 4.01
0.0777412 0 4.02
0.0769677 0 4.03
0.0767743 0 4.04
0.0758074 0 4.05
0.0750338 0 4.06
0.0740669 0 4.07
0.0736801 0 4.08
0.0723264 0 4.09
0.0717463 0 4.1
0.070586 0 4.11
0.069619 0 4.12
0.0692323 0 4.13
0.0684587 0 4.14
0.0676852 0 4.15
0.0659447 0 4.16
0.0651711 0 4.17
0.064591 0 4.18
0.0643976 0 4.19
0.0638174 0 4.2
0.0630439 0 4.21
0.0626571 0 4.22
0.062077 0 4.23
0.0614968 0 4.24
0.0609167 0 4.25
0.0603365 0 4.26
0.0599497 0 4.27
0.0593696 0 4.28
0.0589828 0 4.29
0.058596 0 4.3
0.0584026 0 4.31
0.0572423 0 4.32
0.0562754 0 4.33
0.0558886 0 4.34
0.0549217 0 4.35
0.0547283 0 4.36
0.0545349 0 4.37
0.0539547 0 4.38
0.0529878 0 4.39
0.052601 0 4.4
0.0520209 0 4.41
0.0512473 0 4.42
0.0502804 0 4.43
0.0498936 0 4.44
0.0489267 0 4.45
0.0483465 0 4.46
0.047573 0 4.47
0.0473796 0 4.48
0.0471862 0 4.49
0.0466061 0 4.5
0.0462193 0 4.51
0.0448656 0 4.52
0.0440921 0 4.53
0.0438987 0 4.54
0.0427383 0 4.55
0.041578 0 4.56
0.0411913 0 4.57
0.0398376 0 4.58
0.039064 0 4.59
0.0386772 0 4.6
0.0375169 0 4.61
0.0371301 0 4.62
0.0367434 0 4.64
0.0361632 0 4.65
0.0350029 0 4.66
0.034036 0 4.67
0.0338426 0 4.68
0.033069 0 4.69
0.0326823 0 4.7
0.0324889 0 4.71
0.0321021 0 4.72
0.0319087 0 4.73
0.0309418 0 4.74
0.0301682 0 4.75
0.0299749 0 4.76
0.0297815 0 4.78
0.0293947 0 4.79
0.0290079 0 4.8
0.028041 0 4.81
0.0276542 0 4.82
0.0270741 0 4.83
0.0264939 0 4.84
0.0261071 0 4.85
0.0253336 0 4.86
0.02456 0 4.87
0.0237865 0 4.88
0.0232063 0 4.89
0.023013 0 4.9
0.0222394 0 4.91
0.022046 0 4.92
0.0214659 0 4.93
0.0210791 0 4.94
0.0208857 0 4.95
0.0203056 0 4.96
0.0199188 0 4.97
0.0197254 0 4.98
0.019532 0 4.99
0.0191452 0 5
0.0189518 0 5.01
0.0187585 0 5.03
0.0183717 0 5.05
0.0181783 0 5.07
0.0177915 0 5.08
0.0172114 0 5.09
0.0166312 0 5.1
0.0164378 0 5.11
0.0158577 0 5.12
0.0154709 0 5.13
0.0152775 0 5.14
0.0150841 0 5.15
0.0146974 0 5.16
0.0143106 0 5.17
0.0139238 0 5.18
0.0137304 0 5.19
0.0129569 0 5.2
0.0127635 0 5.21
0.0125701 0 5.23
0.0123767 0 5.24
0.0121833 0 5.26
0.0119899 0 5.3
0.0116032 0 5.31
0.0114098 0 5.32
0.0112164 0 5.35
0.011023 0 5.37
0.0108296 0 5.39
0.0106362 0 5.4
0.0102495 0 5.44
0.0098627 0 5.45
0.00966931 0 5.46
0.00908915 0 5.49
0.00889576 0 5.53
0.00870238 0 5.55
0.00831561 0 5.56
0.00792883 0 5.57
0.00773545 0 5.66
0.00734868 0 5.68
0.00715529 0 5.69
0.0069619 0 5.71
0.00676852 0 5.72
0.00657513 0 5.73
0.00638174 0 5.77
0.00618836 0 5.78
0.00599497 0 5.81
0.00580159 0 5.82
0.0056082 0 5.85
0.00541481 0 5.88
0.00522143 0 5.91
0.00483465 0 5.96
0.00464127 0 5.98
0.00444788 0 6.06
0.0042545 0 6.07
0.00406111 0 6.1
0.00386772 0 6.11
0.00367434 0 6.13
0.00328757 0 6.15
0.00290079 0 6.16
0.00270741 0 6.2
0.00251402 0 6.28
0.00212725 0 6.29
0.00193386 0 6.32
0.00174048 0 6.37
0.00154709 0 6.43
0.0013537 0 6.46
0.00116032 0 6.51
0.000966931 0 6.53
0.000773545 0 6.61
0.000580159 0 6.67
0.000386772 0 7.1
0.000193386 0 7.51
0 0 1.79769e+308
