0.693096 571 -1.41
0.693096 570 -0.86
0.692903 570 -0.58
0.692903 569 -0.46
0.692903 568 -0.38
0.692903 567 -0.28
0.692709 567 -0.21
0.692709 566 -0.17
0.692709 565 -0.13
0.692709 564 0.02
0.692516 564 0.06
0.692516 563 0.23
0.692516 562 0.27
0.692516 561 0.32
0.692516 560 0.34
0.692516 559 0.35
0.692323 559 0.37
0.692323 558 0.39
0.692323 556 0.4
0.692323 555 0.41
0.692323 554 0.42
0.692323 553 0.43
0.692129 553 0.46
0.691936 553 0.47
0.691936 551 0.55
0.691936 550 0.57
0.691742 549 0.61
0.691742 547 0.64
0.691742 546 0.66
0.691549 546 0.71
0.691549 545 0.73
0.691549 544 0.74
0.691549 543 0.76
0.691549 541 0.77
0.691549 540 0.8
0.691549 539 0.81
0.691549 538 0.82
0.691356 538 0.83
0.691162 538 0.84
0.691162 537 0.87
0.691162 536 0.88
0.690969 536 0.9
0.690775 536 0.91
0.690775 535 0.92
0.690775 534 0.93
0.690775 533 0.94
0.690775 532 0.95
0.690775 531 0.98
0.690775 530 1.01
0.690582 527 1.02
0.690582 526 1.05
0.690582 524 1.07
0.690582 523 1.08
0.690582 522 1.11
0.690389 521 1.19
0.690389 519 1.21
0.690195 519 1.22
0.690002 518 1.23
0.690002 517 1.25
0.690002 515 1.26
0.690002 513 1.27
0.690002 512 1.28
0.690002 511 1.29
0.689615 511 1.3
0.689422 509 1.31
0.689422 508 1.32
0.689228 506 1.34
0.689228 503 1.35
0.689228 501 1.37
0.689228 500 1.38
0.689035 499 1.4
0.689035 498 1.41
0.689035 497 1.42
0.688842 497 1.43
0.688842 494 1.45
0.688842 492 1.46
0.688648 489 1.48
0.688648 488 1.49
0.688648 487 1.5
0.688261 487 1.52
0.688261 484 1.54
0.688261 483 1.55
0.688261 481 1.56
0.688068 480 1.57
0.688068 479 1.58
0.687875 478 1.59
0.687875 477 1.62
0.687681 477 1.64
0.687681 475 1.65
0.687488 474 1.69
0.687295 473 1.7
0.686908 471 1.71
0.686908 470 1.72
0.686908 469 1.73
0.686908 468 1.74
0.686714 467 1.75
0.686714 465 1.79
0.686714 464 1.81
0.686521 461 1.84
0.686521 459 1.85
0.686521 457 1.86
0.686521 456 1.87
0.686328 455 1.88
0.686328 454 1.91
0.686328 453 1.93
0.686328 450 1.95
0.686328 448 1.96
0.686328 446 1.97
0.686134 446 1.99
0.685747 446 2
0.685747 445 2.01
0.685747 444 2.02
0.685747 443 2.03
0.685554 443 2.04
0.685554 441 2.05
0.685361 439 2.06
0.685361 436 2.07
0.685361 435 2.09
0.684974 435 2.11
0.684974 434 2.12
0.684974 433 2.13
0.684974 432 2.14
0.684974 430 2.15
0.684974 429 2.16
0.684974 427 2.17
0.684781 427 2.18
0.684587 426 2.19
0.684394 426 2.2
0.684394 424 2.21
0.684007 421 2.22
0.683814 421 2.23
0.68362 419 2.24
0.683427 418 2.25
0.683233 418 2.26
0.683233 416 2.27
0.68304 413 2.28
0.682847 413 2.29
0.682847 412 2.31
0.682847 410 2.32
0.682653 409 2.33
0.682266 408 2.34
0.681686 406 2.36
0.681686 404 2.37
0.681686 402 2.38
0.681686 401 2.39
0.681686 399 2.4
0.681686 398 2.42
0.681493 398 2.43
0.681106 397 2.45
0.681106 396 2.46
0.681106 395 2.47
0.680913 392 2.48
0.680526 389 2.49
0.680139 388 2.5
0.680139 387 2.51
0.680139 385 2.52
0.679946 384 2.53
0.679946 383 2.54
0.679752 380 2.55
0.679752 379 2.56
0.679752 377 2.58
0.679752 376 2.6
0.679752 374 2.61
0.679752 373 2.62
0.679172 372 2.65
0.679172 370 2.66
0.678979 369 2.67
0.678786 369 2.69
0.678399 367 2.7
0.678012 365 2.71
0.677625 365 2.73
0.677432 365 2.74
0.677432 361 2.75
0.677432 359 2.76
0.677238 356 2.78
0.676852 353 2.79
0.676078 350 2.81
0.675885 349 2.83
0.675691 348 2.84
0.675305 348 2.86
0.675305 344 2.87
0.675305 342 2.88
0.674918 342 2.89
0.674724 341 2.9
0.674724 339 2.92
0.674338 339 2.93
0.674144 337 2.94
0.673951 337 2.98
0.673371 336 2.99
0.673177 333 3
0.672984 331 3.01
0.672984 330 3.03
0.672791 329 3.04
0.672597 327 3.05
0.672597 325 3.06
0.672597 324 3.07
0.67221 323 3.08
0.671824 319 3.09
0.67163 317 3.1
0.67163 316 3.11
0.67163 314 3.12
0.671437 313 3.13
0.671437 312 3.14
0.671437 311 3.15
0.671243 310 3.17
0.670857 309 3.18
0.67047 309 3.19
0.670083 305 3.2
0.669696 305 3.21
0.669696 304 3.22
0.669696 303 3.23
0.669503 302 3.24
0.66931 301 3.25
0.668923 301 3.26
0.668729 301 3.27
0.668536 301 3.28
0.668536 300 3.29
0.668149 300 3.3
0.667956 300 3.31
0.667763 298 3.32
0.667569 298 3.33
0.666989 298 3.34
0.666796 298 3.35
0.666796 297 3.36
0.666602 297 3.37
0.666409 294 3.38
0.666022 294 3.39
0.666022 293 3.4
0.665635 293 3.41
0.665249 292 3.42
0.664668 290 3.43
0.664475 288 3.44
0.664475 284 3.45
0.664088 283 3.47
0.663701 277 3.48
0.663701 276 3.49
0.663508 276 3.5
0.663121 275 3.51
0.663121 273 3.52
0.663121 271 3.53
0.662928 271 3.54
0.662928 270 3.55
0.662734 269 3.56
0.662541 266 3.57
0.662541 265 3.58
0.662541 263 3.59
0.661961 262 3.6
0.661961 259 3.61
0.661574 258 3.62
0.661574 257 3.63
0.661381 253 3.64
0.660994 251 3.65
0.660414 250 3.66
0.660414 248 3.67
0.65964 247 3.68
0.659447 246 3.69
0.659254 244 3.7
0.658287 243 3.71
0.657513 242 3.72
0.656933 239 3.73
0.65674 237 3.74
0.656353 234 3.76
0.656159 234 3.77
0.655966 233 3.78
0.655773 233 3.79
0.655579 231 3.8
0.655192 231 3.81
0.654999 231 3.82
0.654419 231 3.83
0.654225 230 3.84
0.654032 230 3.85
0.653452 229 3.86
0.653259 226 3.88
0.653065 225 3.89
0.653065 223 3.9
0.652872 223 3.91
0.652292 221 3.92
0.651905 221 3.93
0.651905 220 3.94
0.651518 219 3.95
0.651325 217 3.96
0.651325 216 3.97
0.650938 212 3.98
0.650551 211 3.99
0.649971 210 4
0.649778 206 4.01
0.649778 203 4.02
0.649391 201 4.03
0.649197 199 4.04
0.648617 197 4.05
0.648231 197 4.06
0.648037 196 4.07
0.647457 194 4.08
0.64707 192 4.09
0.646877 190 4.1
0.646297 189 4.11
0.646103 187 4.12
0.645716 185 4.13
0.645523 185 4.14
0.64533 181 4.15
0.644169 181 4.16
0.643783 180 4.17
0.643589 179 4.18
0.643202 178 4.2
0.642622 177 4.21
0.642042 176 4.22
0.641269 176 4.23
0.640882 176 4.24
0.640302 174 4.25
0.639722 170 4.28
0.639141 168 4.29
0.638368 168 4.3
0.638174 168 4.31
0.637594 168 4.32
0.637014 168 4.33
0.636627 167 4.34
0.636047 166 4.37
0.63566 165 4.38
0.634693 164 4.39
0.63392 163 4.4
0.633533 163 4.41
0.633146 163 4.42
0.63276 163 4.43
0.631986 163 4.44
0.631599 163 4.45
0.631213 162 4.46
0.630826 160 4.47
0.630439 160 4.48
0.630439 159 4.49
0.630052 159 4.5
0.629665 157 4.51
0.629472 155 4.52
0.629085 153 4.53
0.627925 153 4.54
0.627538 153 4.55
0.626958 152 4.56
0.626378 152 4.57
0.626184 152 4.58
0.625798 152 4.59
0.625411 152 4.6
0.625218 151 4.61
0.624444 150 4.62
0.62367 148 4.63
0.622897 148 4.64
0.622317 148 4.65
0.621156 147 4.66
0.62077 145 4.67
0.620576 145 4.68
0.62019 144 4.69
0.619609 142 4.7
0.619223 138 4.71
0.618256 137 4.72
0.618062 137 4.73
0.617482 137 4.74
0.616902 137 4.75
0.615935 137 4.76
0.615742 137 4.77
0.614968 135 4.78
0.614775 135 4.79
0.614581 135 4.8
0.614195 133 4.81
0.613421 131 4.82
0.613034 130 4.83
0.612841 130 4.84
0.612454 130 4.85
0.612067 127 4.86
0.611487 126 4.87
0.610907 126 4.88
0.61052 126 4.89
0.61052 125 4.9
0.610133 125 4.91
0.60994 124 4.93
0.609553 124 4.94
0.609167 121 4.95
0.608586 119 4.96
0.6082 118 4.97
0.607813 118 4.98
0.607426 117 4.99
0.607039 117 5
0.606072 117 5.01
0.605492 116 5.02
0.604912 116 5.03
0.604332 115 5.04
0.604138 111 5.05
0.603365 111 5.06
0.603365 110 5.07
0.602591 110 5.08
0.602011 110 5.09
0.601624 109 5.1
0.601238 108 5.11
0.600271 108 5.12
0.599304 108 5.13
0.59853 108 5.14
0.59795 108 5.15
0.59737 108 5.16
0.596016 106 5.17
0.594276 106 5.18
0.594082 106 5.19
0.593115 106 5.2
0.592342 104 5.21
0.591762 104 5.22
0.591182 104 5.23
0.590795 103 5.24
0.589828 102 5.25
0.589248 100 5.26
0.588668 100 5.27
0.588281 98 5.28
0.587507 97 5.29
0.58712 97 5.3
0.586347 92 5.31
0.58596 92 5.32
0.585187 91 5.33
0.584413 91 5.34
0.583833 91 5.35
0.582866 91 5.36
0.582866 90 5.37
0.582479 89 5.38
0.580932 89 5.39
0.580352 88 5.4
0.579578 88 5.41
0.578418 86 5.42
0.577258 86 5.43
0.576291 85 5.44
0.576097 85 5.45
0.575324 85 5.46
0.574164 85 5.47
0.57339 84 5.48
0.57223 84 5.49
0.571456 84 5.5
0.571069 83 5.51
0.570876 83 5.52
0.568942 82 5.53
0.568169 81 5.54
0.567588 79 5.55
0.566428 79 5.56
0.566235 79 5.57
0.565461 78 5.58
0.564881 77 5.59
0.564108 76 5.6
0.562367 75 5.61
0.5614 75 5.62
0.561013 74 5.63
0.560046 74 5.64
0.559853 73 5.65
0.558886 72 5.66
0.558499 71 5.67
0.558113 71 5.68
0.557726 71 5.69
0.555985 70 5.7
0.555405 69 5.71
0.555212 68 5.72
0.555018 68 5.73
0.554245 68 5.74
0.553278 66 5.75
0.552698 66 5.76
0.551537 65 5.77
0.55057 63 5.79
0.548637 62 5.8
0.54825 61 5.81
0.547476 60 5.82
0.54709 60 5.83
0.546316 60 5.84
0.545542 59 5.85
0.544382 57 5.86
0.543995 57 5.87
0.543222 57 5.88
0.542835 57 5.89
0.540708 56 5.9
0.540128 56 5.91
0.539161 55 5.92
0.538581 55 5.93
0.537614 55 5.94
0.537033 55 5.95
0.536067 55 5.96
0.53568 54 5.97
0.534906 53 5.98
0.534326 53 5.99
0.533166 52 6
0.532586 52 6.01
0.532005 52 6.02
0.531619 51 6.03
0.530265 50 6.04
0.528138 50 6.05
0.527171 48 6.06
0.526204 48 6.07
0.525237 47 6.08
0.52427 47 6.09
0.523496 47 6.1
0.521949 47 6.11
0.520789 46 6.12
0.519822 46 6.13
0.518855 45 6.14
0.517115 45 6.15
0.516728 45 6.16
0.515181 45 6.17
0.514601 45 6.18
0.51402 43 6.19
0.513247 41 6.2
0.512473 40 6.21
0.5117 40 6.22
0.511506 40 6.23
0.51054 40 6.24
0.510346 40 6.25
0.509573 40 6.26
0.508799 39 6.27
0.507445 38 6.28
0.506285 38 6.29
0.505125 38 6.3
0.504738 38 6.31
0.503191 37 6.32
0.501644 37 6.33
0.500483 36 6.34
0.499903 36 6.35
0.49971 36 6.36
0.499323 34 6.37
0.498356 34 6.38
0.497583 34 6.39
0.496422 34 6.4
0.493908 34 6.41
0.492748 34 6.42
0.491201 34 6.43
0.490427 34 6.44
0.489267 34 6.45
0.488494 34 6.46
0.487913 34 6.47
0.486173 34 6.48
0.484046 34 6.49
0.483272 34 6.5
0.481918 31 6.51
0.480951 31 6.52
0.479404 31 6.53
0.478824 31 6.54
0.478244 31 6.55
0.476697 30 6.56
0.476117 30 6.57
0.475537 30 6.58
0.47457 30 6.59
0.474183 29 6.6
0.473409 28 6.61
0.472249 28 6.62
0.470895 28 6.63
0.470122 28 6.64
0.468962 28 6.65
0.467995 28 6.66
0.467221 28 6.67
0.466061 28 6.68
0.465674 28 6.69
0.4649 28 6.7
0.463547 28 6.71
0.462386 28 6.72
0.461613 28 6.73
0.459872 28 6.74
0.459292 28 6.75
0.459099 28 6.76
0.458132 28 6.77
0.457165 28 6.78
0.456778 28 6.79
0.455618 28 6.8
0.455038 28 6.81
0.454264 28 6.82
0.454071 28 6.83
0.452717 28 6.84
0.451944 27 6.85
0.451557 27 6.86
0.450783 27 6.87
0.44943 27 6.88
0.449043 27 6.89
0.448463 27 6.9
0.447109 27 6.91
0.446142 27 6.92
0.444788 26 6.93
0.444015 25 6.94
0.442274 25 6.95
0.441307 25 6.96
0.440534 25 6.97
0.43976 25 6.98
0.4386 25 6.99
0.437826 25 7
0.436279 25 7.01
0.435312 25 7.02
0.434345 25 7.03
0.433572 24 7.04
0.432025 24 7.05
0.431831 24 7.06
0.430671 23 7.07
0.429898 22 7.08
0.429317 21 7.09
0.428931 20 7.1
0.427383 20 7.11
0.426417 20 7.12
0.424869 20 7.13
0.423903 20 7.14
0.422742 20 7.15
0.420808 20 7.16
0.420228 19 7.17
0.419068 19 7.18
0.417908 18 7.2
0.416941 18 7.21
0.4152 18 7.22
0.413846 18 7.23
0.41288 18 7.24
0.411332 18 7.25
0.409979 18 7.26
0.409205 18 7.27
0.407851 18 7.28
0.406885 18 7.29
0.405724 18 7.3
0.405337 17 7.31
0.403984 16 7.32
0.40205 15 7.33
0.400696 14 7.34
0.399342 14 7.35
0.398569 14 7.36
0.397215 14 7.37
0.395862 14 7.38
0.394701 14 7.39
0.393734 13 7.4
0.392574 13 7.41
0.391414 13 7.42
0.391027 13 7.43
0.390447 13 7.44
0.389673 13 7.45
0.388126 13 7.46
0.386579 13 7.47
0.385032 13 7.48
0.383872 13 7.49
0.382905 13 7.5
0.381744 13 7.51
0.380584 13 7.52
0.379617 13 7.53
0.378844 13 7.54
0.377103 12 7.55
0.37633 12 7.56
0.374976 12 7.57
0.373816 12 7.58
0.373622 12 7.59
0.372655 12 7.6
0.372075 12 7.61
0.370915 12 7.62
0.370721 12 7.63
0.369368 12 7.64
0.367047 12 7.65
0.365887 12 7.66
0.364146 11 7.67
0.363566 11 7.68
0.362406 11 7.69
0.360665 11 7.7
0.359312 10 7.71
0.357764 10 7.72
0.356991 10 7.73
0.355637 9 7.74
0.354864 9 7.75
0.353123 9 7.76
0.352156 9 7.77
0.350222 9 7.78
0.348095 9 7.79
0.347708 9 7.8
0.347322 8 7.81
0.346161 8 7.82
0.344614 7 7.83
0.343454 7 7.84
0.342294 7 7.85
0.341133 7 7.86
0.34036 7 7.87
0.33978 7 7.88
0.338232 7 7.89
0.336492 7 7.9
0.333978 7 7.91
0.333204 7 7.92
0.332044 7 7.93
0.330497 7 7.94
0.329723 7 7.95
0.328176 7 7.96
0.32779 7 7.97
0.327403 6 7.98
0.326629 6 7.99
0.326049 6 8
0.324695 6 8.01
0.324309 6 8.02
0.322762 6 8.03
0.321795 6 8.04
0.320054 5 8.05
0.318507 5 8.06
0.31754 5 8.07
0.316767 5 8.08
0.315219 5 8.09
0.314059 5 8.1
0.313479 5 8.11
0.312512 5 8.12
0.311158 5 8.13
0.309418 5 8.14
0.308451 5 8.15
0.307484 5 8.16
0.307097 5 8.17
0.306324 5 8.18
0.305937 5 8.19
0.304003 5 8.2
0.301489 5 8.21
0.300135 5 8.22
0.298975 4 8.23
0.298008 4 8.24
0.296074 4 8.25
0.294914 4 8.26
0.29414 4 8.27
0.292593 4 8.28
0.290659 4 8.29
0.290079 4 8.3
0.289693 4 8.31
0.288145 4 8.32
0.287952 4 8.33
0.286792 4 8.34
0.285051 4 8.35
0.284471 4 8.36
0.282924 4 8.37
0.28157 4 8.38
0.280023 4 8.39
0.279443 4 8.4
0.277896 4 8.41
0.275769 4 8.42
0.274802 4 8.43
0.274222 4 8.44
0.273641 4 8.45
0.272675 4 8.46
0.271514 4 8.47
0.269967 4 8.48
0.269387 4 8.49
0.26842 4 8.5
0.266293 4 8.51
0.265132 4 8.52
0.263972 4 8.53
0.262232 3 8.54
0.261071 3 8.55
0.260685 3 8.56
0.259911 3 8.57
0.258557 3 8.58
0.257397 3 8.59
0.256237 3 8.6
0.253916 2 8.61
0.252949 2 8.62
0.251789 2 8.63
0.250242 2 8.64
0.248695 2 8.65
0.247534 2 8.66
0.246567 2 8.67
0.246181 2 8.68
0.244827 2 8.69
0.24386 2 8.7
0.243473 2 8.71
0.241926 2 8.72
0.240959 2 8.73
0.239605 2 8.74
0.238058 2 8.75
0.236318 2 8.76
0.234964 2 8.77
0.234384 2 8.78
0.233611 2 8.79
0.232063 2 8.8
0.23129 2 8.81
0.230323 2 8.82
0.229549 2 8.83
0.228389 2 8.84
0.227616 2 8.85
0.226842 2 8.86
0.225682 2 8.87
0.224715 2 8.88
0.223748 2 8.89
0.223168 2 8.9
0.221621 2 8.91
0.220654 2 8.92
0.2193 2 8.93
0.218333 2 8.94
0.217173 2 8.95
0.215626 2 8.96
0.213885 2 8.97
0.212145 2 8.98
0.211371 2 8.99
0.209824 2 9
0.20905 2 9.01
0.20789 2 9.02
0.20673 2 9.03
0.205763 2 9.04
0.204989 2 9.05
0.204409 2 9.06
0.203636 2 9.07
0.202862 2 9.08
0.201702 2 9.09
0.201122 2 9.1
0.199961 2 9.11
0.198801 2 9.12
0.197447 2 9.13
0.196287 2 9.14
0.19532 2 9.15
0.19358 2 9.16
0.192999 2 9.17
0.192032 2 9.18
0.190872 2 9.19
0.189905 2 9.2
0.189132 2 9.21
0.188358 2 9.22
0.187778 2 9.23
0.186618 2 9.24
0.184684 2 9.25
0.183717 2 9.26
0.182557 2 9.27
0.181976 2 9.28
0.181203 2 9.29
0.179849 2 9.3
0.179076 2 9.31
0.177915 2 9.32
0.177142 2 9.33
0.175401 2 9.34
0.174241 2 9.35
0.173661 2 9.36
0.172694 2 9.37
0.17134 2 9.38
0.17076 2 9.39
0.169406 2 9.4
0.168246 2 9.41
0.167859 2 9.42
0.167086 2 9.43
0.166312 2 9.44
0.165539 2 9.45
0.164958 2 9.46
0.164765 2 9.47
0.164378 2 9.48
0.163411 2 9.49
0.162638 2 9.5
0.161864 2 9.51
0.161091 2 9.52
0.160511 2 9.53
0.159544 2 9.54
0.158577 2 9.55
0.15761 2 9.56
0.156449 2 9.57
0.154902 2 9.58
0.154709 2 9.59
0.153742 2 9.6
0.152582 2 9.61
0.151615 2 9.62
0.150068 2 9.63
0.148907 2 9.64
0.148521 2 9.65
0.14794 2 9.66
0.146587 2 9.67
0.14562 2 9.68
0.14504 2 9.69
0.143879 2 9.7
0.143299 2 9.71
0.142332 2 9.72
0.141945 2 9.73
0.140592 2 9.74
0.139238 2 9.75
0.138658 2 9.76
0.137498 2 9.77
0.136917 2 9.78
0.136144 2 9.79
0.13479 2 9.8
0.134017 2 9.81
0.133436 2 9.82
0.13305 2 9.83
0.131116 2 9.84
0.130342 2 9.85
0.129375 2 9.86
0.128602 2 9.87
0.127635 2 9.88
0.126668 2 9.89
0.125508 2 9.9
0.124347 2 9.91
0.124154 2 9.92
0.123961 2 9.93
0.122994 2 9.94
0.122607 2 9.95
0.122413 2 9.96
0.12164 2 9.97
0.120866 2 9.98
0.120286 1 9.99
0.119706 1 10
0.118739 1 10.01
0.118352 1 10.02
0.117385 1 10.03
0.116999 1 10.04
0.116225 1 10.05
0.115838 1 10.06
0.115065 1 10.07
0.114485 1 10.08
0.113324 1 10.09
0.112938 1 10.1
0.112357 1 10.11
0.111197 1 10.12
0.110617 1 10.13
0.11023 1 10.14
0.109263 1 10.15
0.10907 1 10.16
0.108103 1 10.17
0.107136 1 10.18
0.106169 1 10.19
0.105782 1 10.21
0.105202 1 10.22
0.104429 1 10.23
0.103268 1 10.24
0.102495 1 10.25
0.102108 1 10.26
0.101334 1 10.27
0.100561 1 10.28
0.0997873 1 10.29
0.0992071 1 10.3
0.0982402 1 10.31
0.09766 1 10.32
0.0974666 1 10.33
0.0968865 1 10.35
0.0964997 1 10.37
0.0963063 1 10.38
0.0957262 1 10.39
0.0949526 1 10.4
0.0945658 1 10.41
0.0941791 1 10.42
0.0935989 1 10.43
0.0930188 1 10.44
0.0918584 1 10.45
0.0910849 1 10.46
0.0905047 1 10.47
0.0897312 1 10.48
0.0893444 1 10.49
0.0879907 1 10.5
0.0872172 1 10.51
0.086637 1 10.52
0.0856701 1 10.53
0.0848965 1 10.54
0.084123 1 10.55
0.0829627 1 10.56
0.0823825 1 10.58
0.081609 1 10.59
0.0810288 1 10.6
0.0800619 1 10.61
0.0792883 1 10.62
0.0783214 1 10.63
0.0769677 1 10.64
0.0763875 1 10.65
0.075614 1 10.66
0.0754206 1 10.67
0.0748405 1 10.68
0.0742603 1 10.69
0.0736801 1 10.7
0.0729066 1 10.71
0.072133 1 10.72
0.0719397 1 10.73
0.0707793 1 10.74
0.0698124 1 10.75
0.0694256 1 10.77
0.0686521 1 10.78
0.0682653 1 10.79
0.0678786 1 10.8
0.0676852 1 10.81
0.0672984 1 10.82
0.0661381 1 10.83
0.0659447 1 10.84
0.0653645 1 10.85
0.064591 1 10.86
0.0640108 1 10.87
0.0630439 1 10.88
0.062077 1 10.89
0.0614968 1 10.9
0.0613034 1 10.91
0.0607233 1 10.92
0.0597563 1 10.93
0.0589828 1 10.94
0.0587894 1 10.95
0.058596 1 10.96
0.0584026 1 10.97
0.0572423 1 10.98
0.0570489 1 10.99
0.0566622 1 11
0.0564688 1 11.01
0.0556952 1 11.02
0.0553085 1 11.04
0.0545349 1 11.05
0.0539547 1 11.07
0.0537614 1 11.08
0.0533746 1 11.09
0.0531812 1 11.1
0.0527944 1 11.11
0.0516341 1 11.12
0.0512473 1 11.13
0.050087 1 11.14
0.0498936 1 11.15
0.0493135 1 11.16
0.0489267 1 11.17
0.0481532 1 11.18
0.0477664 1 11.19
0.0467995 1 11.2
0.0462193 1 11.21
0.0460259 1 11.22
0.0458325 1 11.23
0.0452524 1 11.24
0.045059 1 11.25
0.0442854 1 11.26
0.0437053 1 11.28
0.0433185 1 11.29
0.0431251 1 11.3
0.0429317 1 11.32
0.0427383 1 11.33
0.042545 1 11.34
0.0421582 1 11.35
0.0417714 1 11.36
0.0413846 1 11.37
0.0408045 1 11.38
0.0402243 1 11.39
0.0398376 1 11.41
0.0394508 1 11.42
0.0392574 0 11.43
0.039064 0 11.44
0.0386772 0 11.45
0.0380971 0 11.47
0.0377103 0 11.48
0.0371301 0 11.49
0.0369368 0 11.5
0.03655 0 11.51
0.0361632 0 11.52
0.0359698 0 11.53
0.0357764 0 11.54
0.0355831 0 11.55
0.0350029 0 11.56
0.0346161 0 11.57
0.034036 0 11.58
0.0338426 0 11.59
0.0334558 0 11.6
0.0332624 0 11.61
0.0324889 0 11.62
0.0321021 0 11.63
0.0319087 0 11.64
0.0317153 0 11.66
0.0313286 0 11.67
0.030555 0 11.68
0.0297815 0 11.69
0.0295881 0 11.72
0.0290079 0 11.73
0.0286212 0 11.74
0.0284278 0 11.76
0.028041 0 11.77
0.0278476 0 11.78
0.0276542 0 11.8
0.0274608 0 11.81
0.0270741 0 11.82
0.0268807 0 11.83
0.0266873 0 11.84
0.0264939 0 11.85
0.0263005 0 11.87
0.025527 0 11.88
0.0249468 0 11.89
0.0247534 0 11.9
0.0243667 0 11.91
0.0241733 0 11.93
0.0239799 0 11.95
0.0233997 0 11.96
0.0232063 0 11.97
0.0226262 0 11.98
0.0224328 0 12
0.022046 0 12.02
0.0218526 0 12.03
0.0216593 0 12.05
0.0214659 0 12.06
0.0212725 0 12.07
0.0206923 0 12.08
0.0204989 0 12.09
0.0201122 0 12.11
0.0199188 0 12.12
0.0197254 0 12.13
0.019532 0 12.16
0.0193386 0 12.17
0.0191452 0 12.18
0.0189518 0 12.2
0.0185651 0 12.21
0.0181783 0 12.22
0.0179849 0 12.23
0.0177915 0 12.27
0.0174048 0 12.28
0.017018 0 12.29
0.0168246 0 12.3
0.0166312 0 12.31
0.0162444 0 12.32
0.0158577 0 12.34
0.0154709 0 12.35
0.0150841 0 12.36
0.0148907 0 12.38
0.0146974 0 12.39
0.014504 0 12.41
0.0143106 0 12.42
0.0141172 0 12.43
0.0139238 0 12.44
0.0137304 0 12.45
0.013537 0 12.5
0.0133436 0 12.51
0.0131503 0 12.54
0.0125701 0 12.56
0.0123767 0 12.59
0.0119899 0 12.61
0.0117966 0 12.63
0.0116032 0 12.65
0.0114098 0 12.68
0.0112164 0 12.69
0.011023 0 12.71
0.0108296 0 12.74
0.0106362 0 12.75
0.0102495 0 12.77
0.0100561 0 12.78
0.0098627 0 12.79
0.00966931 0 12.82
0.00947592 0 12.83
0.00928254 0 12.85
0.00908915 0 12.87
0.00889576 0 12.89
0.00870238 0 12.91
0.00850899 0 12.92
0.00831561 0 12.93
0.00812222 0 12.95
0.00792883 0 12.99
0.00754206 0 13
0.00734868 0 13.05
0.00715529 0 13.07
0.0069619 0 13.08
0.00676852 0 13.09
0.00657513 0 13.1
0.00599497 0 13.12
0.00580159 0 13.14
0.0056082 0 13.15
0.00522143 0 13.18
0.00502804 0 13.21
0.00483465 0 13.22
0.00464127 0 13.24
0.00444788 0 13.28
0.00406111 0 13.29
0.00386772 0 13.33
0.00367434 0 13.34
0.00328757 0 13.37
0.00309418 0 13.38
0.00290079 0 13.41
0.00270741 0 13.43
0.00251402 0 13.47
0.00232063 0 13.56
0.00193386 0 13.66
0.00174048 0 13.71
0.00154709 0 13.72
0.0013537 0 13.73
0.00116032 0 13.94
0.000966931 0 14.06
0.000773545 0 14.17
0.000580159 0 14.18
0.000386772 0 15.06
0.000193386 0 16.05
0 0 1.79769e+308
