0.676852 203 -0.36
0.676658 203 -0.06
0.676658 202 0.3
0.676465 202 0.37
0.676272 202 0.44
0.676272 201 0.48
0.676272 200 0.53
0.676272 199 0.56
0.676272 198 0.57
0.676078 197 0.69
0.676078 196 0.85
0.675885 196 0.86
0.675885 195 0.91
0.675691 195 0.95
0.675498 195 0.96
0.675498 194 0.97
0.675305 193 1.02
0.675305 192 1.03
0.675111 192 1.04
0.674918 192 1.06
0.674918 191 1.09
0.674724 191 1.1
0.674724 190 1.14
0.674724 189 1.17
0.674724 188 1.18
0.674531 188 1.25
0.674531 187 1.27
0.674531 186 1.31
0.674531 185 1.38
0.674531 184 1.4
0.674338 184 1.48
0.674338 183 1.55
0.674338 182 1.57
0.674144 182 1.6
0.673951 182 1.64
0.673951 181 1.71
0.673951 179 1.77
0.673951 178 1.78
0.673951 177 1.82
0.673951 176 1.83
0.673951 175 1.84
0.673757 173 1.85
0.673564 173 1.86
0.673371 173 1.91
0.673371 172 1.92
0.673371 171 1.93
0.673371 170 1.95
0.673371 169 1.96
0.673177 168 1.97
0.672984 168 1.99
0.672984 167 2
0.672791 165 2.04
0.672597 164 2.08
0.672404 164 2.09
0.67221 164 2.1
0.67221 163 2.11
0.672017 163 2.12
0.671824 163 2.13
0.671437 161 2.14
0.671437 160 2.16
0.671437 158 2.18
0.67105 157 2.26
0.67105 156 2.28
0.670857 156 2.33
0.67047 156 2.36
0.670277 156 2.39
0.670277 155 2.4
0.66989 155 2.41
0.669503 155 2.43
0.66931 155 2.47
0.668923 155 2.49
0.668149 155 2.51
0.667956 154 2.52
0.667956 153 2.53
0.667763 153 2.54
0.667569 152 2.55
0.667182 152 2.57
0.666796 152 2.6
0.666602 151 2.61
0.666602 150 2.63
0.666409 150 2.64
0.666215 149 2.65
0.666022 149 2.66
0.666022 147 2.7
0.665829 146 2.71
0.665829 145 2.72
0.665829 144 2.73
0.665442 144 2.75
0.665249 144 2.76
0.665055 142 2.77
0.664862 142 2.78
0.664668 142 2.79
0.664475 142 2.8
0.664282 142 2.81
0.664088 140 2.83
0.663508 140 2.85
0.663315 140 2.87
0.662734 140 2.88
0.662541 140 2.9
0.662541 139 2.91
0.662154 139 2.92
0.662154 138 2.95
0.661768 138 2.96
0.661574 138 2.97
0.661381 138 2.99
0.661187 137 3
0.660994 137 3.01
0.660994 136 3.02
0.660607 136 3.03
0.660414 136 3.04
0.66022 136 3.06
0.66022 135 3.08
0.659834 134 3.09
0.65964 134 3.11
0.65964 133 3.12
0.65964 132 3.13
0.659447 132 3.15
0.65906 132 3.2
0.65848 132 3.21
0.658093 131 3.22
0.656933 129 3.23
0.656546 129 3.25
0.656159 129 3.27
0.655579 128 3.29
0.655579 127 3.3
0.655579 125 3.31
0.655386 125 3.33
0.654999 124 3.34
0.654999 123 3.35
0.654806 122 3.36
0.654419 121 3.37
0.653839 121 3.38
0.653452 120 3.39
0.653065 119 3.4
0.652678 119 3.41
0.652098 118 3.42
0.652098 117 3.43
0.651518 116 3.45
0.651518 115 3.46
0.651518 114 3.47
0.651325 114 3.48
0.651131 113 3.49
0.650938 113 3.5
0.650358 113 3.51
0.650164 112 3.52
0.650164 110 3.53
0.649584 108 3.55
0.649391 108 3.56
0.649004 107 3.57
0.649004 105 3.58
0.648811 105 3.59
0.648617 105 3.6
0.648231 105 3.61
0.648231 104 3.62
0.647844 104 3.63
0.64765 104 3.64
0.64765 103 3.65
0.647457 100 3.66
0.647457 99 3.67
0.647264 98 3.68
0.646877 98 3.69
0.646683 98 3.7
0.645716 98 3.71
0.645523 97 3.72
0.645136 96 3.73
0.64475 95 3.74
0.644556 95 3.75
0.644556 94 3.76
0.644169 94 3.77
0.644169 93 3.78
0.643783 93 3.79
0.643589 93 3.8
0.643589 92 3.81
0.643396 91 3.82
0.643202 91 3.83
0.643009 91 3.84
0.642816 91 3.85
0.642622 90 3.86
0.642429 90 3.87
0.641849 87 3.88
0.641462 86 3.89
0.641269 86 3.9
0.640495 86 3.91
0.640302 86 3.92
0.639528 85 3.93
0.639335 85 3.95
0.638948 82 3.96
0.638755 82 3.97
0.638561 80 3.98
0.638561 79 3.99
0.638174 79 4
0.637788 78 4.01
0.637594 78 4.02
0.637014 78 4.04
0.636627 78 4.05
0.636241 78 4.06
0.636047 77 4.07
0.63566 77 4.08
0.63508 77 4.09
0.634887 76 4.1
0.6345 76 4.11
0.634113 76 4.12
0.633727 76 4.13
0.633533 76 4.14
0.633146 76 4.15
0.63276 74 4.16
0.632373 74 4.17
0.631599 74 4.18
0.631406 73 4.19
0.630632 73 4.2
0.630246 73 4.21
0.629472 72 4.22
0.628892 71 4.23
0.628892 69 4.24
0.628699 69 4.25
0.628118 67 4.26
0.627538 66 4.27
0.626184 66 4.28
0.625604 66 4.29
0.625411 66 4.3
0.625218 66 4.31
0.624444 66 4.32
0.62367 66 4.33
0.62309 66 4.34
0.62251 66 4.35
0.622317 66 4.36
0.621737 66 4.37
0.621737 65 4.39
0.621543 63 4.4
0.620963 63 4.41
0.620383 63 4.42
0.619803 63 4.43
0.619029 63 4.44
0.618256 62 4.45
0.617869 62 4.46
0.617095 62 4.47
0.616709 61 4.48
0.616515 61 4.49
0.615161 61 4.5
0.614195 60 4.51
0.613421 60 4.52
0.612841 60 4.53
0.611681 60 4.54
0.611487 59 4.55
0.6111 56 4.56
0.609747 56 4.57
0.609167 56 4.58
0.608973 55 4.59
0.6082 55 4.6
0.608006 55 4.62
0.607039 55 4.63
0.605879 55 4.64
0.604719 55 4.65
0.603945 55 4.66
0.603752 55 4.67
0.602978 55 4.68
0.602591 55 4.69
0.601818 55 4.7
0.601624 54 4.71
0.600851 54 4.72
0.600658 53 4.73
0.599691 53 4.74
0.59853 52 4.75
0.597757 50 4.76
0.59679 50 4.77
0.596403 50 4.78
0.59621 49 4.79
0.595629 49 4.8
0.594469 49 4.81
0.593889 49 4.82
0.592729 48 4.83
0.592149 48 4.84
0.591762 48 4.85
0.591375 48 4.86
0.590408 48 4.87
0.589441 48 4.88
0.589054 47 4.89
0.588281 47 4.9
0.587701 46 4.91
0.58712 46 4.92
0.585573 46 4.93
0.585187 46 4.94
0.584413 45 4.95
0.584026 45 4.96
0.58364 45 4.97
0.582866 45 4.98
0.582479 44 4.99
0.581706 44 5
0.581512 44 5.01
0.580739 44 5.02
0.579578 43 5.03
0.578998 43 5.04
0.578805 42 5.05
0.578418 42 5.06
0.577451 42 5.07
0.577451 40 5.08
0.576097 40 5.09
0.575711 40 5.1
0.574937 39 5.11
0.574744 39 5.12
0.57455 39 5.13
0.573777 39 5.14
0.573197 39 5.15
0.572423 39 5.16
0.570683 39 5.17
0.569329 39 5.18
0.568749 39 5.19
0.567975 38 5.2
0.567395 38 5.21
0.566815 38 5.22
0.566235 38 5.23
0.566041 38 5.24
0.565655 38 5.25
0.564688 38 5.26
0.563914 38 5.27
0.56256 38 5.28
0.561787 38 5.29
0.56024 38 5.3
0.559466 38 5.31
0.558886 38 5.32
0.558499 37 5.33
0.558113 36 5.34
0.557532 36 5.35
0.555985 36 5.36
0.555599 36 5.37
0.555018 35 5.38
0.553858 35 5.39
0.553085 35 5.4
0.552311 35 5.41
0.551537 35 5.42
0.551151 35 5.43
0.54999 34 5.44
0.54941 34 5.45
0.548443 34 5.46
0.547283 34 5.47
0.546316 34 5.48
0.545349 34 5.49
0.544769 34 5.5
0.543415 34 5.51
0.541868 34 5.52
0.541481 34 5.53
0.540321 34 5.54
0.539934 34 5.55
0.539354 34 5.56
0.538581 33 5.57
0.537807 33 5.58
0.536453 33 5.59
0.535293 33 5.6
0.534519 33 5.61
0.533359 33 5.62
0.532586 32 5.63
0.532005 31 5.64
0.530845 31 5.65
0.530458 30 5.66
0.530265 30 5.67
0.529685 30 5.68
0.528718 30 5.69
0.528138 30 5.7
0.527171 29 5.71
0.526397 29 5.72
0.525624 29 5.73
0.52543 29 5.74
0.525044 29 5.75
0.52427 28 5.76
0.523883 28 5.77
0.522529 28 5.78
0.521756 26 5.79
0.521176 26 5.8
0.520789 25 5.81
0.520209 25 5.82
0.519435 24 5.83
0.519049 24 5.84
0.518468 24 5.85
0.517695 24 5.86
0.517115 24 5.87
0.516535 24 5.88
0.515181 24 5.89
0.514601 24 5.9
0.51402 24 5.91
0.513247 24 5.92
0.51228 24 5.93
0.511506 24 5.94
0.510926 24 5.95
0.509959 24 5.96
0.508799 24 5.97
0.507059 24 5.98
0.506672 24 5.99
0.505705 24 6
0.505125 23 6.01
0.504351 22 6.02
0.502997 22 6.03
0.502417 22 6.04
0.501837 22 6.05
0.50087 21 6.06
0.500097 20 6.07
0.49971 19 6.08
0.49913 19 6.09
0.49855 19 6.1
0.497776 19 6.11
0.497196 19 6.12
0.496616 19 6.13
0.496422 19 6.14
0.495069 19 6.15
0.493908 19 6.16
0.492748 19 6.17
0.491008 19 6.18
0.490234 19 6.19
0.489074 18 6.2
0.488687 18 6.21
0.487913 18 6.22
0.487333 18 6.23
0.486366 18 6.24
0.485593 18 6.25
0.485399 18 6.26
0.484432 17 6.27
0.483852 16 6.28
0.482885 16 6.29
0.482499 16 6.3
0.481338 16 6.31
0.480565 16 6.32
0.479791 16 6.33
0.478437 16 6.34
0.477084 16 6.35
0.476504 16 6.36
0.47631 16 6.37
0.476117 16 6.38
0.474763 16 6.39
0.473216 16 6.4
0.472636 15 6.41
0.472056 15 6.42
0.470509 15 6.43
0.469155 15 6.44
0.467995 15 6.45
0.467028 15 6.46
0.466061 15 6.47
0.465287 14 6.48
0.464127 14 6.49
0.463353 14 6.5
0.462 14 6.51
0.460839 14 6.52
0.459872 14 6.53
0.458712 14 6.54
0.457552 14 6.55
0.456198 14 6.56
0.455231 13 6.57
0.454264 13 6.58
0.453297 13 6.59
0.452137 13 6.6
0.451363 13 6.61
0.45001 13 6.62
0.448269 13 6.63
0.446915 13 6.64
0.445755 13 6.65
0.445175 13 6.66
0.444015 13 6.67
0.442661 13 6.68
0.442468 13 6.69
0.441501 13 6.7
0.438987 13 6.71
0.438406 13 6.72
0.437633 13 6.73
0.436279 13 6.74
0.435506 13 6.75
0.434152 13 6.76
0.432992 13 6.77
0.431831 13 6.78
0.430478 13 6.79
0.428157 13 6.8
0.42719 12 6.81
0.42661 12 6.82
0.425643 12 6.83
0.424869 12 6.84
0.422549 12 6.85
0.422162 12 6.86
0.421002 12 6.87
0.419841 12 6.88
0.418488 12 6.89
0.417714 12 6.9
0.415974 12 6.91
0.415007 12 6.92
0.41404 12 6.93
0.412106 12 6.94
0.411526 12 6.95
0.410559 12 6.96
0.409399 12 6.97
0.408045 12 6.98
0.406304 12 6.99
0.405337 12 7
0.40379 11 7.01
0.402437 11 7.02
0.400696 11 7.03
0.399923 11 7.04
0.399729 11 7.05
0.397989 11 7.06
0.397022 11 7.07
0.396055 11 7.08
0.395088 11 7.09
0.394314 11 7.1
0.392961 11 7.11
0.391414 11 7.12
0.391027 11 7.13
0.390447 11 7.14
0.3889 10 7.15
0.388126 10 7.16
0.387739 10 7.17
0.386579 10 7.18
0.385612 10 7.19
0.383872 10 7.2
0.382905 9 7.21
0.380971 9 7.22
0.380004 9 7.23
0.378457 9 7.24
0.375749 9 7.25
0.373816 8 7.26
0.373429 8 7.27
0.372462 8 7.28
0.370721 8 7.29
0.369754 8 7.3
0.369174 8 7.31
0.368401 7 7.32
0.367047 7 7.33
0.36608 7 7.34
0.364533 7 7.35
0.363179 7 7.36
0.362212 7 7.37
0.361052 7 7.38
0.358925 6 7.39
0.357764 5 7.4
0.356217 5 7.41
0.35467 5 7.42
0.35409 5 7.43
0.35293 5 7.44
0.351383 4 7.45
0.350029 4 7.46
0.348869 4 7.47
0.348482 4 7.48
0.347515 4 7.49
0.346548 4 7.5
0.345581 4 7.51
0.345001 4 7.52
0.343647 4 7.53
0.34326 4 7.54
0.34268 4 7.55
0.341133 4 7.56
0.339973 4 7.57
0.339199 4 7.58
0.337459 4 7.59
0.335912 4 7.6
0.335332 4 7.61
0.333785 4 7.62
0.333011 4 7.63
0.331077 4 7.64
0.330304 4 7.65
0.32953 4 7.66
0.32837 4 7.67
0.32779 4 7.68
0.325662 4 7.69
0.324115 4 7.7
0.321988 4 7.71
0.320441 4 7.72
0.318507 4 7.73
0.317153 3 7.74
0.316186 3 7.75
0.315413 3 7.76
0.314833 3 7.77
0.312125 3 7.78
0.310965 3 7.79
0.308451 3 7.8
0.307677 3 7.81
0.305937 3 7.82
0.304583 3 7.83
0.302843 3 7.84
0.302456 3 7.85
0.301682 3 7.86
0.300135 3 7.87
0.299555 3 7.88
0.298395 3 7.89
0.296848 3 7.9
0.295494 3 7.91
0.294334 3 7.92
0.293754 3 7.93
0.29182 3 7.94
0.290853 3 7.95
0.290079 3 7.96
0.288919 3 7.97
0.287952 3 7.98
0.286212 3 7.99
0.285245 3 8
0.283311 3 8.01
0.282924 3 8.02
0.28215 3 8.03
0.28099 3 8.04
0.280217 3 8.05
0.27925 3 8.06
0.278283 3 8.07
0.276542 3 8.08
0.275382 3 8.09
0.274608 3 8.1
0.273255 3 8.11
0.272675 3 8.12
0.272094 3 8.13
0.270934 3 8.14
0.269774 3 8.15
0.268613 3 8.16
0.268033 3 8.17
0.266486 2 8.18
0.265519 2 8.19
0.264359 2 8.2
0.262812 2 8.21
0.261845 2 8.22
0.261265 2 8.23
0.260878 2 8.24
0.260298 2 8.25
0.259718 2 8.26
0.258364 2 8.27
0.25701 2 8.28
0.25585 2 8.29
0.254496 2 8.3
0.253529 2 8.31
0.252562 2 8.32
0.251789 2 8.33
0.250629 2 8.34
0.249855 2 8.35
0.248888 2 8.36
0.248114 2 8.37
0.246374 2 8.38
0.245214 2 8.39
0.24444 2 8.4
0.242506 2 8.41
0.241539 2 8.42
0.240379 2 8.43
0.239605 2 8.44
0.238639 2 8.45
0.236898 2 8.46
0.235544 2 8.47
0.235158 2 8.48
0.234384 2 8.49
0.233417 2 8.5
0.232837 2 8.51
0.232063 2 8.52
0.230516 2 8.53
0.229743 2 8.54
0.228776 2 8.55
0.228582 2 8.56
0.227422 2 8.57
0.226842 2 8.58
0.224715 2 8.59
0.223748 2 8.6
0.222394 2 8.61
0.221427 2 8.62
0.22104 2 8.63
0.2193 2 8.64
0.217753 2 8.65
0.216593 2 8.66
0.215819 2 8.67
0.214272 2 8.68
0.212145 2 8.69
0.210404 2 8.7
0.209631 2 8.71
0.208084 2 8.72
0.206923 2 8.73
0.20557 2 8.74
0.203636 2 8.75
0.203249 2 8.76
0.202475 2 8.77
0.201702 2 8.78
0.200541 2 8.79
0.199188 2 8.8
0.198414 2 8.81
0.197834 2 8.82
0.197061 2 8.83
0.195513 2 8.84
0.19416 2 8.85
0.19358 2 8.86
0.191839 2 8.87
0.191066 2 8.88
0.189905 1 8.89
0.188745 1 8.9
0.187778 1 8.91
0.186038 0 8.92
0.183717 0 8.93
0.18217 0 8.94
0.180816 0 8.95
0.179849 0 8.96
0.178495 0 8.97
0.177335 0 8.98
0.175788 0 8.99
0.173661 0 9
0.172694 0 9.01
0.171147 0 9.02
0.169213 0 9.03
0.168826 0 9.04
0.168246 0 9.05
0.167279 0 9.06
0.165732 0 9.07
0.164378 0 9.08
0.163218 0 9.09
0.162251 0 9.1
0.161864 0 9.11
0.160704 0 9.12
0.160124 0 9.13
0.158963 0 9.14
0.158383 0 9.15
0.15761 0 9.16
0.156836 0 9.17
0.155676 0 9.18
0.154902 0 9.19
0.153935 0 9.2
0.152388 0 9.21
0.150648 0 9.22
0.150068 0 9.23
0.149874 0 9.24
0.149681 0 9.25
0.148714 0 9.26
0.148327 0 9.27
0.147747 0 9.28
0.146393 0 9.29
0.14562 0 9.3
0.144846 0 9.31
0.144073 0 9.32
0.142912 0 9.33
0.142719 0 9.34
0.142139 0 9.35
0.141559 0 9.36
0.140592 0 9.37
0.139238 0 9.38
0.138465 0 9.39
0.137691 0 9.4
0.136724 0 9.41
0.136337 0 9.42
0.13537 0 9.43
0.135177 0 9.44
0.133823 0 9.45
0.132856 0 9.46
0.132276 0 9.47
0.131889 0 9.48
0.131116 0 9.49
0.130342 0 9.5
0.128989 0 9.51
0.127635 0 9.52
0.127248 0 9.53
0.127055 0 9.54
0.126861 0 9.55
0.125894 0 9.56
0.125121 0 9.57
0.124541 0 9.58
0.123574 0 9.59
0.1228 0 9.6
0.12164 0 9.61
0.120286 0 9.62
0.118933 0 9.63
0.117966 0 9.64
0.117385 0 9.65
0.116225 0 9.66
0.115645 0 9.67
0.114871 0 9.68
0.114098 0 9.69
0.112744 0 9.7
0.112357 0 9.71
0.111584 0 9.73
0.111197 0 9.74
0.111004 0 9.75
0.10965 0 9.76
0.108683 0 9.77
0.107523 0 9.78
0.106943 0 9.79
0.105976 0 9.8
0.104622 0 9.81
0.103462 0 9.82
0.102881 0 9.83
0.102495 0 9.84
0.102301 0 9.85
0.101915 0 9.86
0.100948 0 9.87
0.0994005 0 9.88
0.0980468 0 9.89
0.0978534 0 9.9
0.0968865 0 9.91
0.0959196 0 9.92
0.0949526 0 9.93
0.0945658 0 9.94
0.0934055 0 9.95
0.0924386 0 9.96
0.0918584 0 9.97
0.0916651 0 9.98
0.0908915 0 9.99
0.0895378 0 10
0.0885709 0 10.01
0.0881841 0 10.02
0.0874106 0 10.03
0.0870238 0 10.04
0.0868304 0 10.05
0.0864436 0 10.06
0.0860569 0 10.07
0.0854767 0 10.08
0.0848965 0 10.1
0.084123 0 10.11
0.0821891 0 10.12
0.0812222 0 10.13
0.0802553 0 10.14
0.0794817 0 10.15
0.0783214 0 10.16
0.0775479 0 10.17
0.0769677 0 10.18
0.0760008 0 10.19
0.075614 0 10.2
0.0752272 0 10.21
0.0750338 0 10.22
0.0744537 0 10.23
0.0742603 0 10.24
0.0740669 0 10.25
0.0736801 0 10.26
0.0731 0 10.27
0.0725198 0 10.28
0.0723264 0 10.29
0.0719397 0 10.3
0.0703926 0 10.31
0.0700058 0 10.32
0.0694256 0 10.33
0.0686521 0 10.34
0.0684587 0 10.36
0.0680719 0 10.37
0.0674918 0 10.38
0.0672984 0 10.39
0.0669116 0 10.4
0.0665249 0 10.41
0.0661381 0 10.42
0.0655579 0 10.43
0.0651711 0 10.44
0.0643976 0 10.45
0.0642042 0 10.46
0.0636241 0 10.47
0.0630439 0 10.48
0.0624637 0 10.5
0.0614968 0 10.51
0.0605299 0 10.52
0.0595629 0 10.53
0.0589828 0 10.54
0.0584026 0 10.55
0.0578225 0 10.56
0.0572423 0 10.57
0.0566622 0 10.58
0.056082 0 10.59
0.0558886 0 10.61
0.0555018 0 10.62
0.0549217 0 10.63
0.0537614 0 10.64
0.053568 0 10.65
0.0531812 0 10.66
0.0527944 0 10.67
0.0524077 0 10.68
0.0516341 0 10.69
0.0508606 0 10.7
0.0498936 0 10.71
0.0497003 0 10.72
0.0495069 0 10.73
0.0489267 0 10.74
0.0487333 0 10.75
0.0481532 0 10.76
0.047573 0 10.77
0.0467995 0 10.78
0.0466061 0 10.79
0.0464127 0 10.8
0.0458325 0 10.82
0.0454458 0 10.83
0.045059 0 10.84
0.0448656 0 10.85
0.0442854 0 10.86
0.0438987 0 10.87
0.0433185 0 10.88
0.0431251 0 10.89
0.0423516 0 10.9
0.041578 0 10.91
0.0411913 0 10.92
0.0408045 0 10.93
0.0402243 0 10.95
0.0394508 0 10.96
0.0392574 0 10.97
0.0388706 0 10.98
0.0386772 0 10.99
0.0379037 0 11
0.0371301 0 11.01
0.0367434 0 11.03
0.03655 0 11.04
0.0361632 0 11.05
0.0359698 0 11.06
0.0353897 0 11.07
0.0351963 0 11.08
0.0348095 0 11.09
0.0342294 0 11.13
0.0334558 0 11.14
0.033069 0 11.15
0.0328757 0 11.17
0.0324889 0 11.19
0.0322955 0 11.2
0.0319087 0 11.21
0.0315219 0 11.22
0.0313286 0 11.23
0.0309418 0 11.25
0.0301682 0 11.26
0.0290079 0 11.28
0.0284278 0 11.29
0.0282344 0 11.3
0.0278476 0 11.31
0.0276542 0 11.34
0.0272675 0 11.36
0.0268807 0 11.37
0.0266873 0 11.38
0.0263005 0 11.39
0.0261071 0 11.4
0.0251402 0 11.41
0.02456 0 11.42
0.0235931 0 11.43
0.0228196 0 11.45
0.0226262 0 11.46
0.0222394 0 11.49
0.0218526 0 11.5
0.0216593 0 11.51
0.0212725 0 11.52
0.0208857 0 11.53
0.0206923 0 11.54
0.0203056 0 11.55
0.0201122 0 11.57
0.0199188 0 11.58
0.019532 0 11.59
0.0193386 0 11.61
0.0189518 0 11.62
0.0183717 0 11.65
0.0181783 0 11.66
0.0177915 0 11.67
0.0175981 0 11.68
0.0172114 0 11.7
0.017018 0 11.71
0.0166312 0 11.73
0.0160511 0 11.77
0.0158577 0 11.78
0.0156643 0 11.79
0.0154709 0 11.8
0.0152775 0 11.81
0.0148907 0 11.84
0.014504 0 11.85
0.0143106 0 11.87
0.0139238 0 11.9
0.013537 0 11.91
0.0133436 0 11.92
0.0131503 0 11.93
0.0129569 0 11.95
0.0125701 0 11.96
0.0123767 0 11.97
0.0119899 0 11.99
0.0117966 0 12
0.0116032 0 12.03
0.0114098 0 12.04
0.0112164 0 12.05
0.0108296 0 12.07
0.0106362 0 12.09
0.0104429 0 12.13
0.0102495 0 12.18
0.0100561 0 12.19
0.0098627 0 12.2
0.00966931 0 12.23
0.00928254 0 12.24
0.00908915 0 12.25
0.00889576 0 12.27
0.00870238 0 12.32
0.00850899 0 12.37
0.00812222 0 12.38
0.00792883 0 12.39
0.00773545 0 12.42
0.00754206 0 12.47
0.00715529 0 12.49
0.0069619 0 12.53
0.00676852 0 12.54
0.00638174 0 12.56
0.00618836 0 12.58
0.00599497 0 12.64
0.00580159 0 12.65
0.00541481 0 12.68
0.00502804 0 12.74
0.00483465 0 12.78
0.00444788 0 12.8
0.0042545 0 12.91
0.00406111 0 12.92
0.00386772 0 12.99
0.00348095 0 13.01
0.00309418 0 13.07
0.00290079 0 13.08
0.00270741 0 13.1
0.00251402 0 13.11
0.00232063 0 13.18
0.00212725 0 13.23
0.00193386 0 13.24
0.00174048 0 13.28
0.00154709 0 13.29
0.0013537 0 13.34
0.00116032 0 13.49
0.000966931 0 13.5
0.000773545 0 13.51
0.000580159 0 13.8
0.000386772 0 13.86
0.000193386 0 14.13
0 0 1.79769e+308
