0.474686 132
0.474686 131
0.474686 130
0.474572 130
0.474572 129
0.474572 128
0.474572 127
0.474572 126
0.474572 124
0.474448 124
0.474234 123
0.474132 123
0.474132 122
0.474132 121
0.474019 121
0.473889 120
0.473786 119
0.473635 119
0.473498 119
0.473087 119
0.472964 119
0.472843 119
0.472725 118
0.472725 117
0.472724 116
0.47261 115
0.472512 115
0.472372 115
0.47224 114
0.472131 114
0.471989 114
0.471728 114
0.471468 111
0.471132 109
0.470887 109
0.470662 107
0.470662 106
0.470499 103
0.470499 102
0.470231 101
0.470101 98
0.470011 97
0.469536 97
0.469399 97
0.469295 96
0.469162 96
0.469039 96
0.468664 96
0.468286 95
0.468039 95
0.467919 94
0.46778 93
0.467533 91
0.467301 91
0.466956 90
0.466271 88
0.465879 86
0.465475 86
0.465104 86
0.464787 84
0.464549 83
0.463855 82
0.46372 81
0.462941 79
0.462396 77
0.462009 74
0.461486 72
0.461364 71
0.461004 71
0.460597 70
0.460092 69
0.459768 68
0.459198 68
0.459064 68
0.458703 66
0.45858 66
0.458212 65
0.457702 64
0.457507 63
0.456876 63
0.456304 62
0.4557 62
0.455296 60
0.454825 57
0.454137 56
0.453337 56
0.452969 56
0.452589 56
0.452093 56
0.451586 55
0.451214 54
0.450712 53
0.449956 53
0.449227 53
0.448422 51
0.447827 51
0.447071 51
0.446219 51
0.445754 49
0.445321 49
0.444698 48
0.443692 48
0.442951 47
0.442604 47
0.441389 47
0.440131 47
0.438897 47
0.437971 45
0.436665 44
0.435835 43
0.43491 43
0.432763 43
0.432031 43
0.431029 43
0.430404 43
0.429564 43
0.428503 41
0.426975 41
0.426337 40
0.425593 39
0.424612 37
0.42282 37
0.421844 37
0.419891 36
0.418831 34
0.417693 34
0.416626 34
0.415131 33
0.413903 31
0.412524 31
0.409922 29
0.409412 29
0.407676 28
0.405834 28
0.404377 26
0.403224 24
0.401468 24
0.400451 23
0.399125 21
0.398132 20
0.395221 20
0.394123 20
0.393655 20
0.392408 20
0.390928 19
0.389087 18
0.387654 18
0.385554 17
0.383125 17
0.381903 17
0.380203 15
0.378242 15
0.37606 14
0.373753 14
0.372298 14
0.370915 13
0.36845 13
0.365915 13
0.364124 13
0.361493 13
0.35939 12
0.357662 11
0.356053 11
0.353651 11
0.351721 11
0.349686 11
0.347506 11
0.345218 10
0.343654 9
0.340742 9
0.33855 9
0.33651 9
0.334306 9
0.332151 8
0.330364 8
0.3277 8
0.325914 8
0.323999 8
0.321724 8
0.319593 8
0.317215 8
0.31372 7
0.311462 7
0.309332 6
0.307179 6
0.304907 6
0.30236 5
0.300481 5
0.297014 5
0.294194 5
0.291624 4
0.28815 4
0.286191 4
0.283049 3
0.281584 3
0.279891 3
0.276231 3
0.274254 3
0.271214 3
0.268738 2
0.26492 2
0.261213 2
0.258727 1
0.256213 1
0.254439 1
0.252634 1
0.249544 1
0.247908 1
0.245055 1
0.242232 1
0.239551 1
0.235259 1
0.232261 1
0.229182 1
0.226469 1
0.223149 1
0.219651 1
0.216218 1
0.21314 1
0.210831 1
0.207883 1
0.20478 1
0.202119 1
0.199357 1
0.19672 1
0.194461 0
0.19204 0
0.188833 0
0.185907 0
0.182605 0
0.179477 0
0.176377 0
0.173106 0
0.170901 0
0.16845 0
0.165876 0
0.163323 0
0.161774 0
0.158858 0
0.156714 0
0.152916 0
0.149586 0
0.147531 0
0.144678 0
0.142379 0
0.140204 0
0.138163 0
0.135965 0
0.133911 0
0.131702 0
0.128149 0
0.125309 0
0.123779 0
0.122888 0
0.121122 0
0.118671 0
0.116342 0
0.114297 0
0.112765 0
0.111019 0
0.109566 0
0.107093 0
0.105956 0
0.102812 0
0.0997007 0
0.0979211 0
0.0954989 0
0.0941971 0
0.0918544 0
0.0907126 0
0.0888806 0
0.0866101 0
0.0854575 0
0.0838088 0
0.0814993 0
0.0799891 0
0.0784556 0
0.0760908 0
0.0751553 0
0.0727683 0
0.0716137 0
0.0705997 0
0.0681286 0
0.0663558 0
0.0653527 0
0.0632778 0
0.0615756 0
0.0595377 0
0.0577471 0
0.0560799 0
0.0543668 0
0.0533308 0
0.0522935 0
0.0516449 0
0.0506235 0
0.0497497 0
0.0492332 0
0.0475686 0
0.0463544 0
0.0454491 0
0.04425 0
0.0432264 0
0.042322 0
0.0411695 0
0.0396129 0
0.0381722 0
0.037177 0
0.0362549 0
0.0351107 0
0.0341704 0
0.0333742 0
0.0322098 0
0.0310465 0
0.030155 0
0.029386 0
0.0283363 0
0.0275639 0
0.0267838 0
0.0265253 0
0.0256134 0
0.024347 0
0.023719 0
0.0233432 0
0.0230838 0
0.0227314 0
0.0220939 0
0.0214509 0
0.0202693 0
0.019896 0
0.0193643 0
0.018305 0
0.0177968 0
0.0175399 0
0.0163743 0
0.0159704 0
0.0154577 0
0.0141587 0
0.0132304 0
0.012977 0
0.0123473 0
0.0120986 0
0.0118333 0
0.0114305 0
0.0111555 0
0.0106372 0
0.0103667 0
0.0095775 0
0.00944499 0
0.00906225 0
0.00879639 0
0.00854729 0
0.00842694 0
0.00817555 0
0.00791835 0
0.0075191 0
0.00713076 0
0.00686789 0
0.00659481 0
0.00632788 0
0.00606695 0
0.00593604 0
0.00568046 0
0.0054221 0
0.00528518 0
0.00491298 0
0.00477765 0
0.00464995 0
0.00441254 0
0.00428438 0
0.00414695 0
0.00375402 0
0.0033752 0
0.00324179 0
0.00298886 0
0.00259152 0
0.00245679 0
0.00232837 0
0.00220268 0
0.00206569 0
0.00180693 0
0.00155131 0
0.00130698 0
0.00117658 0
0.000910322 0
0.000779292 0
0.000651496 0
0.000521402 0
0.000396658 0
0.000266277 0
0.00012734 0
0 0
