0.673177 68 54.36
0.673177 67 54.66
0.672984 67 54.74
0.672597 67 54.76
0.672404 67 54.79
0.67221 67 54.89
0.672017 67 54.92
0.671824 67 54.96
0.67163 67 54.98
0.671437 67 55
0.671243 66 55.01
0.671243 65 55.04
0.67105 65 55.06
0.67105 63 55.07
0.670857 63 55.08
0.670663 63 55.1
0.670663 62 55.11
0.67047 62 55.12
0.670083 62 55.13
0.670083 61 55.14
0.66989 61 55.15
0.669696 61 55.17
0.669503 61 55.18
0.669116 61 55.19
0.669116 59 55.2
0.668923 59 55.21
0.668149 58 55.22
0.667569 57 55.23
0.667569 56 55.24
0.667376 56 55.25
0.666989 56 55.26
0.666215 56 55.27
0.665829 56 55.28
0.665055 55 55.29
0.663701 55 55.3
0.662541 55 55.31
0.662348 54 55.32
0.662154 53 55.33
0.661574 53 55.34
0.660801 53 55.35
0.660607 53 55.36
0.660027 52 55.37
0.65964 52 55.38
0.659447 51 55.39
0.65906 51 55.4
0.658673 51 55.41
0.658287 50 55.42
0.657513 50 55.43
0.656353 50 55.44
0.655966 50 55.45
0.654999 50 55.46
0.653839 50 55.47
0.653259 50 55.48
0.651711 49 55.49
0.650938 49 55.5
0.649778 48 55.51
0.648811 46 55.52
0.647264 46 55.53
0.64707 46 55.54
0.646297 46 55.55
0.64591 46 55.56
0.645523 45 55.57
0.644556 45 55.58
0.643202 44 55.59
0.641849 44 55.6
0.640495 44 55.61
0.638948 44 55.62
0.638174 43 55.63
0.637594 42 55.64
0.636434 42 55.65
0.635467 41 55.66
0.632953 41 55.67
0.631793 41 55.68
0.630052 41 55.69
0.628892 41 55.7
0.627732 41 55.71
0.626184 40 55.72
0.624831 40 55.73
0.623477 40 55.74
0.622123 40 55.75
0.620576 40 55.76
0.618256 40 55.77
0.617095 39 55.78
0.614581 37 55.79
0.610714 35 55.8
0.60936 34 55.81
0.606846 34 55.82
0.604332 34 55.83
0.602591 34 55.84
0.601238 34 55.85
0.599691 33 55.86
0.59795 31 55.87
0.59621 30 55.88
0.594082 28 55.89
0.593309 28 55.9
0.589635 27 55.91
0.586154 27 55.92
0.584413 27 55.93
0.581706 27 55.94
0.579578 27 55.95
0.577838 26 55.96
0.574937 25 55.97
0.573777 25 55.98
0.571843 24 55.99
0.570296 22 56
0.568362 21 56.01
0.566815 21 56.02
0.563721 21 56.03
0.560627 20 56.04
0.558306 19 56.05
0.555405 18 56.06
0.553085 18 56.07
0.549797 18 56.08
0.54767 18 56.09
0.543995 18 56.1
0.540708 18 56.11
0.538774 17 56.12
0.53568 16 56.13
0.532972 16 56.14
0.530072 16 56.15
0.527171 16 56.16
0.525044 16 56.17
0.52311 16 56.18
0.520596 16 56.19
0.517115 16 56.2
0.512473 15 56.21
0.508026 15 56.22
0.505125 15 56.23
0.50145 15 56.24
0.498936 15 56.25
0.495069 15 56.26
0.491588 15 56.27
0.488687 15 56.28
0.485399 14 56.29
0.481725 13 56.3
0.478244 12 56.31
0.472829 12 56.32
0.470509 12 56.33
0.468381 12 56.34
0.464514 11 56.35
0.461419 11 56.36
0.458519 11 56.37
0.456585 11 56.38
0.452717 10 56.39
0.449043 9 56.4
0.445175 9 56.41
0.440727 7 56.42
0.437053 7 56.43
0.433959 7 56.44
0.429898 6 56.45
0.424096 6 56.46
0.420615 6 56.47
0.417327 6 56.48
0.41288 6 56.49
0.408238 6 56.5
0.404757 6 56.51
0.401276 6 56.52
0.397602 6 56.53
0.393541 6 56.54
0.389673 6 56.55
0.385419 6 56.56
0.383098 6 56.57
0.378263 6 56.58
0.372268 6 56.59
0.368207 6 56.6
0.362792 6 56.61
0.357764 6 56.62
0.352736 6 56.63
0.347902 6 56.64
0.343647 6 56.65
0.340166 6 56.66
0.335525 6 56.67
0.331657 6 56.68
0.328176 5 56.69
0.321795 5 56.7
0.317153 5 56.71
0.312512 5 56.72
0.306711 5 56.73
0.301102 5 56.74
0.297041 4 56.75
0.293173 4 56.76
0.289886 4 56.77
0.286405 4 56.78
0.281377 3 56.79
0.276155 3 56.8
0.273448 3 56.81
0.269 2 56.82
0.264166 2 56.83
0.259137 2 56.84
0.256237 2 56.85
0.252756 1 56.86
0.249081 1 56.87
0.24502 1 56.88
0.240186 1 56.89
0.236898 1 56.9
0.232644 1 56.91
0.226068 1 56.92
0.221234 1 56.93
0.21814 1 56.94
0.214659 1 56.95
0.210598 1 56.96
0.20731 1 56.97
0.203442 1 56.98
0.197641 1 56.99
0.193193 1 57
0.189905 1 57.01
0.185651 1 57.02
0.181976 1 57.03
0.180043 1 57.04
0.176948 0 57.05
0.173661 0 57.06
0.17134 0 57.07
0.167666 0 57.08
0.164572 0 57.09
0.162251 0 57.1
0.158963 0 57.11
0.155869 0 57.12
0.152002 0 57.13
0.148907 0 57.14
0.146007 0 57.15
0.143106 0 57.16
0.140205 0 57.17
0.137498 0 57.18
0.134403 0 57.19
0.131309 0 57.2
0.128408 0 57.21
0.125701 0 57.22
0.123767 0 57.23
0.120093 0 57.24
0.117192 0 57.25
0.114678 0 57.26
0.112551 0 57.27
0.109843 0 57.28
0.106556 0 57.29
0.104429 0 57.3
0.102108 0 57.31
0.100561 0 57.32
0.0978534 0 57.33
0.0953394 0 57.34
0.0932121 0 57.35
0.0910849 0 57.36
0.0887643 0 57.37
0.0860569 0 57.38
0.0835428 0 57.39
0.0821891 0 57.4
0.0810288 0 57.41
0.0785148 0 57.42
0.0763875 0 57.43
0.0740669 0 57.44
0.0725198 0 57.45
0.0703926 0 57.46
0.0674918 0 57.47
0.0661381 0 57.48
0.0649778 0 57.49
0.0630439 0 57.5
0.0609167 0 57.51
0.0589828 0 57.52
0.0572423 0 57.53
0.0555018 0 57.54
0.0537614 0 57.55
0.0533746 0 57.56
0.0518275 0 57.57
0.0502804 0 57.58
0.0487333 0 57.59
0.0471862 0 57.6
0.0462193 0 57.61
0.0452524 0 57.62
0.0431251 0 57.63
0.0413846 0 57.64
0.0404177 0 57.65
0.0398376 0 57.66
0.0388706 0 57.67
0.0375169 0 57.68
0.0361632 0 57.69
0.0355831 0 57.7
0.0336492 0 57.71
0.0328757 0 57.72
0.0317153 0 57.73
0.0303616 0 57.74
0.0293947 0 57.75
0.0284278 0 57.76
0.0272675 0 57.77
0.0264939 0 57.78
0.0249468 0 57.79
0.023013 0 57.8
0.0210791 0 57.81
0.0206923 0 57.82
0.0203056 0 57.83
0.0193386 0 57.84
0.0189518 0 57.85
0.0181783 0 57.86
0.0172114 0 57.87
0.0162444 0 57.88
0.0158577 0 57.89
0.0154709 0 57.9
0.0152775 0 57.91
0.0148907 0 57.92
0.0141172 0 57.93
0.0131503 0 57.94
0.0129569 0 57.95
0.0125701 0 57.96
0.0123767 0 57.97
0.0116032 0 57.98
0.0106362 0 57.99
0.0098627 0 58.01
0.00947592 0 58.02
0.00889576 0 58.03
0.00812222 0 58.04
0.00734868 0 58.05
0.00638174 0 58.06
0.00618836 0 58.08
0.00580159 0 58.09
0.00541481 0 58.11
0.00483465 0 58.14
0.00444788 0 58.15
0.00406111 0 58.16
0.00348095 0 58.18
0.00328757 0 58.19
0.00309418 0 58.2
0.00290079 0 58.22
0.00270741 0 58.23
0.00251402 0 58.24
0.00212725 0 58.25
0.00193386 0 58.29
0.00174048 0 58.32
0.00154709 0 58.38
0.0013537 0 58.39
0.00116032 0 58.47
0.000966931 0 58.5
0.000773545 0 58.51
0.000580159 0 58.54
0.000386772 0 58.55
0.000193386 0 58.68
0 0 1.79769e+308
