0.691549 245 -0.9
0.691549 244 -0.36
0.691356 244 -0.25
0.691356 243 -0.18
0.691356 242 -0.16
0.691356 241 -0.06
0.691356 240 0.08
0.691356 239 0.16
0.691356 238 0.28
0.691356 237 0.3
0.691162 237 0.35
0.690969 237 0.37
0.690775 237 0.44
0.690775 236 0.48
0.690775 235 0.53
0.690775 234 0.56
0.690775 233 0.57
0.690582 232 0.66
0.690389 232 0.69
0.690389 231 0.83
0.690195 231 0.85
0.690002 231 0.86
0.690002 230 0.87
0.690002 229 0.91
0.689809 229 0.95
0.689615 229 0.96
0.689615 228 0.97
0.689422 227 1.02
0.689422 226 1.03
0.689228 226 1.04
0.689035 226 1.06
0.689035 225 1.09
0.688842 225 1.1
0.688842 224 1.11
0.688648 223 1.14
0.688648 221 1.16
0.688648 220 1.17
0.688648 219 1.18
0.688261 219 1.25
0.688261 218 1.27
0.688261 217 1.31
0.688261 216 1.32
0.688261 215 1.37
0.688261 214 1.38
0.688261 213 1.4
0.688068 212 1.48
0.688068 211 1.5
0.688068 209 1.54
0.688068 208 1.55
0.688068 207 1.57
0.687681 207 1.6
0.687488 207 1.64
0.687488 206 1.71
0.687488 204 1.77
0.687488 203 1.78
0.687488 202 1.82
0.687488 200 1.83
0.687488 199 1.84
0.687295 197 1.85
0.687101 197 1.86
0.686908 197 1.88
0.686714 197 1.89
0.686714 196 1.91
0.686714 195 1.92
0.686714 194 1.93
0.686714 193 1.95
0.686714 192 1.96
0.686521 191 1.97
0.686328 191 1.99
0.686328 190 2
0.686134 188 2.03
0.686134 187 2.04
0.685941 186 2.08
0.685747 186 2.09
0.685554 186 2.1
0.685554 185 2.11
0.685361 185 2.12
0.685167 185 2.13
0.684587 183 2.14
0.684587 182 2.16
0.684587 180 2.18
0.6842 179 2.2
0.684007 179 2.22
0.684007 178 2.26
0.683814 177 2.28
0.68362 177 2.33
0.683233 177 2.35
0.68304 177 2.36
0.682847 177 2.39
0.682847 176 2.4
0.68246 176 2.41
0.682073 175 2.42
0.682073 174 2.43
0.68188 174 2.47
0.681493 174 2.49
0.680719 174 2.51
0.680526 173 2.52
0.680526 172 2.53
0.680333 172 2.54
0.680139 171 2.55
0.679752 171 2.57
0.679366 171 2.6
0.679172 169 2.61
0.678979 168 2.63
0.678786 168 2.64
0.678786 167 2.65
0.678592 167 2.66
0.678592 165 2.7
0.678399 164 2.71
0.678399 163 2.72
0.678399 162 2.73
0.678012 162 2.75
0.677819 162 2.76
0.677625 160 2.77
0.677432 160 2.78
0.677238 160 2.79
0.677045 160 2.8
0.676852 160 2.81
0.676465 158 2.83
0.675691 158 2.85
0.675498 158 2.87
0.674918 158 2.88
0.674724 158 2.9
0.674531 157 2.91
0.674144 157 2.92
0.674144 156 2.95
0.673757 156 2.96
0.673564 156 2.97
0.673371 156 2.98
0.673177 156 2.99
0.672984 155 3
0.672791 155 3.01
0.672791 154 3.02
0.672404 154 3.03
0.672017 154 3.04
0.671824 154 3.06
0.671824 153 3.08
0.671437 151 3.09
0.671243 151 3.11
0.671243 150 3.12
0.671243 149 3.13
0.67105 149 3.15
0.670663 149 3.19
0.67047 149 3.2
0.66989 149 3.21
0.669503 148 3.22
0.668343 146 3.23
0.667956 146 3.24
0.667763 146 3.25
0.667376 146 3.27
0.666796 144 3.29
0.666796 143 3.3
0.666796 141 3.31
0.666409 141 3.33
0.666022 140 3.34
0.666022 139 3.35
0.665635 138 3.36
0.665249 137 3.37
0.664668 137 3.38
0.664282 136 3.39
0.663895 135 3.4
0.663508 135 3.41
0.662928 134 3.42
0.662928 133 3.43
0.662348 132 3.44
0.662348 131 3.45
0.662348 130 3.46
0.662348 129 3.47
0.662154 129 3.48
0.661961 128 3.49
0.661768 128 3.5
0.661187 128 3.51
0.660994 127 3.52
0.660994 125 3.53
0.660414 123 3.55
0.66022 123 3.56
0.659834 122 3.57
0.659834 120 3.58
0.65964 120 3.59
0.659447 120 3.6
0.65906 120 3.61
0.65906 119 3.62
0.658673 119 3.63
0.65848 119 3.64
0.65848 117 3.65
0.658287 114 3.66
0.658093 113 3.67
0.6579 112 3.68
0.657513 112 3.69
0.65732 112 3.7
0.656353 112 3.71
0.656159 110 3.72
0.655773 109 3.73
0.655386 108 3.74
0.655192 108 3.75
0.655192 107 3.76
0.654806 107 3.77
0.654612 106 3.78
0.654032 106 3.79
0.653839 106 3.8
0.653839 105 3.81
0.653645 104 3.82
0.653452 104 3.83
0.653259 104 3.84
0.653065 104 3.85
0.652872 103 3.86
0.652678 103 3.87
0.652098 100 3.88
0.651711 99 3.89
0.651518 99 3.9
0.650745 99 3.91
0.650551 99 3.92
0.649778 98 3.93
0.649391 98 3.95
0.648811 95 3.96
0.648617 95 3.97
0.648424 93 3.98
0.648424 92 3.99
0.648037 92 4
0.64765 91 4.01
0.647264 91 4.02
0.646683 90 4.04
0.646297 90 4.05
0.645716 90 4.06
0.645523 89 4.07
0.645136 89 4.08
0.644556 89 4.09
0.644363 88 4.1
0.643976 88 4.11
0.643589 88 4.12
0.643202 88 4.13
0.643009 88 4.14
0.642622 88 4.15
0.642236 86 4.16
0.641849 86 4.17
0.641075 86 4.18
0.640882 85 4.19
0.640108 85 4.2
0.639722 84 4.21
0.638755 83 4.22
0.638174 82 4.23
0.638174 80 4.24
0.637981 80 4.25
0.637401 78 4.26
0.636821 77 4.27
0.635467 77 4.28
0.634887 77 4.29
0.634693 77 4.3
0.6345 77 4.31
0.633727 77 4.32
0.63276 77 4.33
0.632179 77 4.34
0.631599 77 4.35
0.631213 77 4.36
0.630632 77 4.37
0.630632 76 4.39
0.630439 74 4.4
0.629859 74 4.41
0.629279 74 4.42
0.628699 74 4.43
0.627925 74 4.44
0.627151 73 4.45
0.626765 73 4.46
0.625798 73 4.47
0.625411 71 4.48
0.625218 71 4.49
0.623864 71 4.5
0.622897 70 4.51
0.622123 69 4.52
0.621543 68 4.53
0.620383 67 4.54
0.62019 66 4.55
0.619803 63 4.56
0.618449 63 4.57
0.617869 63 4.58
0.617482 63 4.59
0.616709 63 4.6
0.616515 63 4.61
0.616322 63 4.62
0.615355 63 4.63
0.614195 63 4.64
0.613034 63 4.65
0.612067 63 4.66
0.611874 63 4.67
0.610907 63 4.68
0.61052 63 4.69
0.609747 63 4.7
0.609553 62 4.71
0.60878 62 4.72
0.608586 61 4.73
0.607619 61 4.74
0.606459 60 4.75
0.605686 58 4.76
0.604719 58 4.77
0.604332 57 4.78
0.604138 56 4.79
0.603558 56 4.8
0.602398 56 4.81
0.601818 56 4.82
0.600658 55 4.83
0.600077 55 4.84
0.599691 55 4.85
0.599304 55 4.86
0.598337 55 4.87
0.59737 55 4.88
0.596983 54 4.89
0.59621 54 4.9
0.595629 53 4.91
0.595049 53 4.92
0.593502 53 4.93
0.593115 53 4.94
0.592342 51 4.95
0.591955 51 4.96
0.591568 51 4.97
0.590601 51 4.98
0.590021 49 4.99
0.589054 48 5
0.588668 48 5.01
0.587894 48 5.02
0.586927 47 5.03
0.586347 47 5.04
0.586154 46 5.05
0.585767 46 5.06
0.5848 46 5.07
0.5848 44 5.08
0.583446 44 5.09
0.583059 44 5.1
0.582286 43 5.11
0.582092 43 5.12
0.581899 43 5.13
0.581126 43 5.14
0.580545 43 5.15
0.579772 42 5.16
0.577838 42 5.17
0.576484 42 5.18
0.575904 42 5.19
0.575131 41 5.2
0.57455 41 5.21
0.57397 41 5.22
0.57339 41 5.23
0.573197 41 5.24
0.57281 41 5.25
0.57165 41 5.26
0.570876 41 5.27
0.569522 41 5.28
0.568749 41 5.29
0.567202 41 5.3
0.566235 41 5.31
0.565655 41 5.32
0.565268 40 5.33
0.564881 39 5.34
0.564301 38 5.35
0.562754 38 5.36
0.562367 38 5.37
0.561787 37 5.38
0.560627 37 5.39
0.559853 37 5.4
0.559079 37 5.41
0.558306 37 5.42
0.557726 37 5.43
0.556565 36 5.44
0.555985 36 5.45
0.555018 36 5.46
0.553665 36 5.47
0.552698 36 5.48
0.551731 36 5.49
0.551151 36 5.5
0.549797 36 5.51
0.54825 36 5.52
0.547863 36 5.53
0.546703 36 5.54
0.546316 36 5.55
0.545736 36 5.56
0.544962 35 5.57
0.544189 35 5.58
0.542642 35 5.59
0.541481 35 5.6
0.540708 35 5.61
0.539547 35 5.62
0.538774 34 5.63
0.538194 33 5.64
0.53684 33 5.65
0.536453 32 5.66
0.53626 32 5.67
0.53568 32 5.68
0.534519 32 5.69
0.533939 32 5.7
0.532972 31 5.71
0.532199 31 5.72
0.531425 31 5.73
0.531038 31 5.74
0.530652 31 5.75
0.529878 30 5.76
0.529491 30 5.77
0.528138 30 5.78
0.527364 28 5.79
0.526784 28 5.8
0.526397 27 5.81
0.525817 27 5.82
0.525044 26 5.83
0.524463 26 5.84
0.52369 26 5.85
0.522916 26 5.86
0.522336 26 5.87
0.521756 26 5.88
0.520402 26 5.89
0.519629 26 5.9
0.519049 26 5.91
0.518275 26 5.92
0.517115 26 5.93
0.516341 26 5.94
0.515761 25 5.95
0.514794 25 5.96
0.513634 25 5.97
0.511893 25 5.98
0.511506 25 5.99
0.51054 25 6
0.509959 24 6.01
0.508992 23 6.02
0.507639 23 6.03
0.507059 23 6.04
0.506478 23 6.05
0.505512 22 6.06
0.504738 21 6.07
0.504351 20 6.08
0.503578 20 6.09
0.502997 20 6.1
0.502224 20 6.11
0.50145 20 6.12
0.50087 20 6.13
0.500677 20 6.14
0.499323 20 6.15
0.498163 20 6.16
0.497003 20 6.17
0.495069 20 6.18
0.494102 20 6.19
0.492941 19 6.2
0.492555 19 6.21
0.491781 19 6.22
0.491201 19 6.23
0.490041 19 6.24
0.489267 19 6.25
0.489074 19 6.26
0.488107 18 6.27
0.487527 17 6.28
0.48656 17 6.29
0.486173 17 6.3
0.485013 17 6.31
0.484239 17 6.32
0.483465 17 6.33
0.482112 17 6.34
0.480565 17 6.35
0.479985 17 6.36
0.479791 17 6.37
0.479598 17 6.38
0.478244 17 6.39
0.476697 17 6.4
0.476117 16 6.41
0.475537 16 6.42
0.47399 16 6.43
0.472636 16 6.44
0.471476 16 6.45
0.470509 16 6.46
0.469542 16 6.47
0.468768 15 6.48
0.467608 15 6.49
0.466834 15 6.5
0.465481 15 6.51
0.46432 15 6.52
0.463353 15 6.53
0.462193 15 6.54
0.461033 15 6.55
0.459679 15 6.56
0.458712 14 6.57
0.457745 14 6.58
0.456778 14 6.59
0.455618 14 6.6
0.454844 14 6.61
0.453491 14 6.62
0.45175 14 6.63
0.450396 14 6.64
0.449043 14 6.65
0.448463 14 6.66
0.447302 14 6.67
0.445949 14 6.68
0.445755 14 6.69
0.444788 14 6.7
0.442274 14 6.71
0.441694 14 6.72
0.440921 14 6.73
0.439567 14 6.74
0.438793 14 6.75
0.43744 14 6.76
0.436279 14 6.77
0.435119 14 6.78
0.433765 14 6.79
0.431445 14 6.8
0.430478 13 6.81
0.429898 13 6.82
0.428931 13 6.83
0.428157 13 6.84
0.425836 13 6.85
0.42545 13 6.86
0.424289 13 6.87
0.422936 13 6.88
0.421582 13 6.89
0.420808 13 6.9
0.419068 13 6.91
0.418101 13 6.92
0.417134 13 6.93
0.4152 13 6.94
0.41462 13 6.95
0.413653 13 6.96
0.412493 13 6.97
0.411139 13 6.98
0.409399 13 6.99
0.408432 13 7
0.406885 12 7.01
0.405531 12 7.02
0.40379 12 7.03
0.402823 12 7.04
0.40263 12 7.05
0.40089 12 7.06
0.399923 12 7.07
0.398956 12 7.08
0.397989 12 7.09
0.397215 12 7.1
0.395862 12 7.11
0.394314 12 7.12
0.393928 12 7.13
0.393348 12 7.14
0.3918 11 7.15
0.391027 11 7.16
0.39064 11 7.17
0.38948 11 7.18
0.388513 11 7.19
0.386772 11 7.2
0.385805 10 7.21
0.383872 10 7.22
0.382905 10 7.23
0.381358 10 7.24
0.37865 10 7.25
0.376716 9 7.26
0.37633 9 7.27
0.375363 9 7.28
0.373622 9 7.29
0.372655 9 7.3
0.372075 9 7.31
0.371301 8 7.32
0.369948 8 7.33
0.368981 8 7.34
0.367434 8 7.35
0.36608 8 7.36
0.365113 8 7.37
0.363953 8 7.38
0.361826 7 7.39
0.360665 6 7.4
0.359118 6 7.41
0.357378 6 7.42
0.356798 6 7.43
0.355444 6 7.44
0.353897 5 7.45
0.352543 5 7.46
0.351383 5 7.47
0.350996 5 7.48
0.350029 5 7.49
0.349062 5 7.5
0.348095 5 7.51
0.347515 5 7.52
0.345968 5 7.53
0.345581 5 7.54
0.345001 5 7.55
0.343454 5 7.56
0.342294 5 7.57
0.341327 5 7.58
0.339586 5 7.59
0.338039 5 7.6
0.337459 5 7.61
0.335912 5 7.62
0.335138 5 7.63
0.333011 5 7.64
0.332237 5 7.65
0.331464 5 7.66
0.330304 5 7.67
0.329723 5 7.68
0.327596 5 7.69
0.326049 5 7.7
0.323922 5 7.71
0.322375 5 7.72
0.320441 5 7.73
0.319087 4 7.74
0.31812 4 7.75
0.317153 4 7.76
0.316573 4 7.77
0.313672 4 7.78
0.312512 4 7.79
0.309998 4 7.8
0.309225 4 7.81
0.307484 4 7.82
0.30613 4 7.83
0.30439 4 7.84
0.304003 4 7.85
0.30323 4 7.86
0.301682 4 7.87
0.301102 4 7.88
0.299942 4 7.89
0.298395 4 7.9
0.297041 4 7.91
0.295881 4 7.92
0.295301 4 7.93
0.293367 4 7.94
0.2924 4 7.95
0.291626 4 7.96
0.290466 4 7.97
0.289499 4 7.98
0.287759 4 7.99
0.286792 4 8
0.284858 4 8.01
0.284471 4 8.02
0.283698 4 8.03
0.282537 4 8.04
0.281764 4 8.05
0.280797 4 8.06
0.27983 4 8.07
0.278089 4 8.08
0.276929 4 8.09
0.276155 4 8.1
0.274608 4 8.11
0.274028 4 8.12
0.273448 4 8.13
0.272288 4 8.14
0.271127 4 8.15
0.269967 4 8.16
0.269387 4 8.17
0.26784 3 8.18
0.266873 3 8.19
0.265713 3 8.2
0.264166 3 8.21
0.263199 3 8.22
0.262618 3 8.23
0.262232 3 8.24
0.261458 3 8.25
0.260878 3 8.26
0.259524 3 8.27
0.258171 3 8.28
0.25701 3 8.29
0.255657 3 8.3
0.25469 3 8.31
0.253723 3 8.32
0.252949 3 8.33
0.251789 3 8.34
0.251015 3 8.35
0.250048 2 8.36
0.249275 2 8.37
0.247341 2 8.38
0.246181 2 8.39
0.245407 2 8.4
0.243473 2 8.41
0.242506 2 8.42
0.241346 2 8.43
0.240379 2 8.44
0.239412 2 8.45
0.237672 2 8.46
0.236318 2 8.47
0.235931 2 8.48
0.235158 2 8.49
0.234191 2 8.5
0.233611 2 8.51
0.232837 2 8.52
0.23129 2 8.53
0.230516 2 8.54
0.229549 2 8.55
0.229356 2 8.56
0.228196 2 8.57
0.227616 2 8.58
0.225488 2 8.59
0.224521 2 8.6
0.223168 2 8.61
0.222201 2 8.62
0.221814 2 8.63
0.220073 2 8.64
0.218526 2 8.65
0.217366 2 8.66
0.216593 2 8.67
0.215045 2 8.68
0.212918 2 8.69
0.211178 2 8.7
0.210404 2 8.71
0.208857 2 8.72
0.207697 2 8.73
0.206343 2 8.74
0.204409 2 8.75
0.204022 2 8.76
0.203249 2 8.77
0.202475 2 8.78
0.201122 2 8.79
0.199768 2 8.8
0.198994 2 8.81
0.198414 2 8.82
0.197641 2 8.83
0.196094 2 8.84
0.19474 2 8.85
0.19416 2 8.86
0.192419 2 8.87
0.191646 2 8.88
0.190485 1 8.89
0.189325 1 8.9
0.188358 1 8.91
0.186618 0 8.92
0.184297 0 8.93
0.18275 0 8.94
0.181396 0 8.95
0.180429 0 8.96
0.179076 0 8.97
0.177915 0 8.98
0.176368 0 8.99
0.174241 0 9
0.173274 0 9.01
0.171727 0 9.02
0.169793 0 9.03
0.169406 0 9.04
0.168826 0 9.05
0.167859 0 9.06
0.166312 0 9.07
0.164958 0 9.08
0.163798 0 9.09
0.162831 0 9.1
0.162444 0 9.11
0.161284 0 9.12
0.160704 0 9.13
0.159544 0 9.14
0.158963 0 9.15
0.15819 0 9.16
0.157416 0 9.17
0.156256 0 9.18
0.155482 0 9.19
0.154516 0 9.2
0.152968 0 9.21
0.151228 0 9.22
0.150648 0 9.23
0.150454 0 9.24
0.150261 0 9.25
0.149294 0 9.26
0.148907 0 9.27
0.148327 0 9.28
0.146974 0 9.29
0.1462 0 9.3
0.145426 0 9.31
0.144653 0 9.32
0.143493 0 9.33
0.143299 0 9.34
0.142719 0 9.35
0.142139 0 9.36
0.141172 0 9.37
0.139818 0 9.38
0.139045 0 9.39
0.138078 0 9.4
0.137111 0 9.41
0.136724 0 9.42
0.135757 0 9.43
0.135564 0 9.44
0.13421 0 9.45
0.133243 0 9.46
0.132663 0 9.47
0.132276 0 9.48
0.131503 0 9.49
0.130729 0 9.5
0.129375 0 9.51
0.128022 0 9.52
0.127635 0 9.53
0.127442 0 9.54
0.127248 0 9.55
0.126281 0 9.56
0.125508 0 9.57
0.124927 0 9.58
0.123961 0 9.59
0.123187 0 9.6
0.122027 0 9.61
0.120673 0 9.62
0.119319 0 9.63
0.118352 0 9.64
0.117772 0 9.65
0.116612 0 9.66
0.116032 0 9.67
0.115258 0 9.68
0.114485 0 9.69
0.113131 0 9.7
0.112744 0 9.71
0.111971 0 9.73
0.111584 0 9.74
0.11139 0 9.75
0.110037 0 9.76
0.10907 0 9.77
0.107909 0 9.78
0.107329 0 9.79
0.106362 0 9.8
0.105009 0 9.81
0.103655 0 9.82
0.103075 0 9.83
0.102688 0 9.84
0.102495 0 9.85
0.102108 0 9.86
0.101141 0 9.87
0.0995939 0 9.88
0.0982402 0 9.89
0.0980468 0 9.9
0.0970799 0 9.91
0.0961129 0 9.92
0.095146 0 9.93
0.0947592 0 9.94
0.0935989 0 9.95
0.092632 0 9.96
0.0920518 0 9.97
0.0918584 0 9.98
0.0910849 0 9.99
0.0897312 0 10
0.0887643 0 10.01
0.0883775 0 10.02
0.0876039 0 10.03
0.0872172 0 10.04
0.0870238 0 10.05
0.086637 0 10.06
0.0862502 0 10.07
0.0856701 0 10.08
0.0850899 0 10.1
0.0843164 0 10.11
0.0823825 0 10.12
0.0814156 0 10.13
0.0804487 0 10.14
0.0796751 0 10.15
0.0785148 0 10.16
0.0777412 0 10.17
0.0771611 0 10.18
0.0761942 0 10.19
0.0758074 0 10.2
0.0754206 0 10.21
0.0752272 0 10.22
0.0746471 0 10.23
0.0744537 0 10.24
0.0742603 0 10.25
0.0738735 0 10.26
0.0732934 0 10.27
0.0727132 0 10.28
0.0725198 0 10.29
0.072133 0 10.3
0.070586 0 10.31
0.0701992 0 10.32
0.069619 0 10.33
0.0688455 0 10.34
0.0686521 0 10.36
0.0682653 0 10.37
0.0676852 0 10.38
0.0674918 0 10.39
0.067105 0 10.4
0.0667182 0 10.41
0.0663315 0 10.42
0.0657513 0 10.43
0.0653645 0 10.44
0.064591 0 10.45
0.0643976 0 10.46
0.0638174 0 10.47
0.0632373 0 10.48
0.0626571 0 10.5
0.0616902 0 10.51
0.0607233 0 10.52
0.0597563 0 10.53
0.0591762 0 10.54
0.058596 0 10.55
0.0580159 0 10.56
0.0574357 0 10.57
0.0568555 0 10.58
0.0562754 0 10.59
0.056082 0 10.61
0.0556952 0 10.62
0.0551151 0 10.63
0.0539547 0 10.64
0.0537614 0 10.65
0.0533746 0 10.66
0.0529878 0 10.67
0.052601 0 10.68
0.0518275 0 10.69
0.051054 0 10.7
0.050087 0 10.71
0.0498936 0 10.72
0.0497003 0 10.73
0.0491201 0 10.74
0.0489267 0 10.75
0.0483465 0 10.76
0.0477664 0 10.77
0.0469928 0 10.78
0.0467995 0 10.79
0.0466061 0 10.8
0.0460259 0 10.82
0.0456391 0 10.83
0.0452524 0 10.84
0.045059 0 10.85
0.0444788 0 10.86
0.0440921 0 10.87
0.0435119 0 10.88
0.0433185 0 10.89
0.042545 0 10.9
0.0417714 0 10.91
0.0413846 0 10.92
0.0409979 0 10.93
0.0404177 0 10.95
0.0396442 0 10.96
0.0394508 0 10.97
0.039064 0 10.98
0.0388706 0 10.99
0.0380971 0 11
0.0373235 0 11.01
0.0369368 0 11.03
0.0367434 0 11.04
0.0363566 0 11.05
0.0361632 0 11.06
0.0355831 0 11.07
0.0353897 0 11.08
0.0350029 0 11.09
0.0344227 0 11.13
0.0336492 0 11.14
0.0332624 0 11.15
0.033069 0 11.17
0.0326823 0 11.19
0.0324889 0 11.2
0.0321021 0 11.21
0.0317153 0 11.22
0.0315219 0 11.23
0.0311352 0 11.25
0.0303616 0 11.26
0.0292013 0 11.28
0.0286212 0 11.29
0.0284278 0 11.3
0.028041 0 11.31
0.0278476 0 11.34
0.0274608 0 11.36
0.0270741 0 11.37
0.0268807 0 11.38
0.0264939 0 11.39
0.0263005 0 11.4
0.0253336 0 11.41
0.0247534 0 11.42
0.0237865 0 11.43
0.023013 0 11.45
0.0228196 0 11.46
0.0224328 0 11.49
0.022046 0 11.5
0.0218526 0 11.51
0.0214659 0 11.52
0.0210791 0 11.53
0.0208857 0 11.54
0.0204989 0 11.55
0.0203056 0 11.57
0.0201122 0 11.58
0.0197254 0 11.59
0.019532 0 11.61
0.0191452 0 11.62
0.0185651 0 11.65
0.0183717 0 11.66
0.0179849 0 11.67
0.0177915 0 11.68
0.0174048 0 11.7
0.0172114 0 11.71
0.0168246 0 11.73
0.0162444 0 11.76
0.0160511 0 11.77
0.0158577 0 11.78
0.0156643 0 11.79
0.0154709 0 11.8
0.0152775 0 11.81
0.0148907 0 11.84
0.014504 0 11.85
0.0143106 0 11.87
0.0139238 0 11.9
0.013537 0 11.91
0.0133436 0 11.92
0.0131503 0 11.93
0.0129569 0 11.95
0.0125701 0 11.96
0.0123767 0 11.97
0.0119899 0 11.99
0.0117966 0 12
0.0116032 0 12.03
0.0114098 0 12.04
0.0112164 0 12.05
0.0108296 0 12.07
0.0106362 0 12.09
0.0104429 0 12.13
0.0102495 0 12.18
0.0100561 0 12.19
0.0098627 0 12.2
0.00966931 0 12.23
0.00928254 0 12.24
0.00908915 0 12.25
0.00889576 0 12.27
0.00870238 0 12.32
0.00850899 0 12.37
0.00812222 0 12.38
0.00792883 0 12.39
0.00773545 0 12.42
0.00754206 0 12.47
0.00715529 0 12.49
0.0069619 0 12.53
0.00676852 0 12.54
0.00638174 0 12.56
0.00618836 0 12.58
0.00599497 0 12.64
0.00580159 0 12.65
0.00541481 0 12.68
0.00502804 0 12.74
0.00483465 0 12.78
0.00444788 0 12.8
0.0042545 0 12.91
0.00406111 0 12.92
0.00386772 0 12.99
0.00348095 0 13.01
0.00309418 0 13.07
0.00290079 0 13.08
0.00270741 0 13.1
0.00251402 0 13.11
0.00232063 0 13.18
0.00212725 0 13.23
0.00193386 0 13.24
0.00174048 0 13.28
0.00154709 0 13.29
0.0013537 0 13.34
0.00116032 0 13.49
0.000966931 0 13.5
0.000773545 0 13.51
0.000580159 0 13.8
0.000386772 0 13.86
0.000193386 0 14.13
0 0 1.79769e+308
