0.462267 297
0.462267 296
0.462267 295
0.462141 295
0.462022 295
0.462022 294
0.461893 294
0.461893 293
0.461893 292
0.461893 291
0.461893 290
0.461893 289
0.461893 288
0.461893 287
0.461893 286
0.461893 285
0.461875 284
0.461875 283
0.461772 283
0.461638 283
0.461539 283
0.461426 283
0.461426 282
0.461426 281
0.461426 280
0.461426 279
0.461426 278
0.461426 277
0.461308 277
0.461308 276
0.461171 275
0.461053 274
0.460927 273
0.460844 272
0.460743 272
0.460627 272
0.460627 271
0.460627 270
0.460479 270
0.460382 270
0.460382 269
0.460267 268
0.46013 267
0.46013 266
0.46001 266
0.459882 266
0.459882 265
0.459882 264
0.459749 264
0.459749 263
0.459621 262
0.459621 260
0.459621 259
0.459621 258
0.459382 258
0.459277 258
0.459238 257
0.459114 256
0.459114 255
0.459104 254
0.459104 253
0.459104 252
0.459104 251
0.459104 250
0.459104 249
0.458959 248
0.458847 248
0.45881 247
0.45881 246
0.45881 244
0.45869 243
0.45869 242
0.458463 242
0.458331 242
0.458148 241
0.458039 240
0.458039 238
0.458039 237
0.458039 236
0.457914 234
0.457847 234
0.457847 232
0.457847 231
0.457733 229
0.457608 229
0.457485 229
0.457363 229
0.457363 228
0.457264 226
0.457264 225
0.457264 223
0.457199 222
0.457073 220
0.456941 220
0.456836 219
0.456705 217
0.456705 216
0.456587 215
0.456446 215
0.456318 215
0.456318 214
0.456204 214
0.456089 214
0.455633 212
0.455633 211
0.455633 209
0.455401 208
0.455401 207
0.455265 207
0.455265 206
0.455143 205
0.455018 205
0.455018 204
0.45488 203
0.454646 203
0.454528 203
0.454399 203
0.454399 202
0.454142 202
0.453877 200
0.453791 199
0.453689 198
0.45346 198
0.452976 198
0.452863 197
0.452863 196
0.452747 196
0.452537 195
0.45231 195
0.452053 195
0.452053 194
0.451916 192
0.451791 191
0.451682 191
0.451592 190
0.451464 190
0.451458 188
0.451337 187
0.451337 186
0.451337 185
0.451094 185
0.450964 185
0.45081 183
0.450696 183
0.450584 183
0.450472 183
0.45036 183
0.450132 181
0.449634 181
0.449367 181
0.448991 181
0.448875 181
0.44875 179
0.448501 178
0.448412 177
0.448146 177
0.448039 177
0.447909 177
0.447801 177
0.447715 176
0.447636 176
0.447636 175
0.447375 175
0.447153 175
0.447022 175
0.447022 174
0.446786 172
0.446657 172
0.446657 170
0.446657 169
0.446538 169
0.446275 169
0.446275 168
0.44616 168
0.446031 168
0.445652 168
0.445391 167
0.444663 165
0.444404 165
0.444286 165
0.444024 164
0.443654 162
0.443645 161
0.443557 159
0.443309 159
0.443309 158
0.443041 157
0.443041 156
0.442776 155
0.442521 154
0.44213 154
0.44189 153
0.441545 152
0.441269 152
0.440912 151
0.440912 150
0.44048 148
0.440345 147
0.440345 146
0.44026 145
0.440155 145
0.439905 144
0.439801 144
0.439448 143
0.439322 142
0.439233 140
0.43876 138
0.438628 138
0.438284 137
0.438284 135
0.438167 134
0.438041 134
0.437802 134
0.437802 133
0.437543 133
0.437433 133
0.437433 130
0.437328 127
0.437207 126
0.437086 125
0.436861 125
0.436741 125
0.436088 125
0.435973 123
0.435414 122
0.435169 121
0.435069 121
0.435069 120
0.434817 120
0.434695 118
0.434324 118
0.434185 118
0.434185 117
0.434059 116
0.433955 116
0.433827 116
0.433704 116
0.433571 115
0.433436 115
0.433061 112
0.432826 111
0.432699 111
0.432162 111
0.432042 111
0.431598 110
0.431189 110
0.430669 107
0.430541 107
0.430413 105
0.430413 104
0.430174 104
0.429903 102
0.42965 102
0.429288 101
0.429066 101
0.428677 101
0.428549 100
0.42834 100
0.427957 100
0.427827 99
0.42757 99
0.427305 99
0.427049 99
0.426934 99
0.426687 99
0.426462 97
0.426222 97
0.425636 96
0.425511 95
0.425014 94
0.424669 92
0.424074 91
0.423615 90
0.423468 88
0.423322 88
0.422927 86
0.422538 85
0.421593 85
0.421214 85
0.421089 85
0.420969 85
0.420487 85
0.419877 85
0.419498 85
0.419119 85
0.418869 85
0.418463 85
0.418463 84
0.41824 82
0.417746 81
0.417381 81
0.417002 81
0.416522 81
0.415958 80
0.415714 80
0.415091 80
0.414778 78
0.414675 78
0.413786 78
0.413118 77
0.412594 76
0.412229 75
0.411474 74
0.411336 73
0.4111 70
0.410267 70
0.409866 70
0.409634 70
0.409161 70
0.409033 70
0.408905 70
0.408277 70
0.407538 70
0.406715 69
0.40607 69
0.405953 69
0.405298 69
0.405042 69
0.404553 69
0.404418 68
0.403955 68
0.403825 67
0.403243 67
0.402476 66
0.40186 64
0.401246 64
0.400995 63
0.40084 62
0.400448 62
0.399718 62
0.399336 61
0.398543 60
0.398173 60
0.397951 60
0.397711 60
0.397001 60
0.396343 60
0.395968 59
0.3955 59
0.39502 58
0.394655 58
0.393681 58
0.39343 58
0.392797 56
0.392539 56
0.392283 56
0.391647 56
0.391286 54
0.390686 53
0.390438 53
0.389921 53
0.389263 52
0.388875 52
0.388753 51
0.388496 51
0.387895 51
0.387895 49
0.387048 49
0.386804 49
0.386253 48
0.386125 48
0.386001 48
0.385516 48
0.385178 48
0.384542 47
0.383135 47
0.382291 47
0.381925 47
0.38141 46
0.381037 46
0.380686 46
0.380333 46
0.380224 46
0.379978 46
0.379191 46
0.378733 46
0.377898 46
0.377396 46
0.3764 46
0.375755 46
0.375414 46
0.375132 45
0.374889 44
0.374502 43
0.373434 43
0.373162 43
0.372771 42
0.37203 42
0.37154 42
0.371017 41
0.370534 41
0.370167 41
0.369491 40
0.369124 40
0.368524 40
0.367697 40
0.367069 40
0.366446 40
0.366046 40
0.365131 40
0.364069 40
0.363797 40
0.363103 40
0.362838 40
0.362484 39
0.361953 38
0.361461 38
0.360415 38
0.359648 38
0.359006 38
0.358287 38
0.357759 37
0.357297 36
0.35638 36
0.356128 35
0.355872 35
0.355487 35
0.354741 35
0.354359 35
0.353682 34
0.353172 34
0.352658 34
0.352404 34
0.352167 34
0.351633 33
0.351402 33
0.350519 33
0.350033 31
0.349656 31
0.349414 30
0.348993 29
0.348395 28
0.347988 28
0.34745 28
0.346964 28
0.346576 28
0.346193 28
0.345271 28
0.344761 28
0.34425 28
0.343755 28
0.343041 28
0.342523 28
0.342147 27
0.341547 27
0.340802 27
0.339544 27
0.339279 27
0.338642 27
0.338161 26
0.337403 25
0.336538 25
0.336149 25
0.335779 25
0.334957 24
0.3344 23
0.333923 22
0.333452 22
0.333035 22
0.332511 22
0.332005 22
0.331631 22
0.331375 22
0.330486 22
0.329705 22
0.328917 22
0.327648 22
0.327004 22
0.326202 21
0.325935 21
0.325444 21
0.325069 21
0.324288 21
0.323797 21
0.323672 21
0.323015 20
0.322643 19
0.322002 19
0.321749 19
0.320832 19
0.320344 19
0.31981 19
0.318947 19
0.317974 18
0.317596 18
0.317467 18
0.317332 18
0.316446 18
0.315421 18
0.315053 17
0.314653 17
0.313624 17
0.312748 17
0.311984 17
0.311345 17
0.310659 17
0.310143 16
0.309382 16
0.308885 16
0.308014 16
0.307298 16
0.306656 16
0.305894 16
0.305145 16
0.304248 16
0.303528 15
0.302895 15
0.302252 15
0.301468 15
0.300998 15
0.300062 15
0.298948 15
0.298085 15
0.297223 15
0.296844 15
0.296059 15
0.295165 15
0.295031 15
0.294408 15
0.292749 15
0.292356 15
0.29185 15
0.290964 15
0.290435 15
0.289556 15
0.288789 15
0.288014 15
0.28714 15
0.285627 15
0.284982 14
0.284583 13
0.283951 13
0.283483 13
0.281958 13
0.281694 13
0.280922 13
0.280045 13
0.279134 13
0.278611 13
0.277431 13
0.276793 13
0.276154 13
0.274848 13
0.274473 13
0.273819 13
0.273061 13
0.272172 13
0.271014 13
0.270379 13
0.269359 12
0.268529 12
0.267352 12
0.266721 12
0.266593 12
0.265431 12
0.264817 12
0.264191 12
0.26358 12
0.26308 12
0.262189 12
0.26119 12
0.260833 12
0.26045 12
0.25945 11
0.258942 11
0.258711 11
0.257945 11
0.257317 11
0.256189 11
0.255481 10
0.254231 10
0.253579 10
0.252543 10
0.250781 10
0.24943 9
0.249168 9
0.248524 9
0.247348 9
0.246707 9
0.24636 9
0.245769 8
0.244912 8
0.244285 8
0.243275 8
0.242368 8
0.241741 8
0.240955 8
0.23945 7
0.238593 6
0.237598 6
0.236443 6
0.236085 6
0.235159 6
0.234144 5
0.233234 5
0.232449 5
0.232194 5
0.231554 5
0.230929 5
0.230297 5
0.229916 5
0.228886 5
0.22864 5
0.228261 5
0.227304 5
0.226527 5
0.225906 5
0.224761 5
0.223746 5
0.223356 5
0.2224 5
0.221899 5
0.220519 5
0.219983 5
0.219449 5
0.218703 5
0.218337 5
0.216933 5
0.215917 5
0.214545 5
0.213548 5
0.212294 5
0.211325 4
0.210665 4
0.210052 4
0.209652 4
0.207777 4
0.206976 4
0.205321 4
0.204829 4
0.203618 4
0.202717 4
0.201539 4
0.20128 4
0.200786 4
0.199776 4
0.199412 4
0.198658 4
0.19764 4
0.196738 4
0.195992 4
0.195609 4
0.194293 4
0.193659 4
0.19313 4
0.192357 4
0.191711 4
0.190551 4
0.189942 4
0.188623 4
0.188371 4
0.187854 4
0.187088 4
0.186578 4
0.185924 4
0.185297 4
0.184124 4
0.183406 4
0.182902 4
0.181859 4
0.181455 4
0.181093 4
0.18038 4
0.179618 4
0.178893 4
0.178528 4
0.177432 3
0.176804 3
0.176034 3
0.175025 3
0.174378 3
0.173981 3
0.173702 3
0.17319 3
0.172799 3
0.171919 3
0.171 3
0.170221 3
0.169347 3
0.168713 3
0.16809 3
0.167583 3
0.166826 3
0.166324 3
0.165701 2
0.165183 2
0.163906 2
0.163137 2
0.162639 2
0.161353 2
0.160691 2
0.15978 2
0.159118 2
0.158466 2
0.157327 2
0.156463 2
0.15619 2
0.15568 2
0.15506 2
0.154689 2
0.154185 2
0.153173 2
0.152639 2
0.152019 2
0.151882 2
0.151144 2
0.150739 2
0.149348 2
0.148689 2
0.147787 2
0.147142 2
0.146882 2
0.145706 2
0.144668 2
0.143886 2
0.14334 2
0.142309 2
0.140859 2
0.139705 2
0.139191 2
0.138177 2
0.137402 2
0.136499 2
0.135216 2
0.134951 2
0.134397 2
0.13388 2
0.132951 2
0.132034 2
0.131519 2
0.131127 2
0.1306 2
0.129597 2
0.128728 2
0.128339 2
0.127206 2
0.126692 2
0.125939 1
0.125195 1
0.124591 1
0.123382 0
0.121864 0
0.120805 0
0.119905 0
0.11926 0
0.11837 0
0.117611 0
0.116596 0
0.115163 0
0.114495 0
0.11345 0
0.11218 0
0.111913 0
0.111527 0
0.110891 0
0.109852 0
0.108942 0
0.108187 0
0.107557 0
0.107282 0
0.106501 0
0.106124 0
0.105353 0
0.104959 0
0.104439 0
0.103925 0
0.103158 0
0.10263 0
0.101993 0
0.100959 0
0.09983 0
0.0994633 0
0.0993389 0
0.0992183 0
0.0985763 0
0.0983247 0
0.097965 0
0.0971183 0
0.0966254 0
0.0961239 0
0.095609 0
0.0948208 0
0.0946966 0
0.0943118 0
0.0939084 0
0.0932628 0
0.0923699 0
0.0918522 0
0.0911945 0
0.0905208 0
0.0902651 0
0.0896308 0
0.0895041 0
0.0886204 0
0.0879831 0
0.0875931 0
0.0873311 0
0.0868163 0
0.0863003 0
0.0854259 0
0.084519 0
0.0842723 0
0.0841427 0
0.0840172 0
0.0833719 0
0.0828772 0
0.0824852 0
0.0818203 0
0.0812987 0
0.0805567 0
0.0796771 0
0.0787681 0
0.0781443 0
0.0777524 0
0.0769815 0
0.0765927 0
0.0760853 0
0.0755884 0
0.0746951 0
0.0744531 0
0.0739728 0
0.0737207 0
0.0736004 0
0.0726969 0
0.0720653 0
0.0712856 0
0.0708979 0
0.0702803 0
0.0693612 0
0.0684826 0
0.0681113 0
0.0678479 0
0.0677178 0
0.067467 0
0.0668521 0
0.0658286 0
0.0649259 0
0.0648027 0
0.0641925 0
0.0635485 0
0.0629497 0
0.0626985 0
0.0619415 0
0.0613231 0
0.0609283 0
0.0607979 0
0.060282 0
0.0593791 0
0.0587222 0
0.058454 0
0.0579647 0
0.0577119 0
0.0575722 0
0.0573052 0
0.0570567 0
0.0566811 0
0.0562891 0
0.0557755 0
0.0545154 0
0.0538956 0
0.0532398 0
0.0527368 0
0.0519715 0
0.0514399 0
0.0510682 0
0.05044 0
0.0501837 0
0.0499225 0
0.0497883 0
0.0494013 0
0.0492855 0
0.0491496 0
0.0488841 0
0.0484879 0
0.048097 0
0.0479711 0
0.0477393 0
0.0467357 0
0.0464798 0
0.0460879 0
0.0455677 0
0.0454291 0
0.0451676 0
0.0447728 0
0.0446563 0
0.0443752 0
0.0441165 0
0.0438757 0
0.0435214 0
0.0432514 0
0.0427312 0
0.0426148 0
0.0422171 0
0.0418537 0
0.041485 0
0.040841 0
0.0402102 0
0.0395544 0
0.0391836 0
0.0387921 0
0.0383884 0
0.0380129 0
0.0376322 0
0.037232 0
0.0371139 0
0.0368487 0
0.0364752 0
0.0357262 0
0.0355965 0
0.0353309 0
0.0350697 0
0.0348074 0
0.0342886 0
0.0337709 0
0.0331281 0
0.032992 0
0.0328578 0
0.0324891 0
0.0323661 0
0.0319804 0
0.0315994 0
0.0310773 0
0.0309498 0
0.0308244 0
0.0304507 0
0.0302068 0
0.0299486 0
0.0298193 0
0.0294428 0
0.029192 0
0.0288147 0
0.028678 0
0.0281657 0
0.0276499 0
0.0273969 0
0.027131 0
0.0267435 0
0.0262188 0
0.0260775 0
0.0258054 0
0.0256817 0
0.0251684 0
0.0246472 0
0.0243914 0
0.0242582 0
0.024008 0
0.0238847 0
0.0235303 0
0.0233936 0
0.0231403 0
0.0227581 0
0.0222274 0
0.0219566 0
0.0218336 0
0.0215774 0
0.0214532 0
0.0212109 0
0.0209561 0
0.0208206 0
0.020571 0
0.0200792 0
0.0193082 0
0.0189454 0
0.0188037 0
0.0185326 0
0.0183943 0
0.0181319 0
0.0178788 0
0.0177495 0
0.0174962 0
0.0173518 0
0.0167016 0
0.0163198 0
0.0156881 0
0.0151648 0
0.0150232 0
0.0147473 0
0.0145018 0
0.0143761 0
0.0141218 0
0.0138657 0
0.0137587 0
0.0134995 0
0.01338 0
0.0132564 0
0.0129929 0
0.0128682 0
0.0126205 0
0.0122357 0
0.0121 0
0.0118505 0
0.0117243 0
0.0114714 0
0.0113438 0
0.011089 0
0.0107129 0
0.0105819 0
0.0104543 0
0.0103312 0
0.0102032 0
0.0100784 0
0.00982865 0
0.00958431 0
0.00945611 0
0.00920311 0
0.00894181 0
0.00880582 0
0.00867126 0
0.00854647 0
0.0082818 0
0.00814475 0
0.00788808 0
0.00776396 0
0.0076378 0
0.00751357 0
0.00739953 0
0.00713847 0
0.00700475 0
0.00686687 0
0.00673541 0
0.00660359 0
0.00647467 0
0.00635701 0
0.0061089 0
0.00597358 0
0.0058448 0
0.00571738 0
0.0055846 0
0.00532484 0
0.00519451 0
0.00505561 0
0.00492308 0
0.0046716 0
0.00455045 0
0.0044133 0
0.00414965 0
0.00401573 0
0.00388708 0
0.00377332 0
0.00351164 0
0.00326911 0
0.00314919 0
0.00289867 0
0.00277527 0
0.00265628 0
0.00253331 0
0.00227836 0
0.00202722 0
0.00189984 0
0.00176865 0
0.00164638 0
0.00152133 0
0.001399 0
0.00127061 0
0.00114852 0
0.00101219 0
0.000887545 0
0.000754635 0
0.000626521 0
0.00050848 0
0.000385298 0
0.000255159 0
0.00013118 0
0 0
