0.665249 59 54.66
0.665055 59 54.74
0.664862 59 54.79
0.664668 59 54.89
0.664475 59 54.92
0.664282 59 54.96
0.664088 59 54.98
0.663895 59 55
0.663895 58 55.01
0.663895 57 55.07
0.663701 57 55.11
0.663508 57 55.12
0.663121 57 55.13
0.663121 56 55.14
0.662928 56 55.15
0.662734 56 55.17
0.662541 56 55.18
0.662348 56 55.19
0.662348 55 55.21
0.661574 54 55.22
0.660994 53 55.23
0.660994 52 55.24
0.660801 52 55.25
0.660414 52 55.26
0.65964 52 55.27
0.659254 52 55.28
0.65848 52 55.29
0.657513 52 55.3
0.656546 52 55.31
0.656353 51 55.32
0.656159 50 55.33
0.655579 50 55.34
0.654806 50 55.35
0.654612 50 55.36
0.654225 49 55.37
0.653839 49 55.38
0.653645 48 55.39
0.653259 48 55.4
0.652872 48 55.41
0.652485 47 55.42
0.651711 47 55.43
0.650551 47 55.44
0.650358 47 55.45
0.649391 47 55.46
0.648424 47 55.47
0.647844 47 55.48
0.64649 46 55.49
0.645716 46 55.5
0.644556 45 55.51
0.643589 43 55.52
0.642236 43 55.53
0.642042 43 55.54
0.641269 43 55.55
0.641075 43 55.56
0.640688 42 55.57
0.640108 42 55.58
0.638948 42 55.59
0.637594 42 55.6
0.636434 42 55.61
0.634887 42 55.62
0.634113 41 55.63
0.633533 40 55.64
0.632373 40 55.65
0.631406 39 55.66
0.629085 39 55.67
0.627925 39 55.68
0.626184 39 55.69
0.625024 39 55.7
0.623864 39 55.71
0.62251 38 55.72
0.621156 38 55.73
0.619803 38 55.74
0.618449 38 55.75
0.616902 38 55.76
0.614775 38 55.77
0.613808 37 55.78
0.611487 35 55.79
0.608006 33 55.8
0.606652 32 55.81
0.604138 32 55.82
0.601624 32 55.83
0.599884 32 55.84
0.59853 32 55.85
0.596983 31 55.86
0.595243 30 55.87
0.593889 29 55.88
0.591762 28 55.89
0.590988 28 55.9
0.587314 27 55.91
0.583833 27 55.92
0.582092 27 55.93
0.579385 27 55.94
0.577258 27 55.95
0.575517 26 55.96
0.572617 25 55.97
0.571456 25 55.98
0.569522 24 55.99
0.567975 22 56
0.566041 21 56.01
0.564494 21 56.02
0.5614 21 56.03
0.558306 20 56.04
0.555985 19 56.05
0.553278 18 56.06
0.550957 18 56.07
0.548056 18 56.08
0.546123 18 56.09
0.542448 18 56.1
0.539354 18 56.11
0.53742 17 56.12
0.534519 16 56.13
0.531812 16 56.14
0.528911 16 56.15
0.52601 16 56.16
0.524077 16 56.17
0.522143 16 56.18
0.519629 16 56.19
0.516148 16 56.2
0.5117 15 56.21
0.507445 15 56.22
0.504545 15 56.23
0.50087 15 56.24
0.498356 15 56.25
0.494488 15 56.26
0.491008 15 56.27
0.488107 15 56.28
0.484819 14 56.29
0.481145 13 56.3
0.477664 12 56.31
0.472249 12 56.32
0.469928 12 56.33
0.467801 12 56.34
0.463933 11 56.35
0.460839 11 56.36
0.457939 11 56.37
0.456198 11 56.38
0.45233 10 56.39
0.448656 9 56.4
0.444788 9 56.41
0.44034 7 56.42
0.436666 7 56.43
0.433572 7 56.44
0.429511 6 56.45
0.423709 6 56.46
0.420228 6 56.47
0.416941 6 56.48
0.412493 6 56.49
0.407851 6 56.5
0.404371 6 56.51
0.40089 6 56.52
0.397215 6 56.53
0.393154 6 56.54
0.38948 6 56.55
0.385225 6 56.56
0.382905 6 56.57
0.37807 6 56.58
0.372075 6 56.59
0.368014 6 56.6
0.362792 6 56.61
0.357764 6 56.62
0.352736 6 56.63
0.347902 6 56.64
0.343647 6 56.65
0.340166 6 56.66
0.335525 6 56.67
0.331657 6 56.68
0.328176 5 56.69
0.321795 5 56.7
0.317153 5 56.71
0.312512 5 56.72
0.306711 5 56.73
0.301102 5 56.74
0.297041 4 56.75
0.293173 4 56.76
0.289886 4 56.77
0.286405 4 56.78
0.281377 3 56.79
0.276155 3 56.8
0.273448 3 56.81
0.269 2 56.82
0.264166 2 56.83
0.259137 2 56.84
0.256237 2 56.85
0.252756 1 56.86
0.249081 1 56.87
0.24502 1 56.88
0.240186 1 56.89
0.236898 1 56.9
0.232644 1 56.91
0.226068 1 56.92
0.221234 1 56.93
0.21814 1 56.94
0.214659 1 56.95
0.210598 1 56.96
0.20731 1 56.97
0.203442 1 56.98
0.197641 1 56.99
0.193193 1 57
0.189905 1 57.01
0.185651 1 57.02
0.181976 1 57.03
0.180043 1 57.04
0.176948 0 57.05
0.173661 0 57.06
0.17134 0 57.07
0.167666 0 57.08
0.164572 0 57.09
0.162251 0 57.1
0.158963 0 57.11
0.155869 0 57.12
0.152002 0 57.13
0.148907 0 57.14
0.146007 0 57.15
0.143106 0 57.16
0.140205 0 57.17
0.137498 0 57.18
0.134403 0 57.19
0.131309 0 57.2
0.128408 0 57.21
0.125701 0 57.22
0.123767 0 57.23
0.120093 0 57.24
0.117192 0 57.25
0.114678 0 57.26
0.112551 0 57.27
0.109843 0 57.28
0.106556 0 57.29
0.104429 0 57.3
0.102108 0 57.31
0.100561 0 57.32
0.0978534 0 57.33
0.0953394 0 57.34
0.0932121 0 57.35
0.0910849 0 57.36
0.0887643 0 57.37
0.0860569 0 57.38
0.0835428 0 57.39
0.0821891 0 57.4
0.0810288 0 57.41
0.0785148 0 57.42
0.0763875 0 57.43
0.0740669 0 57.44
0.0725198 0 57.45
0.0703926 0 57.46
0.0674918 0 57.47
0.0661381 0 57.48
0.0649778 0 57.49
0.0630439 0 57.5
0.0609167 0 57.51
0.0589828 0 57.52
0.0572423 0 57.53
0.0555018 0 57.54
0.0537614 0 57.55
0.0533746 0 57.56
0.0518275 0 57.57
0.0502804 0 57.58
0.0487333 0 57.59
0.0471862 0 57.6
0.0462193 0 57.61
0.0452524 0 57.62
0.0431251 0 57.63
0.0413846 0 57.64
0.0404177 0 57.65
0.0398376 0 57.66
0.0388706 0 57.67
0.0375169 0 57.68
0.0361632 0 57.69
0.0355831 0 57.7
0.0336492 0 57.71
0.0328757 0 57.72
0.0317153 0 57.73
0.0303616 0 57.74
0.0293947 0 57.75
0.0284278 0 57.76
0.0272675 0 57.77
0.0264939 0 57.78
0.0249468 0 57.79
0.023013 0 57.8
0.0210791 0 57.81
0.0206923 0 57.82
0.0203056 0 57.83
0.0193386 0 57.84
0.0189518 0 57.85
0.0181783 0 57.86
0.0172114 0 57.87
0.0162444 0 57.88
0.0158577 0 57.89
0.0154709 0 57.9
0.0152775 0 57.91
0.0148907 0 57.92
0.0141172 0 57.93
0.0131503 0 57.94
0.0129569 0 57.95
0.0125701 0 57.96
0.0123767 0 57.97
0.0116032 0 57.98
0.0106362 0 57.99
0.0098627 0 58.01
0.00947592 0 58.02
0.00889576 0 58.03
0.00812222 0 58.04
0.00734868 0 58.05
0.00638174 0 58.06
0.00618836 0 58.08
0.00580159 0 58.09
0.00541481 0 58.11
0.00483465 0 58.14
0.00444788 0 58.15
0.00406111 0 58.16
0.00348095 0 58.18
0.00328757 0 58.19
0.00309418 0 58.2
0.00290079 0 58.22
0.00270741 0 58.23
0.00251402 0 58.24
0.00212725 0 58.25
0.00193386 0 58.29
0.00174048 0 58.32
0.00154709 0 58.38
0.0013537 0 58.39
0.00116032 0 58.47
0.000966931 0 58.5
0.000773545 0 58.51
0.000580159 0 58.54
0.000386772 0 58.55
0.000193386 0 58.68
0 0 1.79769e+308
