0.215448 5
0.215332 5
0.215215 5
0.215092 5
0.214832 5
0.214707 5
0.214513 4
0.214386 4
0.214005 4
0.213895 4
0.213673 4
0.213539 4
0.213401 4
0.213265 4
0.213131 4
0.213002 4
0.21287 4
0.212751 4
0.212634 4
0.212498 4
0.212377 4
0.212244 4
0.212112 4
0.211988 4
0.211736 4
0.211607 4
0.211128 4
0.210724 4
0.210586 4
0.210457 4
0.210212 4
0.210096 4
0.209717 4
0.209588 4
0.209458 4
0.209331 4
0.209199 4
0.208949 4
0.208821 4
0.208695 4
0.208422 4
0.208162 4
0.207927 4
0.207407 4
0.207139 4
0.206872 4
0.206749 4
0.20661 4
0.206119 4
0.205745 4
0.20561 4
0.205495 4
0.205236 4
0.204879 4
0.204619 4
0.204364 4
0.204239 4
0.203624 4
0.203108 4
0.202988 4
0.202527 4
0.201909 4
0.201516 4
0.201264 4
0.201139 4
0.200903 4
0.200771 4
0.2004 4
0.20016 4
0.199774 4
0.19965 4
0.199257 4
0.199131 4
0.199005 4
0.198737 4
0.19799 4
0.197868 4
0.196842 4
0.196733 4
0.196356 4
0.195696 4
0.19507 4
0.194577 4
0.194077 4
0.193944 4
0.193537 4
0.193137 4
0.19261 4
0.192107 4
0.191873 4
0.191639 4
0.191398 4
0.191259 4
0.190612 4
0.190231 4
0.189607 4
0.188822 4
0.188327 4
0.187686 4
0.186918 4
0.186522 4
0.186149 4
0.185508 4
0.185156 3
0.184533 3
0.183899 3
0.183419 3
0.183159 3
0.182926 3
0.182657 3
0.182429 3
0.182025 3
0.181778 3
0.181397 3
0.180636 3
0.180267 3
0.179775 3
0.179402 3
0.178123 3
0.17774 3
0.177243 3
0.176332 3
0.175972 3
0.175594 3
0.175232 3
0.174185 3
0.173924 3
0.173296 3
0.172504 3
0.172379 3
0.171879 3
0.171398 2
0.170781 2
0.170143 2
0.16945 1
0.168565 1
0.168055 1
0.167796 1
0.167292 1
0.166254 1
0.165754 1
0.165258 1
0.164624 1
0.163903 1
0.162896 1
0.162365 1
0.161231 1
0.159933 1
0.159421 1
0.158547 1
0.157138 1
0.156218 1
0.155205 1
0.154701 1
0.153679 1
0.152906 1
0.152015 1
0.151761 1
0.15048 1
0.149845 1
0.148833 1
0.148178 1
0.14715 1
0.146662 1
0.145629 1
0.144863 1
0.143726 1
0.142838 1
0.142097 1
0.141973 1
0.140697 1
0.139428 1
0.139045 1
0.138287 1
0.137655 1
0.136982 1
0.136465 1
0.136202 1
0.135969 1
0.134815 1
0.133787 1
0.133528 1
0.132476 1
0.131602 1
0.1311 1
0.13023 1
0.129341 1
0.128705 1
0.128087 1
0.127686 1
0.127048 1
0.126179 1
0.125528 1
0.124631 1
0.123596 1
0.1227 1
0.121549 1
0.120772 1
0.119836 1
0.118823 1
0.118088 1
0.11757 1
0.116918 1
0.115748 1
0.114972 1
0.114103 1
0.112801 1
0.111919 1
0.110999 1
0.110225 1
0.109344 1
0.108554 1
0.107648 1
0.106744 1
0.105459 1
0.104578 1
0.104082 1
0.10318 1
0.102133 1
0.101107 1
0.100223 1
0.0994354 1
0.0990403 1
0.0972545 1
0.0967466 0
0.0960824 0
0.0955804 0
0.0938023 0
0.0934334 0
0.0925578 0
0.0920953 0
0.091593 0
0.0908155 0
0.0903064 0
0.0895302 0
0.0888765 0
0.0879677 0
0.0875886 0
0.0866786 0
0.0859131 0
0.0852679 0
0.0844605 0
0.0839645 0
0.083435 0
0.0826534 0
0.081225 0
0.0803277 0
0.0794405 0
0.077881 0
0.0774996 0
0.0764476 0
0.0755299 0
0.074104 0
0.0733375 0
0.0729712 0
0.0720804 0
0.071206 0
0.0704269 0
0.0699315 0
0.069555 0
0.0690486 0
0.0685297 0
0.0680346 0
0.0673679 0
0.0667371 0
0.0662272 0
0.0654677 0
0.0645813 0
0.0635742 0
0.0633283 0
0.0630774 0
0.062554 0
0.0616858 0
0.0608965 0
0.0598506 0
0.0590556 0
0.0583102 0
0.0575372 0
0.0567565 0
0.055975 0
0.0552125 0
0.054305 0
0.0539388 0
0.0527979 0
0.0520118 0
0.0512546 0
0.0504735 0
0.0499491 0
0.0494283 0
0.0490206 0
0.0479939 0
0.0475008 0
0.0465903 0
0.0462018 0
0.0456933 0
0.0450776 0
0.0440629 0
0.0433102 0
0.0425274 0
0.0420311 0
0.0415337 0
0.0407731 0
0.0396088 0
0.0386869 0
0.0380396 0
0.0375061 0
0.0369826 0
0.0364876 0
0.036099 0
0.0354673 0
0.0340928 0
0.0334455 0
0.0333282 0
0.0329272 0
0.0326822 0
0.0325543 0
0.0321652 0
0.0312771 0
0.0308826 0
0.030245 0
0.0294712 0
0.0288392 0
0.0282226 0
0.0279476 0
0.0271626 0
0.0265491 0
0.0262979 0
0.0260615 0
0.0256778 0
0.0255641 0
0.0251755 0
0.0250412 0
0.0245246 0
0.0242714 0
0.0237696 0
0.0233757 0
0.02286 0
0.0221179 0
0.0219844 0
0.0211933 0
0.0209397 0
0.0204264 0
0.0196791 0
0.0193045 0
0.0189363 0
0.0184096 0
0.0181215 0
0.0179982 0
0.0177329 0
0.0174691 0
0.0169446 0
0.0168284 0
0.0165547 0
0.0162956 0
0.015776 0
0.0152529 0
0.0150191 0
0.0146542 0
0.0143919 0
0.0138804 0
0.0137545 0
0.0134875 0
0.0132221 0
0.0130906 0
0.0128463 0
0.012719 0
0.0125801 0
0.0122058 0
0.0120737 0
0.0118151 0
0.0115728 0
0.0111873 0
0.0110661 0
0.010931 0
0.0106848 0
0.010416 0
0.0101446 0
0.00975811 0
0.0093957 0
0.00887224 0
0.00876 0
0.00837217 0
0.00823764 0
0.00771093 0
0.00757823 0
0.00706709 0
0.00694374 0
0.00681302 0
0.00668484 0
0.00656011 0
0.00631149 0
0.00590977 0
0.0057769 0
0.00551962 0
0.00538653 0
0.00526032 0
0.00512599 0
0.00486685 0
0.00473163 0
0.00434518 0
0.0040817 0
0.0039447 0
0.00382222 0
0.00357086 0
0.00343451 0
0.00317754 0
0.00304724 0
0.00291387 0
0.00277907 0
0.00265058 0
0.00251851 0
0.00225468 0
0.00212149 0
0.00198911 0
0.00185457 0
0.00172108 0
0.0015833 0
0.00145009 0
0.00132011 0
0.00119015 0
0.00106453 0
0.000924015 0
0.00079362 0
0.000657149 0
0.000397294 0
0.000270758 0
0.000128305 0
0 0
