0.429692 85
0.429692 84
0.429557 84
0.429432 84
0.429316 83
0.429198 83
0.429081 83
0.429081 82
0.429081 81
0.428951 81
0.428934 80
0.428934 78
0.428823 78
0.428667 78
0.42843 78
0.428096 77
0.427801 74
0.427665 74
0.427543 74
0.427175 73
0.427096 72
0.426822 71
0.42636 70
0.426121 70
0.425788 69
0.425659 67
0.425404 66
0.425281 66
0.424929 66
0.424441 66
0.424303 66
0.42385 65
0.423449 64
0.423316 64
0.423316 63
0.42299 62
0.422604 62
0.422173 60
0.422057 60
0.421572 60
0.421096 60
0.420975 60
0.420355 58
0.41953 58
0.419273 58
0.418833 56
0.418368 55
0.417715 55
0.417366 55
0.416866 55
0.416373 55
0.415623 55
0.415052 55
0.41481 55
0.414668 55
0.413917 55
0.413582 55
0.412723 54
0.41231 54
0.411342 54
0.410677 54
0.410343 52
0.410067 52
0.409336 51
0.40899 50
0.407975 49
0.407229 49
0.406592 49
0.405321 49
0.404202 49
0.403472 48
0.402135 47
0.401118 47
0.399778 46
0.398835 45
0.397203 44
0.396209 44
0.395229 44
0.394358 44
0.392852 42
0.39184 40
0.390766 40
0.389791 40
0.388683 39
0.387886 38
0.387145 38
0.386523 38
0.385575 38
0.383906 38
0.383266 37
0.382436 36
0.381004 36
0.379826 35
0.37868 35
0.378034 34
0.376667 33
0.375215 32
0.37409 32
0.37344 32
0.372092 31
0.370578 31
0.369434 30
0.367669 29
0.366801 28
0.364983 28
0.363336 27
0.361635 27
0.359877 27
0.358619 26
0.356861 25
0.355328 22
0.35429 21
0.352723 21
0.351452 20
0.34915 20
0.348259 20
0.346727 20
0.344719 20
0.343209 18
0.341015 18
0.339132 18
0.337348 17
0.334667 17
0.332971 17
0.331727 17
0.32974 16
0.32734 14
0.324229 14
0.321995 12
0.319616 12
0.31785 12
0.314346 12
0.312824 12
0.310217 12
0.30826 11
0.306368 11
0.303835 11
0.300944 11
0.299308 11
0.297033 11
0.293853 11
0.291969 10
0.289438 9
0.287162 9
0.285161 9
0.283698 9
0.281196 9
0.278692 8
0.27729 8
0.274564 8
0.271809 8
0.269782 8
0.2677 8
0.266173 8
0.264779 8
0.261932 8
0.2593 8
0.257032 8
0.254697 8
0.25191 8
0.249358 8
0.247587 7
0.244721 6
0.242825 6
0.239361 5
0.237097 4
0.233879 4
0.231583 4
0.229694 4
0.227352 4
0.225343 4
0.221707 4
0.219041 4
0.215661 4
0.213306 4
0.210325 4
0.205481 4
0.203028 3
0.200965 3
0.198001 3
0.195249 2
0.193322 2
0.190652 2
0.188996 2
0.186077 2
0.183536 2
0.180748 2
0.178183 2
0.175357 2
0.172813 2
0.170124 2
0.168136 2
0.166298 2
0.164458 2
0.161701 2
0.15978 2
0.157753 2
0.155634 1
0.152911 1
0.150605 1
0.148945 1
0.147367 0
0.144824 0
0.1423 0
0.140597 0
0.13754 0
0.134782 0
0.132883 0
0.131195 0
0.129191 0
0.127116 0
0.124653 0
0.121828 0
0.118755 0
0.116477 0
0.113975 0
0.112108 0
0.110572 0
0.108437 0
0.106367 0
0.103273 0
0.101705 0
0.100256 0
0.0991269 0
0.0975524 0
0.0962339 0
0.0945889 0
0.0927052 0
0.0909135 0
0.0887394 0
0.0877179 0
0.0867184 0
0.0858404 0
0.0841995 0
0.0826716 0
0.0815103 0
0.0791725 0
0.0770176 0
0.0751204 0
0.074366 0
0.07308 0
0.0711345 0
0.0679999 0
0.0669706 0
0.0657714 0
0.0642445 0
0.0629442 0
0.0616646 0
0.0600002 0
0.0585872 0
0.057446 0
0.0559176 0
0.054089 0
0.0531814 0
0.0517614 0
0.0502172 0
0.048909 0
0.0476234 0
0.0466141 0
0.045988 0
0.0448435 0
0.0440655 0
0.0426641 0
0.0413568 0
0.0399457 0
0.0382906 0
0.0374972 0
0.0361873 0
0.0350509 0
0.0343906 0
0.0337701 0
0.0332551 0
0.0324689 0
0.0311407 0
0.030258 0
0.0296002 0
0.0278979 0
0.0271327 0
0.0258884 0
0.0252558 0
0.0242026 0
0.0231565 0
0.0225124 0
0.022002 0
0.0217556 0
0.0215066 0
0.0208896 0
0.0201236 0
0.0199938 0
0.0190945 0
0.0188335 0
0.0184376 0
0.0176512 0
0.0170148 0
0.0162379 0
0.0155683 0
0.0147733 0
0.0141309 0
0.0137168 0
0.0130915 0
0.0123415 0
0.0120783 0
0.0116846 0
0.0109115 0
0.0106497 0
0.010133 0
0.00985342 0
0.00958965 0
0.00945608 0
0.00919724 0
0.00855042 0
0.00790836 0
0.00724782 0
0.00712157 0
0.00700598 0
0.00675086 0
0.00661507 0
0.00647368 0
0.00619818 0
0.00594671 0
0.0056802 0
0.00540475 0
0.00502251 0
0.0048947 0
0.00477336 0
0.00465088 0
0.00390092 0
0.00377076 0
0.00311989 0
0.00299008 0
0.00273865 0
0.00260415 0
0.00247857 0
0.00222319 0
0.0020894 0
0.00184077 0
0.00170786 0
0.00158167 0
0.0013171 0
0.00118504 0
0.00092636 0
0.000787969 0
0.000658487 0
0.000521702 0
0.000402937 0
0.000264001 0
0.000127951 0
0 0
